Date,Open,High,Low,Close,Volume,Dividends,Splits,AdjOpen,AdjHigh,AdjLow,AdjClose,sma20,sma50,sma100,sma200,ema12,ema26,macd,macd_signal,macd_hist,rsi14,bb_mid,bb_up,bb_low,bb_pctb,atr14,atr_pct,ret_1d,ret_1w,ret_1m,ret_3m,ret_6m,ret_12m,vol_21,drawdown,dist_52w_high,dist_52w_low,vol_sma20,turnover_sar,rs_bench_3m
2015-01-02,55.830002,56.470001,54.400002,55.709999,265700,0.000000,0.000000,55.830002,56.470001,54.400002,55.709999,,,,,,,,,,50.000000,,,,,,,,,,,,,,0.000000,,,,14802146.734300,
2015-01-05,55.400002,55.400002,53.009998,53.349998,217100,0.000000,0.000000,55.400002,55.400002,53.009998,53.349998,,,,,,,,,,50.000000,,,,,,,-0.042362,,,,,,,-0.042362,,,,11582284.565800,
2015-01-06,53.299999,53.430000,50.240002,51.200001,254500,0.000000,0.000000,53.299999,53.430000,50.240002,51.200001,,,,,,,,,,50.000000,,,,,,,-0.040300,,,,,,,-0.080955,,,,13030400.254500,
2015-01-07,51.660000,51.880001,50.540001,51.180000,180200,0.000000,0.000000,51.660000,51.880001,50.540001,51.180000,,,,,,,,,,50.000000,,,,,,,-0.000391,,,,,,,-0.081314,,,,9222636.000000,
2015-01-08,51.680000,52.830002,51.490002,52.369999,326500,0.000000,0.000000,51.680000,52.830002,51.490002,52.369999,,,,,,,,,,50.000000,,,,,,,0.023251,,,,,,,-0.059953,,,,17098804.673500,
2015-01-09,52.450001,52.720001,51.099998,51.209999,233700,0.000000,0.000000,52.450001,52.720001,51.099998,51.209999,,,,,,,,,,50.000000,,,,,,,-0.022150,-0.080775,,,,,,-0.080775,,,,11967776.766300,
2015-01-12,51.090000,51.950001,50.630001,51.029999,210300,0.000000,0.000000,51.090000,51.950001,50.630001,51.029999,,,,,,,,,,50.000000,,,,,,,-0.003515,-0.043486,,,,,,-0.084006,,,,10731608.789700,
2015-01-13,51.500000,52.529999,50.880001,51.430000,234500,0.000000,0.000000,51.500000,52.529999,50.880001,51.430000,,,,,,,,,,50.000000,,,,,,,0.007839,0.004492,,,,,,-0.076826,,,,12060335.000000,
2015-01-14,50.919998,51.230000,49.290001,49.500000,246700,0.000000,0.000000,50.919998,51.230000,49.290001,49.500000,,,,,,,,,,50.000000,,,,,,,-0.037527,-0.032825,,,,,,-0.111470,,,,12211650.000000,
2015-01-15,49.520000,49.860001,49.020000,49.279999,175200,0.000000,0.000000,49.520000,49.860001,49.020000,49.279999,,,,,,,,,,50.000000,,,,,,,-0.004444,-0.059003,,,,,,-0.115419,,,,8633855.824800,
2015-01-16,49.320000,50.040001,48.570000,49.970001,207100,0.000000,0.000000,49.320000,50.040001,48.570000,49.970001,,,,,,,,,,50.000000,,,,,,,0.014002,-0.024214,,,,,,-0.103034,,,,10348787.207100,
2015-01-20,49.669998,49.700001,47.110001,48.330002,312800,0.000000,0.000000,49.669998,49.700001,47.110001,48.330002,,,,,50.348903,,,,,50.000000,,,,,,,-0.032820,-0.052910,,,,,,-0.132472,,,,15117624.625600,
2015-01-21,47.230000,47.349998,44.130001,44.540001,812100,0.000000,0.000000,47.230000,47.349998,44.130001,44.540001,,,,,49.340257,,,,,50.000000,,,,,,,-0.078419,-0.133968,,,,,,-0.200503,,,,36170934.812100,
2015-01-22,44.650002,47.549999,44.500000,47.029999,463900,0.000000,0.000000,44.650002,47.549999,44.500000,47.029999,,,,,48.946894,,,,,50.000000,,,,,2.238061,0.047588,0.055905,-0.049899,,,,,,-0.155807,,,,21817216.536100,
2015-01-23,46.980000,47.740002,46.450001,46.610001,265000,0.000000,0.000000,46.980000,47.740002,46.450001,46.610001,,,,,48.555424,,,,,29.023870,,,,,2.137135,0.045851,-0.008930,-0.054180,,,,,,-0.163346,,,,12351650.265000,
2015-01-26,46.169998,46.790001,45.000000,45.270000,334600,0.000000,0.000000,46.169998,46.790001,45.000000,45.270000,,,,,48.012482,,,,,26.021750,,,,,2.101431,0.046420,-0.028749,-0.094056,,,,,,-0.187399,,,,15147342.000000,
2015-01-27,44.490002,45.810001,43.599998,45.049999,614500,0.000000,0.000000,44.490002,45.810001,43.599998,45.049999,,,,,47.528432,,,,,25.554399,,,,,2.112258,0.046887,-0.004860,-0.067867,,,,,,-0.191348,,,,27683224.385500,
2015-01-28,45.549999,45.990002,44.439999,44.680000,405200,0.000000,0.000000,45.549999,45.990002,44.439999,44.680000,,,,,47.067419,,,,,24.749335,,,,,2.057733,0.046055,-0.008213,0.003143,,,,,,-0.197990,,,,18104336.000000,
2015-01-29,44.680000,44.779999,43.000000,43.410000,456400,0.000000,0.000000,44.680000,44.779999,43.000000,43.410000,,,,,46.480172,,,,,22.167816,,,,,2.031471,0.046797,-0.028424,-0.076972,,,,,,-0.220786,,,,19812324.000000,
2015-01-30,43.150002,43.799999,39.560001,42.110001,929200,0.000000,0.000000,43.150002,43.799999,39.560001,42.110001,48.663000,,,,45.783165,,,,,19.881741,48.663000,55.999070,41.326930,0.053371,2.235587,0.053089,-0.029947,-0.096546,,,,,,-0.244121,,,357260.000000,39128612.929200,
2015-02-02,43.070000,43.290001,41.349998,41.869999,608600,0.000000,0.000000,43.070000,43.290001,41.349998,41.869999,47.971000,,,,45.162550,,,,,19.482290,47.971000,55.116739,40.825261,0.073102,2.208830,0.052754,-0.005699,-0.075105,,,,,,-0.248429,,,374405.000000,25482081.391400,
2015-02-03,42.200001,43.349998,42.000000,43.009998,426000,0.000000,0.000000,42.200001,43.349998,42.000000,43.009998,47.454000,,,,44.822777,,,,,26.986218,47.454000,54.455875,40.452125,0.182656,2.144091,0.049851,0.027227,-0.045283,-0.227966,,,,0.463288,-0.227966,,,384850.000000,18322259.148000,
2015-02-04,42.950001,43.330002,41.930000,42.119999,409200,0.000000,0.000000,42.950001,43.330002,41.930000,42.119999,47.000000,,,,44.397852,,,,,25.025355,47.000000,54.154997,39.845003,0.158980,2.079127,0.049362,-0.020693,-0.057296,-0.210497,,,,0.451221,-0.243942,,,392585.000000,17235503.590800,
2015-02-05,42.389999,43.860001,42.360001,43.490002,353800,0.000000,0.000000,42.389999,43.860001,42.360001,43.490002,46.615500,,,,44.255602,,,,,33.085488,46.615500,53.650185,39.580815,0.277851,2.049982,0.047137,0.032526,0.001843,-0.150586,,,,0.461639,-0.219350,,,401265.000000,15386762.707600,
2015-02-06,43.720001,44.799999,43.169998,44.720001,410600,0.000000,0.000000,43.720001,44.799999,43.169998,44.720001,46.233000,,,,44.328162,,,,,39.385905,46.233000,52.764137,39.701863,0.384170,2.014404,0.045045,0.028282,0.061981,-0.126221,,,,0.477487,-0.197272,,,405470.000000,18362032.410600,
2015-02-09,44.500000,44.639999,43.770000,44.119999,377500,0.000000,0.000000,44.500000,44.639999,43.770000,44.119999,45.878500,,,,44.295715,45.538326,-1.242611,,,37.529575,45.878500,52.030875,39.726125,0.357088,1.925418,0.043640,-0.013417,0.053738,-0.157533,,,,0.465969,-0.208042,,,412660.000000,16655299.622500,
2015-02-10,44.500000,45.320000,43.630001,44.570000,229600,0.000000,0.000000,44.500000,45.320000,43.630001,44.570000,45.555500,,,,44.338382,45.456334,-1.117952,,,39.820488,45.555500,51.228767,39.882233,0.413145,1.905973,0.042764,0.010199,0.036271,-0.129662,,,,0.466817,-0.199964,,,413625.000000,10233272.000000,
2015-02-11,44.299999,44.950001,43.900002,44.310001,264200,0.000000,0.000000,44.299999,44.950001,43.900002,44.310001,45.199500,,,,44.333975,45.360287,-1.026312,,,38.932135,45.199500,50.170789,40.228212,0.410536,1.836054,0.041437,-0.005833,0.051994,-0.131687,,,,0.466720,-0.204631,,,415110.000000,11706702.264200,
2015-02-12,44.500000,44.919998,43.889999,44.610001,331200,0.000000,0.000000,44.500000,44.919998,43.889999,44.610001,44.955000,,,,44.376777,45.298028,-0.921251,,,40.579350,44.955000,49.498306,40.411695,0.462032,1.770880,0.039697,0.006770,0.025753,-0.132607,,,,0.466327,-0.199246,,,419335.000000,14774832.331200,
2015-02-13,44.610001,45.849998,44.459999,45.590000,432600,0.000000,0.000000,44.610001,45.849998,44.459999,45.590000,44.770500,,,,44.564678,45.322042,-0.757364,,,45.729182,44.770500,48.850349,40.690652,0.600433,1.740371,0.038174,0.021968,0.019454,-0.078990,,,,0.461708,-0.181655,,,432205.000000,19722234.000000,
2015-02-17,45.680000,45.810001,45.060001,45.400002,260900,0.000000,0.000000,45.680000,45.810001,45.060001,45.400002,44.542000,,,,44.693918,45.328402,-0.634484,,,44.916410,44.542000,47.830953,41.253048,0.630437,1.661725,0.036602,-0.004168,0.029012,-0.078734,,,,0.461701,-0.185065,,,434895.000000,11844860.521800,
2015-02-18,45.439999,45.709999,45.080002,45.580002,262400,0.000000,0.000000,45.439999,45.709999,45.080002,45.580002,44.404500,,,,44.830892,45.348775,-0.517883,,,45.897482,44.404500,47.222940,41.586061,0.708538,1.580443,0.034674,0.003965,0.022661,-0.087853,,,,0.458206,-0.181834,,,432375.000000,11960192.524800,
2015-02-19,45.639999,46.900002,45.599998,46.110001,254900,0.000000,0.000000,45.639999,46.900002,45.599998,46.110001,44.483000,,,,45.028475,45.409991,-0.381516,,,48.789651,44.483000,47.402958,41.563042,0.778600,1.560074,0.033834,0.011628,0.040623,-0.045934,,,,0.448714,-0.172321,,,404515.000000,11753439.254900,
2015-02-20,46.169998,46.230000,45.599998,46.139999,210500,0.000000,0.000000,46.169998,46.230000,45.599998,46.139999,44.438500,,,,45.200064,45.468327,-0.268263,-0.589949,0.321686,48.955974,44.438500,47.218810,41.658191,0.805991,1.487825,0.032246,0.000651,0.034297,0.035923,,,,0.351856,-0.171782,,,391845.000000,9712469.789500,
2015-02-23,46.180000,46.790001,45.480000,46.680000,210400,0.000000,0.000000,46.180000,46.790001,45.480000,46.680000,44.442000,,,,45.428407,45.564592,-0.136185,-0.488280,0.352095,51.979468,44.442000,47.233971,41.650029,0.900792,1.474098,0.031579,0.011704,0.023909,-0.007442,,,,0.295142,-0.162089,,,389115.000000,9821472.000000,
2015-02-24,46.590000,47.250000,45.980000,46.700001,247100,0.000000,0.000000,46.590000,47.250000,45.980000,46.700001,44.513500,,,,45.624516,45.654315,-0.029799,-0.387967,0.358168,52.092658,44.513500,47.463522,41.563479,0.870591,1.458432,0.031230,0.000428,0.028634,0.001931,,,,0.293425,-0.161730,,,384740.000000,11539570.247100,
2015-02-25,46.880001,47.000000,46.250000,46.660000,271100,0.000000,0.000000,46.880001,47.000000,46.250000,46.660000,44.594000,,,,45.784151,45.733396,0.050756,-0.293748,0.344503,51.829533,44.594000,47.689923,41.498078,0.833665,1.404344,0.030097,-0.000857,0.023695,0.030705,,,,0.273949,-0.162448,,,367570.000000,12649526.000000,
2015-02-26,46.779999,46.889999,46.330002,46.810001,236200,0.000000,0.000000,46.779999,46.889999,46.330002,46.810001,44.700500,,,,45.942251,45.817669,0.124582,-0.205214,0.329797,52.792486,44.700500,47.951538,41.449463,0.824435,1.340195,0.028631,0.003215,0.015181,0.039068,,,,0.272982,-0.159756,,,359120.000000,11056522.236200,
2015-02-27,46.669998,46.820000,45.900002,46.029999,294100,0.000000,0.000000,46.669998,46.820000,45.900002,46.029999,44.831500,,,,45.955771,45.834220,0.121551,-0.136855,0.258406,47.477544,44.831500,48.074724,41.588277,0.684770,1.308415,0.028425,-0.016663,-0.002384,0.030215,,,,0.278467,-0.173757,,,351005.000000,13537422.705900,
2015-03-02,46.169998,46.490002,45.340000,45.799999,236700,0.000000,0.000000,46.169998,46.490002,45.340000,45.799999,45.016000,,,,45.931776,45.831563,0.100213,-0.087712,0.187925,46.006707,45.016000,48.018227,42.013773,0.630570,1.296484,0.028308,-0.004997,-0.018852,0.055056,,,,0.257731,-0.177885,,,316380.000000,10840859.763300,
2015-03-03,45.599998,45.599998,43.849998,44.369999,191100,0.000000,0.000000,45.599998,45.599998,43.849998,44.369999,45.141000,,,,45.691247,45.718479,-0.027231,-0.075266,0.048034,38.103039,45.141000,47.777625,42.504376,0.353790,1.345513,0.030325,-0.031223,-0.049893,0.053669,,,,0.259796,-0.203554,,,295505.000000,8479106.808900,
2015-03-04,44.290001,44.400002,43.610001,43.930000,261800,0.000000,0.000000,44.290001,44.400002,43.610001,43.930000,45.187000,,,,45.420043,45.580556,-0.160513,-0.092708,-0.067805,36.050824,45.187000,47.696101,42.677900,0.249512,1.303986,0.029683,-0.009917,-0.058508,0.049200,,,,0.261899,-0.211452,,,287295.000000,11500874.000000,
2015-03-05,44.139999,45.169998,43.549999,44.799999,166800,0.000000,0.000000,44.139999,45.169998,43.549999,44.799999,45.321000,,,,45.324579,45.520544,-0.195965,-0.113738,-0.082227,42.630387,45.321000,47.387687,43.254313,0.373953,1.327531,0.029632,0.019804,-0.042940,0.041618,,,,0.254189,-0.195836,,,275175.000000,7472639.833200,
2015-03-06,44.700001,45.090000,44.240002,44.650002,190300,0.000000,0.000000,44.700001,45.090000,44.240002,44.650002,45.379000,,,,45.220731,45.453801,-0.233070,-0.137954,-0.095116,41.831268,45.379000,47.288455,43.469546,0.309108,1.292061,0.028938,-0.003348,-0.029980,0.060067,,,,0.241402,-0.198528,,,267000.000000,8496895.380600,
2015-03-09,44.900002,45.049999,44.389999,44.700001,182900,0.000000,0.000000,44.900002,45.049999,44.389999,44.700001,45.378000,,,,45.140575,45.396158,-0.255583,-0.161754,-0.093829,42.220074,45.378000,47.288929,43.467072,0.322599,1.245246,0.027858,0.001120,-0.024017,0.027822,,,,0.216002,-0.197631,,,255615.000000,8175630.182900,
2015-03-10,44.349998,44.790001,43.900002,44.389999,263000,0.000000,0.000000,44.349998,44.790001,43.900002,44.389999,45.391500,,,,45.025049,45.319402,-0.294353,-0.188520,-0.105832,40.416278,45.391500,47.268522,43.514478,0.233221,1.219004,0.027461,-0.006935,0.000451,-0.007379,,,,0.194110,-0.203195,,,249890.000000,11674569.737000,
2015-03-11,44.610001,45.090000,44.020000,44.299999,308400,0.000000,0.000000,44.610001,45.090000,44.020000,44.299999,45.378000,,,,44.913459,45.241806,-0.328347,-0.216694,-0.111653,39.883526,45.378000,47.283567,43.472434,0.217144,1.208023,0.027269,-0.002027,0.008422,0.004080,,,,0.188322,-0.204811,,,253830.000000,13662119.691600,
2015-03-12,44.500000,44.720001,43.590000,44.160000,366400,0.000000,0.000000,44.500000,44.720001,43.590000,44.160000,45.370500,,,,44.797504,45.159629,-0.362124,-0.245952,-0.116172,39.021852,45.370500,47.294854,43.446147,0.185479,1.202287,0.027226,-0.003160,-0.014286,-0.009199,,,,0.185098,-0.207324,,,258940.000000,16180224.000000,
2015-03-13,44.279999,45.049999,43.720001,44.970001,245500,0.000000,0.000000,44.279999,45.049999,43.720001,44.970001,45.388500,,,,44.824050,45.145251,-0.321201,-0.261074,-0.060128,46.256553,45.388500,47.289495,43.487505,0.389926,1.211657,0.026944,0.018342,0.007167,0.014895,,,,0.194806,-0.192784,,,254655.000000,11040135.245500,
2015-03-16,45.380001,45.580002,44.849998,45.450001,177500,0.000000,0.000000,45.380001,45.580002,44.849998,45.450001,45.381500,46.386000,,,44.920373,45.168317,-0.247944,-0.258438,0.010493,50.039364,45.381500,47.280401,43.482600,0.518037,1.176386,0.025883,0.010674,0.016779,0.018830,,,,0.196779,-0.184168,,,241900.000000,8067375.177500,
2015-03-17,45.470001,45.799999,44.639999,45.520000,220500,0.000000,0.000000,45.470001,45.799999,44.639999,45.520000,45.387500,46.182200,,,45.012641,45.194892,-0.182251,-0.243154,0.060903,50.585597,45.387500,47.287405,43.487595,0.534870,1.175188,0.025817,0.001540,0.025456,-0.001535,,,,0.181428,-0.182911,,,239880.000000,10037160.000000,
2015-03-18,45.590000,46.000000,44.400002,44.970001,265800,0.000000,0.000000,45.590000,46.000000,44.400002,44.970001,45.357000,46.014600,,,45.006080,45.177923,-0.171843,-0.228857,0.057014,46.302037,45.357000,47.263467,43.450533,0.398504,1.206189,0.026822,-0.012083,0.015124,-0.009471,,,,0.185733,-0.192784,,,240050.000000,11953026.265800,
2015-03-19,45.009998,45.330002,44.570000,45.130001,181500,0.000000,0.000000,45.009998,45.330002,44.570000,45.130001,45.308000,45.893200,,,45.025148,45.174312,-0.149165,-0.212888,0.063723,47.689774,45.308000,47.183096,43.432904,0.452536,1.173678,0.026007,0.003558,0.021966,-0.009873,,,,0.185618,-0.189912,,,236380.000000,8191095.181500,
2015-03-20,45.209999,46.259998,45.009998,45.880001,402000,0.000000,0.000000,45.209999,46.259998,45.009998,45.880001,45.295000,45.787200,,,45.156679,45.227418,-0.070738,-0.184414,0.113676,53.726579,45.295000,47.149299,43.440702,0.657742,1.179231,0.025703,0.016619,0.020236,-0.004988,,,,0.190438,-0.176449,,,245955.000000,18443760.402000,
2015-03-23,45.880001,46.299999,45.660000,45.910000,117700,0.000000,0.000000,45.880001,46.299999,45.660000,45.910000,45.256500,45.658000,,,45.272587,45.278724,-0.006137,-0.148715,0.142577,53.955470,45.256500,47.019444,43.493556,0.685343,1.140050,0.024832,0.000654,0.010121,-0.004985,,,,0.190438,-0.175911,,,241320.000000,5403607.000000,
2015-03-24,45.740002,45.900002,44.410000,44.509998,197500,0.000000,0.000000,45.740002,45.900002,44.410000,44.509998,45.147000,45.524000,,,45.155255,45.221006,-0.065751,-0.132105,0.066355,43.212723,45.147000,46.801126,43.492874,0.307451,1.166172,0.026200,-0.030494,-0.022188,-0.046487,,,,0.212155,-0.201041,,,238840.000000,8790724.605000,
2015-03-25,44.590000,44.590000,43.200001,43.470001,224700,0.000000,0.000000,44.590000,44.590000,43.200001,43.470001,44.987500,45.372800,,,44.895966,45.089668,-0.193701,-0.144434,-0.049267,37.275404,44.987500,46.642539,43.332461,0.041552,1.182397,0.027200,-0.023365,-0.033356,-0.069165,,,,0.224143,-0.219709,,,236520.000000,9767709.224700,
2015-03-26,44.330002,45.070000,43.639999,44.400002,287400,0.000000,0.000000,44.330002,45.070000,43.639999,44.400002,44.867000,45.232200,,,44.819659,45.037986,-0.218327,-0.159222,-0.059105,44.605079,44.867000,46.299276,43.434724,0.336973,1.212637,0.027312,0.021394,-0.016175,-0.048435,,,,0.239912,-0.203016,,,239080.000000,12760560.574800,
2015-03-27,44.560001,44.709999,43.770000,43.980000,145800,0.000000,0.000000,44.560001,44.709999,43.770000,43.980000,44.764500,45.121800,,,44.690474,44.958772,-0.268298,-0.181048,-0.087249,42.206370,44.764500,46.138568,43.390432,0.214534,1.192914,0.027124,-0.009460,-0.041412,-0.060457,,,,0.240290,-0.210555,,,231665.000000,6412284.000000,
2015-03-30,44.349998,44.540001,43.799999,44.020000,135100,0.000000,0.000000,44.349998,44.540001,43.799999,44.020000,44.675500,45.016600,,,44.587320,44.888540,-0.301220,-0.205092,-0.096127,42.523384,44.675500,45.996736,43.354265,0.251937,1.160179,0.026356,0.000910,-0.041168,-0.043667,,,,0.235225,-0.209837,-0.209837,0.051349,226585.000000,5947102.000000,
2015-03-31,43.889999,44.480000,43.200001,44.299999,322500,0.000000,0.000000,43.889999,44.480000,43.200001,44.299999,44.672000,44.903200,,,44.543115,44.844542,-0.301427,-0.224366,-0.077061,44.805686,44.672000,45.997009,43.346992,0.359623,1.168832,0.026384,0.006361,-0.004718,-0.032751,,,,0.236699,-0.204811,-0.204811,0.058037,233155.000000,14286749.677500,
2015-04-01,44.320000,44.549999,43.610001,43.759998,244200,0.000000,0.000000,44.320000,44.549999,43.610001,43.759998,44.663500,44.811800,,,44.422632,44.763519,-0.340888,-0.247676,-0.093212,41.392018,44.663500,46.010549,43.316452,0.164636,1.152320,0.026333,-0.012190,0.006671,-0.013748,,,,0.214725,-0.214504,-0.214504,0.045140,232275.000000,10686191.511600,
2015-04-02,43.500000,43.500000,40.869999,41.070000,628900,0.000000,0.000000,43.500000,43.500000,40.869999,41.070000,44.477000,44.742400,,,43.906828,44.487763,-0.580935,-0.314342,-0.266593,29.382628,44.477000,46.570500,42.383500,-0.313709,1.277616,0.031108,-0.061472,-0.075000,-0.065104,,,,0.300238,-0.262789,-0.262789,0.000000,255380.000000,25828923.000000,
2015-04-06,40.950001,41.110001,39.830002,40.070000,394800,0.000000,0.000000,40.950001,41.110001,39.830002,40.070000,44.248000,44.603200,,,43.316534,44.158129,-0.841595,-0.419810,-0.421785,26.324869,44.248000,47.119308,41.376693,-0.227543,1.277787,0.031889,-0.024349,-0.088904,-0.105580,-0.280740,,,0.296873,-0.280740,-0.280740,0.000000,265605.000000,15819636.000000,-0.321044
2015-04-07,40.180000,40.520000,39.869999,39.900002,343500,0.000000,0.000000,40.180000,40.520000,39.869999,39.900002,44.008000,44.469000,,,42.790903,43.840578,-1.049674,-0.545800,-0.503875,25.832704,44.008000,47.463270,40.552731,-0.094454,1.232580,0.030892,-0.004243,-0.093594,-0.106383,-0.252109,,,0.296822,-0.283791,-0.283791,0.000000,273635.000000,13705650.687000,-0.307489
2015-04-08,39.840000,40.000000,39.340000,39.680000,530700,0.000000,0.000000,39.840000,40.000000,39.340000,39.680000,43.772500,44.357200,,,42.312295,43.530457,-1.218162,-0.680286,-0.537875,25.176693,43.772500,47.724480,39.820521,-0.017779,1.191372,0.030024,-0.005514,-0.104289,-0.112304,-0.225000,,,0.295938,-0.287740,-0.287740,0.000000,287020.000000,21058176.000000,-0.302966
2015-04-09,39.720001,40.270000,39.680000,40.230000,297400,0.000000,0.000000,39.720001,40.270000,39.680000,40.230000,43.569000,44.260800,,,41.991937,43.284561,-1.292624,-0.802764,-0.489860,29.964948,43.569000,47.814840,39.323161,0.106792,1.148115,0.028539,0.013861,-0.080667,-0.093715,-0.213951,,,0.303332,-0.277868,-0.277868,0.013861,286470.000000,11964402.000000,-0.283640
2015-04-10,40.500000,41.959999,40.209999,41.950001,268400,0.000000,0.000000,40.500000,41.959999,40.209999,41.950001,43.458500,44.206200,,,41.985486,43.185175,-1.199689,-0.882155,-0.317535,42.382724,43.458500,47.754316,39.162685,0.324422,1.191387,0.028400,0.042754,0.021427,-0.053047,-0.198969,,,0.344764,-0.246993,-0.246993,0.057208,281570.000000,11259380.268400,-0.253821
2015-04-13,41.840000,42.490002,41.500000,42.060001,366200,0.000000,0.000000,41.840000,42.490002,41.500000,42.060001,43.313000,44.179200,,,41.996950,43.101415,-1.104465,-0.926619,-0.177846,43.077842,43.313000,47.590344,39.035657,0.353531,1.176915,0.027982,0.002622,0.049663,-0.047554,-0.178676,,,0.345178,-0.245019,-0.245019,0.059980,287605.000000,15402372.366200,-0.239088
2015-04-14,41.349998,41.660000,41.020000,41.490002,235100,0.000000,0.000000,41.349998,41.660000,41.020000,41.490002,43.115000,44.166800,,,41.918957,42.981502,-1.062545,-0.953806,-0.108740,40.360594,43.115000,47.342153,38.887848,0.307790,1.167081,0.028129,-0.013552,0.039850,-0.077385,-0.186949,,,0.339018,-0.255250,-0.255250,0.045615,290485.000000,9754299.470200,-0.253958
2015-04-15,41.750000,42.439999,41.330002,42.189999,258900,0.000000,0.000000,41.750000,42.439999,41.330002,42.189999,42.948500,44.173200,,,41.960656,42.922623,-0.961967,-0.955438,-0.006529,44.952761,42.948500,47.036842,38.860159,0.407236,1.162982,0.027565,0.016871,0.063256,-0.071727,-0.179662,,,0.342964,-0.242685,-0.242685,0.063256,292405.000000,10922990.741100,-0.254642
2015-04-16,42.259998,42.660000,42.119999,42.299999,351300,0.000000,0.000000,42.259998,42.660000,42.119999,42.299999,42.815000,44.159000,,,42.012863,42.876321,-0.863458,-0.937041,0.073583,45.660834,42.815000,46.798431,38.831569,0.435357,1.118268,0.026437,0.002607,0.051454,-0.070738,-0.145455,,,0.343174,-0.240711,-0.240711,0.066028,296680.000000,14859989.648700,-0.224878
2015-04-17,41.959999,42.209999,41.480000,42.040001,198000,0.000000,0.000000,41.959999,42.209999,41.480000,42.040001,42.660500,44.157400,,,42.017038,42.814146,-0.797108,-0.909054,0.111946,44.213206,42.660500,46.503078,38.817922,0.419260,1.096867,0.026091,-0.006147,0.002145,-0.065155,-0.146916,,,0.341866,-0.245378,-0.245378,0.059476,297505.000000,8323920.198000,-0.225893
2015-04-20,42.360001,43.509998,42.360001,43.110001,269400,0.000000,0.000000,42.360001,43.509998,42.360001,43.110001,42.522000,44.149800,,,42.185187,42.836135,-0.650948,-0.857432,0.206484,51.086159,42.522000,46.063897,38.980104,0.583006,1.123631,0.026064,0.025452,0.024964,-0.044760,-0.137282,,,0.355290,-0.226171,-0.226171,0.086442,290875.000000,11613834.269400,-0.215010
2015-04-21,43.200001,43.320000,42.919998,43.099998,279800,0.000000,0.000000,43.200001,43.320000,42.919998,43.099998,42.381500,44.117400,,,42.325928,42.855741,-0.529814,-0.791907,0.262094,51.022873,42.381500,45.562021,39.200979,0.612953,1.071743,0.024866,-0.000232,0.038804,-0.060593,-0.108214,,,0.348940,-0.226351,-0.226351,0.086189,298980.000000,12059379.440400,-0.185392
2015-04-22,43.099998,43.099998,42.820000,42.939999,259000,0.000000,0.000000,43.099998,43.099998,42.820000,42.939999,42.303000,44.093800,,,42.420400,42.862001,-0.441600,-0.721845,0.280245,49.956838,42.303000,45.336421,39.269579,0.604997,1.014986,0.023637,-0.003712,0.017777,-0.064692,-0.035923,,,0.348733,-0.229223,-0.229223,0.082157,302055.000000,11121459.741000,-0.114714
2015-04-23,42.740002,43.340000,42.330002,43.090000,204900,0.000000,0.000000,42.740002,43.340000,42.330002,43.090000,42.284000,44.064200,,,42.523416,42.878935,-0.355519,-0.648579,0.293060,50.990663,42.284000,45.291292,39.276709,0.634008,1.014629,0.023547,0.003493,0.018676,-0.031903,-0.083776,,,0.334489,-0.226530,-0.226530,0.085938,301065.000000,8829141.000000,-0.148120
2015-04-24,43.049999,43.060001,42.630001,42.990002,319300,0.000000,0.000000,43.049999,43.060001,42.630001,42.990002,42.213500,44.037800,,,42.595199,42.887182,-0.291984,-0.577260,0.285276,50.245449,42.213500,45.074476,39.352524,0.635706,0.974890,0.022677,-0.002321,0.022598,-0.011042,-0.077666,,,0.324824,-0.228325,-0.228325,0.083417,302660.000000,13726707.638600,-0.147907
2015-04-27,42.950001,43.119999,42.060001,42.500000,432300,0.000000,0.000000,42.950001,43.119999,42.060001,42.500000,42.139500,43.995600,,,42.580553,42.858436,-0.277884,-0.517384,0.239500,46.647849,42.139500,44.882210,39.396790,0.565720,0.980986,0.023082,-0.011398,-0.014150,-0.042793,-0.061188,,,0.316963,-0.237121,-0.237121,0.071069,316985.000000,18372750.000000,-0.121646
2015-04-28,42.680000,43.459999,42.270000,43.070000,408600,0.000000,0.000000,42.680000,43.459999,42.270000,43.070000,42.092000,43.945200,,,42.655852,42.874141,-0.218289,-0.457565,0.239276,51.039462,42.092000,44.728429,39.455571,0.685478,0.995956,0.023124,0.013412,-0.000696,-0.020691,-0.043951,,,0.319967,-0.226889,-0.226889,0.085433,330660.000000,17598402.000000,-0.123823
2015-04-29,41.000000,42.369999,37.009998,40.970001,1760200,0.000000,0.000000,41.000000,42.369999,37.009998,40.970001,41.925500,43.856600,,,42.396490,42.732816,-0.336326,-0.433317,0.096991,38.474220,41.925500,44.389783,39.461217,0.306130,1.358570,0.033160,-0.048758,-0.045878,-0.069287,-0.083035,,,0.360336,-0.264584,-0.264584,0.032510,402545.000000,72115395.760200,-0.166185
2015-04-30,40.619999,41.509998,40.169998,40.750000,678000,0.000000,0.000000,40.619999,41.509998,40.169998,40.750000,41.775000,43.760000,,,42.143184,42.585674,-0.442490,-0.435151,-0.007338,37.434475,41.775000,44.132907,39.417094,0.282646,1.357240,0.033307,-0.005370,-0.054305,-0.080135,-0.061276,,,0.358717,-0.268533,-0.268533,0.026966,424235.000000,27628500.000000,-0.116366
2015-05-01,40.860001,41.450001,40.610001,41.080002,238700,0.000000,0.000000,40.860001,41.450001,40.610001,41.080002,41.775500,43.659400,,,41.979617,42.473955,-0.494337,-0.446989,-0.047349,40.051523,41.775500,44.132782,39.418219,0.352479,1.320216,0.032138,0.008098,-0.044429,-0.061243,-0.024460,,,0.359567,-0.262610,-0.262610,0.035282,404725.000000,9805796.477400,-0.104315
2015-05-04,41.000000,42.139999,40.889999,41.000000,274800,0.000000,0.000000,41.000000,42.139999,40.889999,41.000000,41.822000,43.556600,,,41.828907,42.364602,-0.535696,-0.464730,-0.070966,39.618862,41.822000,44.071871,39.572130,0.317323,1.315190,0.032078,-0.001947,-0.035294,-0.001704,-0.020779,,,0.289367,-0.264046,-0.264046,0.033266,398725.000000,11266800.000000,-0.093531
2015-05-05,41.000000,41.230000,40.759998,40.990002,297600,0.000000,0.000000,41.000000,41.230000,40.759998,40.990002,41.876500,43.442800,,,41.699844,42.262633,-0.562789,-0.484342,-0.078447,39.561345,41.876500,43.978271,39.774730,0.289107,1.254708,0.030610,-0.000244,-0.048293,0.022960,-0.046966,,,0.275442,-0.264225,-0.264225,0.033014,396430.000000,12198624.595200,-0.091721
2015-05-06,41.200001,41.389999,40.759998,41.119999,215300,0.000000,0.000000,41.200001,41.389999,40.759998,41.119999,41.948500,43.331200,,,41.610637,42.177880,-0.567243,-0.500922,-0.066321,40.765478,41.948500,43.819433,40.077568,0.278586,1.210010,0.029426,0.003171,0.003661,0.030576,-0.023742,,,0.274784,-0.261892,-0.261892,0.036290,380660.000000,8853135.784700,-0.066768
2015-05-07,41.000000,41.799999,41.000000,41.639999,302000,0.000000,0.000000,41.000000,41.799999,41.000000,41.639999,42.019000,43.230800,,,41.615155,42.137988,-0.522834,-0.505304,-0.017529,45.447455,42.019000,43.715397,40.322604,0.388292,1.180677,0.028354,0.012646,0.021840,0.049395,-0.042539,,,0.276076,-0.252558,-0.252558,0.049395,380890.000000,12575279.698000,-0.080406
2015-05-08,42.020000,42.270000,41.720001,42.000000,377300,0.000000,0.000000,42.020000,42.270000,41.720001,42.000000,42.021500,43.134600,,,41.674362,42.127755,-0.453393,-0.494922,0.041529,48.483351,42.021500,43.717616,40.325384,0.493662,1.141285,0.027173,0.008646,0.022395,0.043997,-0.060823,,,0.273941,-0.246096,-0.246096,0.058468,386335.000000,15846600.000000,-0.115445
2015-05-11,41.880001,42.090000,41.610001,41.750000,290800,0.000000,0.000000,41.880001,42.090000,41.610001,41.750000,42.006000,43.049000,,,41.685998,42.099743,-0.413745,-0.478687,0.064942,46.546142,42.006000,43.706296,40.305705,0.424719,1.093986,0.026203,-0.005952,0.018293,-0.004768,-0.053717,,,0.231795,-0.250583,-0.250583,0.052167,382565.000000,12140900.000000,-0.110331
2015-05-12,41.700001,42.459999,40.820000,41.610001,375700,0.000000,0.000000,41.700001,42.459999,40.820000,41.610001,42.012000,42.965200,,,41.674306,42.063431,-0.389124,-0.460774,0.071650,45.450934,42.012000,43.705462,40.318538,0.381308,1.133036,0.027230,-0.003353,0.015126,-0.010699,-0.066412,,,0.231827,-0.253096,-0.253096,0.048639,389595.000000,15632877.375700,-0.105795
2015-05-13,41.580002,41.820000,41.200001,41.720001,401600,0.000000,0.000000,41.580002,41.820000,41.200001,41.720001,41.988500,42.912200,,,41.681336,42.037968,-0.356632,-0.439946,0.083314,46.515790,41.988500,43.684604,40.292397,0.420848,1.096348,0.026279,0.002644,0.014591,0.005543,-0.058452,,,0.226996,-0.251122,-0.251122,0.051411,396730.000000,16754752.401600,-0.096049
2015-05-14,41.889999,41.889999,41.340000,41.500000,367300,0.000000,0.000000,41.889999,41.889999,41.340000,41.500000,41.948500,42.863600,,,41.653438,41.998085,-0.344647,-0.420886,0.076239,44.638921,41.948500,43.651392,40.245608,0.368312,1.057280,0.025477,-0.005273,-0.003362,-0.016355,-0.069715,,,0.219543,-0.255071,-0.255071,0.045867,397530.000000,15242950.000000,-0.109486
2015-05-15,41.369999,41.610001,40.840000,40.990002,157100,0.000000,0.000000,41.369999,41.610001,40.840000,40.990002,41.896000,42.787400,,,41.551371,41.923354,-0.371983,-0.411105,0.039122,40.553898,41.896000,43.650961,40.141039,0.241875,1.036739,0.025292,-0.012289,-0.024048,-0.030969,-0.100899,,,0.222763,-0.264225,-0.264225,0.033014,395485.000000,6439529.314200,-0.132459
2015-05-18,40.770000,42.250000,40.730000,42.160000,234700,0.000000,0.000000,40.770000,42.250000,40.730000,42.160000,41.848500,42.737600,,,41.645006,41.940896,-0.295890,-0.388062,0.092173,51.515728,41.848500,43.514270,40.182731,0.593500,1.071290,0.025410,0.028543,0.009820,0.002854,-0.071366,,,0.244778,-0.243224,-0.243224,0.062500,393750.000000,9894952.000000,-0.107936
2015-05-19,42.029999,42.320000,41.529999,41.650002,275200,0.000000,0.000000,42.029999,42.320000,41.529999,41.650002,41.776000,42.676600,,,41.645775,41.919334,-0.273559,-0.365162,0.091603,47.411674,41.776000,43.335236,40.216765,0.459596,1.051181,0.025238,-0.012097,0.000961,-0.033867,-0.086222,,,0.230192,-0.252378,-0.252378,0.049647,393520.000000,11462080.550400,-0.119581
2015-05-20,41.700001,42.320000,41.220001,41.900002,320000,0.000000,0.000000,41.700001,42.320000,41.220001,41.900002,41.724001,42.626800,,,41.684887,41.917901,-0.233014,-0.338732,0.105718,49.534076,41.724001,43.186132,40.261870,0.560187,1.054671,0.025171,0.006002,0.004315,-0.027842,-0.091303,,,0.231646,-0.247891,-0.247891,0.055948,396570.000000,13408000.640000,-0.121161
2015-05-21,41.990002,42.669998,41.799999,42.650002,255300,0.000000,0.000000,41.990002,42.669998,41.799999,42.650002,41.702001,42.593800,,,41.833366,41.972162,-0.138796,-0.298745,0.159949,55.355298,41.702001,43.088896,40.315106,0.841771,1.041470,0.024419,0.017900,0.027711,-0.006754,-0.075639,,,0.240663,-0.234428,-0.234428,0.074849,399090.000000,10888545.510600,-0.102843
2015-05-22,42.590000,42.860001,42.119999,42.369999,298700,0.000000,0.000000,42.590000,42.860001,42.119999,42.369999,41.671001,42.558000,,,41.915925,42.001647,-0.085722,-0.256140,0.170418,52.901871,41.671001,42.961009,40.380992,0.770928,1.019921,0.024072,-0.006565,0.033667,-0.016709,-0.092331,,,0.241234,-0.239454,-0.239454,0.067792,398060.000000,12655918.701300,-0.118211
2015-05-26,42.400002,42.410000,41.450001,41.849998,278000,0.000000,0.000000,42.400002,42.410000,41.450001,41.849998,41.638500,42.495600,,,41.905782,41.990408,-0.084626,-0.221837,0.137212,48.594365,41.638500,42.872087,40.404914,0.585725,1.015638,0.024269,-0.012273,-0.007353,-0.026518,-0.103854,,,0.244522,-0.248788,-0.248788,0.054687,390345.000000,11634299.444000,-0.116863
2015-05-27,41.910000,41.990002,41.389999,41.810001,283500,0.000000,0.000000,41.910000,41.990002,41.389999,41.810001,41.575501,42.422800,44.404400,,41.891047,41.977039,-0.085992,-0.194668,0.108676,48.268806,41.575501,42.614639,40.536362,0.612834,0.985932,0.023581,-0.000956,0.003842,-0.016235,-0.103943,,,0.241675,-0.249506,-0.249506,0.053679,384090.000000,11853135.283500,-0.132018
2015-05-28,41.799999,41.799999,41.349998,41.490002,229300,0.000000,0.000000,41.799999,41.799999,41.349998,41.490002,41.601501,42.342200,44.262200,,41.829348,41.940947,-0.111599,-0.178054,0.066455,45.634635,41.601501,42.602159,40.600843,0.444287,0.948345,0.022857,-0.007654,-0.009785,-0.036684,-0.113651,,,0.237188,-0.255250,-0.255250,0.045615,307545.000000,9513657.458600,-0.135722
2015-05-29,41.500000,41.540001,40.799999,40.939999,307300,0.000000,0.000000,41.500000,41.540001,40.799999,40.939999,41.611001,42.261600,44.138100,,41.692525,41.866773,-0.174249,-0.177293,0.003045,41.447852,41.611001,42.580751,40.641250,0.154034,0.933455,0.022801,-0.013256,-0.040094,-0.000732,-0.110580,,,0.171044,-0.265123,-0.265123,0.031754,289010.000000,12580861.692700,-0.132037
2015-06-01,40.939999,41.790001,40.810001,41.740002,274900,0.000000,0.000000,40.939999,41.790001,40.810001,41.740002,41.644001,42.193800,44.043500,,41.699829,41.857380,-0.157551,-0.173345,0.015794,48.805225,41.644001,42.582070,40.705931,0.551170,0.936781,0.022443,0.019541,-0.014869,0.024295,-0.088646,,,0.182535,-0.250763,-0.250763,0.051915,290820.000000,11474326.549800,-0.103588
2015-06-02,41.450001,41.900002,40.660000,41.139999,162100,0.000000,0.000000,41.450001,41.900002,40.660000,41.139999,41.651000,42.099000,43.943100,,41.613701,41.804223,-0.190521,-0.176780,-0.013741,44.308339,41.651000,42.570747,40.731254,0.222205,0.958450,0.023297,-0.014375,-0.016965,0.001460,-0.072797,,,0.188352,-0.261533,-0.261533,0.036794,285185.000000,6668793.837900,-0.092199
2015-06-03,41.200001,41.740002,41.080002,41.570000,288300,0.000000,0.000000,41.200001,41.740002,41.080002,41.570000,41.680000,42.012200,43.835100,,41.606978,41.786867,-0.179889,-0.177402,-0.002487,48.005781,41.680000,42.547059,40.812942,0.436567,0.937123,0.022543,0.010452,-0.005740,0.013902,-0.053722,,,0.191495,-0.253814,-0.253814,0.047631,284720.000000,11984631.000000,-0.080315
2015-06-04,41.389999,41.990002,41.389999,41.720001,97800,0.000000,0.000000,41.389999,41.990002,41.389999,41.720001,41.710000,41.956400,43.740200,,41.624366,41.781913,-0.157547,-0.173431,0.015884,49.271032,41.710000,42.536025,40.883976,0.506053,0.913034,0.021885,0.003608,0.005543,0.017809,-0.068750,,,0.191714,-0.251122,-0.251122,0.051411,278845.000000,4080216.097800,-0.084065
2015-06-05,41.820000,42.990002,41.220001,42.750000,214000,0.000000,0.000000,41.820000,42.990002,41.220001,42.750000,41.765501,41.942000,43.657400,,41.797541,41.853642,-0.056101,-0.149965,0.093864,57.007483,41.765501,42.712084,40.818917,1.020028,0.974268,0.022790,0.024688,0.044211,0.039640,-0.042553,,,0.208653,-0.232633,-0.232633,0.077369,274445.000000,9148500.000000,-0.071187
2015-06-08,42.750000,42.750000,41.470001,41.540001,168100,0.000000,0.000000,42.750000,42.750000,41.470001,41.540001,41.742501,41.884800,43.558500,,41.757919,41.830404,-0.072485,-0.134469,0.061984,47.787449,41.742501,42.687446,40.797556,0.392851,0.996113,0.023980,-0.028304,-0.004792,-0.002401,-0.070694,,,0.229359,-0.254353,-0.254353,0.046875,263985.000000,6982874.168100,-0.086716
2015-06-09,41.549999,41.930000,40.919998,41.009998,132800,0.000000,0.000000,41.549999,41.930000,40.919998,41.009998,41.705500,41.825400,43.473600,,41.642854,41.769619,-0.126765,-0.132928,0.006163,44.400081,41.705500,42.705553,40.705448,0.152267,0.997105,0.024314,-0.012759,-0.003160,-0.023571,-0.076143,,,0.231153,-0.263866,-0.263866,0.033518,256085.000000,5446127.734400,-0.107848
2015-06-10,41.070000,41.770000,41.070000,41.500000,202300,0.000000,0.000000,41.070000,41.770000,41.070000,41.500000,41.700000,41.775000,43.395800,,41.620877,41.749643,-0.128766,-0.132096,0.003329,48.065383,41.700000,42.703469,40.696532,0.400345,0.980165,0.023618,0.011948,-0.001684,-0.005988,-0.063205,,,0.234646,-0.255071,-0.255071,0.045867,247415.000000,8395450.000000,-0.109959
2015-06-11,41.490002,41.930000,41.349998,41.930000,129500,0.000000,0.000000,41.490002,41.930000,41.349998,41.930000,41.710500,41.727600,43.315400,,41.668434,41.763005,-0.094571,-0.124591,0.030020,51.111176,41.710500,42.719231,40.701770,0.608800,0.951574,0.022694,0.010361,0.005034,0.007690,-0.050498,,,0.237107,-0.247352,-0.247352,0.056704,233810.000000,5429935.000000,-0.089167
2015-06-12,41.900002,42.299999,41.529999,42.119999,152700,0.000000,0.000000,41.900002,42.299999,41.529999,42.119999,41.741500,41.694800,43.253300,,41.737906,41.789454,-0.051549,-0.109982,0.058434,52.438469,41.741500,42.761042,40.721959,0.685622,0.938601,0.022284,0.004531,-0.014737,0.009588,-0.063376,,,0.237415,-0.243942,-0.243942,0.061492,223080.000000,6431723.847300,-0.100188
2015-06-15,41.959999,42.330002,41.610001,41.630001,169500,0.000000,0.000000,41.959999,42.330002,41.610001,41.630001,41.773500,41.706000,43.224200,,41.721305,41.777641,-0.056336,-0.099253,0.042917,48.761720,41.773500,42.732080,40.814920,0.425150,0.922983,0.022171,-0.011633,0.002167,0.003133,-0.084048,,,0.240388,-0.252737,-0.252737,0.049143,223700.000000,7056285.169500,-0.104428
2015-06-16,41.389999,41.689999,40.009998,40.150002,304100,0.000000,0.000000,41.389999,41.689999,40.009998,40.150002,41.673000,41.707600,43.155400,,41.479566,41.657056,-0.177490,-0.114901,-0.062590,39.706019,41.673000,42.856129,40.489872,-0.143632,0.977067,0.024335,-0.035551,-0.020970,-0.020493,-0.117970,,,0.267647,-0.279303,-0.279303,0.011845,227170.000000,12209615.608200,-0.141893
2015-06-17,40.119999,40.139999,39.520000,39.860001,200500,0.000000,0.000000,40.119999,40.139999,39.520000,39.860001,41.583500,41.706800,43.087900,,41.230402,41.523922,-0.293520,-0.150624,-0.142895,38.208654,41.583500,43.018055,40.148945,-0.100709,0.952272,0.023890,-0.007223,-0.039518,-0.054554,-0.113631,,,0.245954,-0.284509,-0.284509,0.004536,223435.000000,7991930.200500,-0.130098
2015-06-18,40.009998,40.770000,39.959999,40.549999,197100,0.000000,0.000000,40.009998,40.770000,39.959999,40.549999,41.516000,41.724200,43.040700,,41.125725,41.451770,-0.326045,-0.185709,-0.140337,43.653336,41.516000,43.013512,40.018488,0.177465,0.949252,0.023409,0.017311,-0.032912,-0.026411,-0.101485,,,0.252583,-0.272124,-0.272124,0.021925,217290.000000,7992404.802900,-0.129642
2015-06-19,40.549999,40.720001,40.220001,40.320000,238700,0.000000,0.000000,40.549999,40.720001,40.220001,40.320000,41.399500,41.726000,42.993400,,41.001767,41.367925,-0.366158,-0.221798,-0.144359,42.314890,41.399500,42.888059,39.910941,0.137401,0.917157,0.022747,-0.005672,-0.042735,-0.037709,-0.121186,,,0.251652,-0.276252,-0.276252,0.016129,216460.000000,9624384.000000,-0.139207
2015-06-22,40.509998,40.750000,39.930000,40.189999,107900,0.000000,0.000000,40.509998,40.750000,39.930000,40.189999,41.290500,41.690800,42.948500,,40.876880,41.280661,-0.403782,-0.258195,-0.145586,41.539623,41.290500,42.798967,39.782033,0.135225,0.910216,0.022648,-0.003224,-0.034590,-0.057679,-0.124592,,,0.241341,-0.278586,-0.278586,0.012853,206920.000000,4336500.892100,-0.153129
2015-06-23,40.139999,40.139999,39.720001,39.799999,136500,0.000000,0.000000,40.139999,40.139999,39.720001,39.799999,41.188000,41.645600,42.912400,,40.711206,41.170971,-0.459765,-0.298509,-0.161256,39.218229,41.188000,42.810664,39.565337,0.072308,0.878767,0.022080,-0.009704,-0.008717,-0.060656,-0.105819,,,0.242215,-0.285586,-0.285586,0.003024,199845.000000,5432699.863500,-0.138926
2015-06-24,39.680000,39.700001,38.209999,38.299999,190600,0.000000,0.000000,39.680000,39.700001,38.209999,38.299999,41.012500,41.581800,42.874300,,40.340251,40.958286,-0.618035,-0.362414,-0.255621,31.846640,41.012500,43.056469,38.968531,-0.163538,0.929577,0.024271,-0.037688,-0.039137,-0.084827,-0.118933,,,0.269158,-0.312511,-0.312511,0.000000,195200.000000,7299979.809400,-0.169356
2015-06-25,38.360001,38.419998,37.720001,38.150002,212700,0.000000,0.000000,38.360001,38.419998,37.720001,38.150002,40.845500,41.501000,42.837100,,40.003290,40.750246,-0.746956,-0.439323,-0.307634,31.214796,40.845500,43.240789,38.450211,-0.062667,0.913176,0.023936,-0.003916,-0.059186,-0.087539,-0.140766,,,0.268921,-0.315204,-0.315204,0.000000,194370.000000,8114505.425400,-0.191930
2015-06-26,38.110001,38.720001,38.110001,38.610001,280400,0.000000,0.000000,38.110001,38.720001,38.110001,38.610001,40.729000,41.427200,42.793100,,39.788937,40.591696,-0.802759,-0.512010,-0.290749,35.444759,40.729000,43.323317,38.134684,0.091607,0.891518,0.023090,0.012058,-0.042411,-0.069414,-0.122101,,,0.274359,-0.306947,-0.306947,0.012058,193025.000000,10826244.280400,-0.160801
2015-06-29,38.360001,38.910000,38.349998,38.430000,244200,0.000000,0.000000,38.360001,38.910000,38.349998,38.430000,40.563500,41.355000,42.756200,,39.579870,40.431558,-0.851688,-0.579945,-0.271742,34.549425,40.563500,43.304427,37.822573,0.110807,0.867836,0.022582,-0.004662,-0.043792,-0.061309,-0.126988,,,0.272025,-0.310178,-0.310178,0.007339,191490.000000,9384606.000000,-0.129217
2015-06-30,38.660000,39.599998,38.450001,39.290001,230900,0.000000,0.000000,38.660000,39.599998,38.450001,39.290001,40.471000,41.278600,42.714200,,39.535275,40.346992,-0.811717,-0.626300,-0.185417,42.077578,40.471000,43.254545,37.687456,0.287861,0.889421,0.022637,0.022378,-0.012814,-0.058697,-0.113093,,,0.275130,-0.294741,-0.294741,0.029882,194930.000000,9072061.230900,-0.130638
2015-07-01,39.509998,39.910000,39.160000,39.240002,220900,0.000000,0.000000,39.509998,39.910000,39.160000,39.240002,40.354500,41.201400,42.659400,,39.489848,40.264987,-0.775139,-0.656068,-0.119071,41.776724,40.354500,43.139410,37.569591,0.299904,0.879461,0.022412,-0.001273,0.024543,-0.046184,-0.103291,,,0.271869,-0.295638,-0.295638,0.028571,191560.000000,8668116.441800,-0.130521
2015-07-02,39.279999,39.529999,38.720001,39.200001,116000,0.000000,0.000000,39.279999,39.529999,38.720001,39.200001,40.228500,41.126600,42.610200,,39.445256,40.186095,-0.740838,-0.673022,-0.067816,41.520944,40.228500,42.981123,37.475877,0.313178,0.874499,0.022309,-0.001019,0.027523,-0.057012,-0.045532,,,0.268069,-0.296356,-0.296356,0.027523,192470.000000,4547200.116000,-0.070552
2015-07-06,38.680000,39.520000,38.619999,39.080002,213200,0.000000,0.000000,38.680000,39.520000,38.619999,39.080002,40.045000,41.046400,42.555300,,39.389063,40.104157,-0.715094,-0.681436,-0.033658,40.715593,40.045000,42.569744,37.520256,0.308892,0.876321,0.022424,-0.003061,0.012173,-0.063279,-0.024707,-0.298510,,0.267099,-0.298510,-0.298510,0.024377,192430.000000,8331856.426400,-0.039882
2015-07-07,39.060001,39.770000,38.419998,39.680000,204000,0.000000,0.000000,39.060001,39.770000,38.419998,39.680000,39.952000,40.980200,42.509000,,39.433823,40.072736,-0.638914,-0.672932,0.034018,46.321840,39.952000,42.380051,37.523949,0.443988,0.910158,0.022937,0.015353,0.032527,-0.071813,-0.005514,-0.256232,,0.256672,-0.287740,-0.287740,0.040105,194225.000000,8094720.000000,-0.023279
2015-07-08,39.299999,39.430000,37.959999,38.349998,156500,0.000000,0.000000,39.299999,39.430000,37.959999,38.349998,39.819000,40.897200,42.446400,,39.267081,39.945120,-0.678039,-0.673953,-0.004086,37.790752,39.819000,42.293994,37.344007,0.203231,0.968008,0.025241,-0.033518,-0.023925,-0.076794,-0.033518,-0.250977,,0.263585,-0.311614,-0.311614,0.005242,195410.000000,6001774.687000,-0.025225
2015-07-09,38.799999,39.680000,37.759998,39.250000,198100,0.000000,0.000000,38.799999,39.680000,37.759998,39.250000,39.706500,40.820800,42.383000,,39.264453,39.893627,-0.629174,-0.664997,0.035823,45.152057,39.706500,42.061403,37.351597,0.403074,1.036012,0.026395,0.023468,0.000255,-0.042916,-0.024360,-0.233099,,0.277351,-0.295459,-0.295459,0.028833,195200.000000,7775425.000000,-0.013875
2015-07-10,39.259998,40.090000,37.799999,39.630001,151400,0.000000,0.000000,39.259998,40.090000,37.799999,39.630001,39.591500,40.794000,42.325300,,39.320691,39.874099,-0.553408,-0.642679,0.089272,47.952494,39.591500,41.701070,37.481931,0.509125,1.125588,0.028402,0.009682,0.010969,-0.045060,-0.055304,-0.243269,,0.276029,-0.288638,-0.288638,0.038794,196295.000000,5999982.151400,-0.055648
2015-07-13,39.869999,40.959999,39.650002,40.880001,147700,0.000000,0.000000,39.869999,40.959999,39.650002,40.880001,39.529500,40.796600,42.278300,,39.560585,39.948613,-0.388028,-0.591749,0.203721,55.924578,39.529500,41.383594,37.675407,0.864194,1.140190,0.027891,0.031542,0.046059,-0.025042,-0.028055,-0.201718,,0.296983,-0.266200,-0.266200,0.071560,196045.000000,6037976.147700,-0.044746
2015-07-14,41.020000,41.020000,38.939999,39.189999,250900,0.000000,0.000000,41.020000,41.020000,38.939999,39.189999,39.407500,40.758800,42.209100,,39.503572,39.892417,-0.388846,-0.551168,0.162323,45.726817,39.407500,40.979249,37.835751,0.430809,1.207322,0.030807,-0.041341,-0.012349,-0.069563,-0.055435,-0.232020,,0.327124,-0.296536,-0.296536,0.027261,200115.000000,9832770.749100,-0.081072
2015-07-15,39.090000,39.220001,38.619999,38.860001,149200,0.000000,0.000000,39.090000,39.220001,38.619999,38.860001,39.343000,40.716000,42.136300,,39.404561,39.815939,-0.411379,-0.523210,0.111832,44.038166,39.343000,40.892168,37.793833,0.344110,1.163940,0.029952,-0.008420,0.013299,-0.066539,-0.078929,-0.244410,,0.326271,-0.302459,-0.302459,0.018611,192370.000000,5797912.149200,-0.096474
2015-07-16,38.990002,39.840000,38.840000,39.439999,91300,0.000000,0.000000,38.990002,39.840000,38.840000,39.439999,39.322000,40.685000,42.063900,,39.410013,39.788091,-0.378078,-0.494184,0.116106,47.694267,39.322000,40.852938,37.791062,0.538538,1.152230,0.029215,0.014925,0.004841,-0.017684,-0.067612,-0.203232,,0.309373,-0.292048,-0.292048,0.033814,186910.000000,3600871.908700,-0.098642
2015-07-17,39.610001,40.349998,39.580002,39.840000,174700,0.000000,0.000000,39.610001,40.349998,39.580002,39.840000,39.286500,40.659400,41.995300,,39.476165,39.791936,-0.315772,-0.458502,0.142730,50.114834,39.286500,40.727849,37.845152,0.692008,1.134927,0.028487,0.010142,0.005299,-0.000502,-0.052331,-0.191558,,0.310583,-0.284868,-0.284868,0.044299,185790.000000,6960048.000000,-0.108767
2015-07-20,39.720001,39.990002,39.189999,39.400002,129900,0.000000,0.000000,39.720001,39.990002,39.189999,39.400002,39.240500,40.614600,41.922700,,39.464447,39.762903,-0.298456,-0.426492,0.128036,47.510301,39.240500,40.599331,37.881670,0.558691,1.111003,0.028198,-0.011044,-0.036203,-0.028360,-0.086059,-0.211527,,0.306357,-0.292766,-0.292766,0.032765,180350.000000,5118060.259800,-0.130959
2015-07-21,39.259998,40.500000,39.259998,39.970001,192300,0.000000,0.000000,39.259998,40.500000,39.259998,39.970001,39.229500,40.574000,41.854300,,39.542225,39.778244,-0.236019,-0.388398,0.152378,51.058812,39.229500,40.559217,37.899784,0.778443,1.120217,0.028026,0.014467,0.019903,-0.008681,-0.072622,-0.172977,,0.310559,-0.282535,-0.282535,0.047706,184570.000000,7686231.192300,-0.111317
2015-07-22,39.669998,40.049999,38.840000,38.939999,104800,0.000000,0.000000,39.669998,40.049999,38.840000,38.939999,39.186500,40.517800,41.783400,,39.449575,39.716151,-0.266576,-0.364033,0.097458,45.122535,39.186500,40.493974,37.879027,0.405734,1.126631,0.028932,-0.025769,0.002059,-0.031102,-0.093153,-0.125730,,0.322873,-0.301023,-0.301023,0.020708,182985.000000,4080911.895200,-0.120282
2015-07-23,38.880001,39.389999,38.299999,38.349998,129800,0.000000,0.000000,38.880001,39.389999,38.299999,38.349998,39.189000,40.452600,41.708900,,39.280409,39.614952,-0.334543,-0.358135,0.023592,42.102897,39.189000,40.489509,37.888491,0.177433,1.124014,0.029309,-0.015152,-0.027637,-0.036432,-0.110002,-0.184563,,0.325202,-0.311614,-0.311614,0.005242,179945.000000,4977829.740400,-0.127872
2015-07-24,38.299999,38.450001,37.540001,37.740002,130800,0.000000,0.000000,38.299999,38.450001,37.540001,37.740002,39.168500,40.373000,41.642600,,39.043423,39.476064,-0.432641,-0.373036,-0.059604,39.183311,39.168500,40.548467,37.788534,-0.017584,1.108727,0.029378,-0.015906,-0.052711,-0.014621,-0.122121,-0.190302,,0.302689,-0.322563,-0.322563,0.000000,175850.000000,4936392.261600,-0.121444
2015-07-27,37.470001,37.790001,37.130001,37.439999,162400,0.000000,0.000000,37.470001,37.790001,37.130001,37.439999,39.110000,40.291800,41.577700,,38.796743,39.325242,-0.528499,-0.404129,-0.124370,37.795184,39.110000,40.676277,37.543723,-0.033112,1.076674,0.028757,-0.007949,-0.049746,-0.018611,-0.119059,-0.172962,,0.303579,-0.327948,-0.327948,0.000000,169950.000000,6080255.837600,-0.115014
2015-07-28,37.439999,38.250000,36.610001,37.900002,287600,0.000000,0.000000,37.439999,38.250000,36.610001,37.900002,39.083500,40.230000,41.508700,,38.658783,39.219667,-0.560884,-0.435480,-0.125404,41.232990,39.083500,40.714804,37.452197,0.137254,1.116913,0.029470,0.012286,-0.051789,-0.018389,-0.120037,-0.158712,,0.303701,-0.319691,-0.319691,0.012286,172120.000000,10900040.575200,-0.126721
2015-07-29,38.509998,45.049999,37.939999,42.380001,865300,0.000000,0.000000,38.509998,45.049999,37.939999,42.380001,39.238000,40.234400,41.486000,,39.231278,39.453769,-0.222491,-0.392882,0.170391,62.797243,39.238000,41.437873,37.038128,1.214133,1.547857,0.036523,0.118206,0.088341,0.102784,0.034415,-0.051477,,0.511028,-0.239275,-0.239275,0.131945,203840.000000,36671414.865300,0.016880
2015-07-30,42.099998,43.279999,41.689999,42.529999,497200,0.000000,0.000000,42.099998,43.279999,41.689999,42.529999,39.402500,40.252000,41.464300,,39.738773,39.681641,0.057132,-0.302879,0.360011,63.283045,39.402500,42.049579,36.755421,1.090745,1.550867,0.036465,0.003539,0.108996,0.082464,0.043681,-0.020272,,0.507175,-0.236582,-0.236582,0.135951,217655.000000,21145915.502800,0.005765
2015-07-31,42.470001,44.360001,42.470001,43.419998,251600,0.000000,0.000000,42.470001,44.360001,42.470001,43.419998,39.613500,40.282400,41.454600,,40.305116,39.958560,0.346555,-0.172992,0.519548,66.110757,39.613500,42.808636,36.418364,1.095671,1.575092,0.036276,0.020926,0.150503,0.106524,0.056962,0.031109,,0.509954,-0.220607,-0.220607,0.159722,224435.000000,10924471.496800,0.032410
2015-08-03,43.580002,45.200001,42.970001,45.040001,373800,0.000000,0.000000,43.580002,45.200001,42.970001,45.040001,39.911500,40.330200,41.462000,,41.033559,40.334968,0.698592,0.001324,0.697267,70.555829,39.911500,43.908300,35.914700,1.141576,1.621872,0.036010,0.037310,0.202992,0.148980,0.098537,0.075711,,0.521130,-0.191528,-0.191528,0.202992,232465.000000,16835952.373800,0.078913
2015-08-04,44.880001,45.240002,44.040001,44.130001,196800,0.000000,0.000000,44.880001,45.240002,44.040001,44.130001,40.134000,40.365400,41.461700,,41.509935,40.616085,0.893850,0.179830,0.714021,65.369032,40.134000,44.550011,35.717989,0.952445,1.591738,0.036069,-0.020204,0.164380,0.129222,0.076604,0.026041,,0.528682,-0.207862,-0.207862,0.178686,232105.000000,8684784.196800,0.042952
2015-08-05,44.520000,44.759998,44.060001,44.139999,278400,0.000000,0.000000,44.520000,44.759998,44.060001,44.139999,40.423500,40.411200,41.453400,,41.914560,40.877118,1.037442,0.351352,0.686090,65.399128,40.423500,45.098622,35.748378,0.897476,1.528041,0.034618,0.000227,0.041529,0.112399,0.073444,0.047958,,0.528019,-0.207683,-0.207683,0.178953,238200.000000,12288575.721600,0.028664
2015-08-06,44.400002,44.400002,43.160000,43.299999,180100,0.000000,0.000000,44.400002,44.400002,43.160000,43.299999,40.626000,40.441000,41.431900,,42.127705,41.056592,1.071112,0.495304,0.575808,60.631582,40.626000,45.436004,35.815996,0.777962,1.507466,0.034814,-0.019030,0.018105,0.129074,0.039866,-0.004369,,0.516763,-0.222761,-0.222761,0.156517,237300.000000,7798329.819900,0.017441
2015-08-07,43.029999,43.029999,41.520000,41.619999,190100,0.000000,0.000000,43.029999,43.029999,41.520000,41.619999,40.725500,40.443600,41.392900,,42.049596,41.098327,0.951270,0.586497,0.364772,52.403510,40.725500,45.531082,35.919918,0.593069,1.526933,0.036687,-0.038799,-0.041456,0.060382,-0.009048,-0.069320,,0.535352,-0.252917,-0.252917,0.111645,239235.000000,7911961.809900,-0.017040
2015-08-10,41.720001,42.880001,41.630001,42.480000,118700,0.000000,0.000000,41.720001,42.880001,41.630001,42.480000,40.805500,40.474400,41.368000,,42.115812,41.200674,0.915138,0.652225,0.262913,55.716467,40.805500,45.674761,35.936239,0.671946,1.507866,0.035496,0.020663,-0.056838,0.071915,0.017485,-0.037171,,0.538341,-0.237480,-0.237480,0.134615,237785.000000,5042376.000000,-0.004189
2015-08-11,42.270000,42.270000,41.549999,41.930000,118500,0.000000,0.000000,42.270000,42.270000,41.549999,41.930000,40.942500,40.478200,41.336000,,42.087226,41.254698,0.832527,0.688286,0.144242,53.167661,40.942500,45.774419,36.110581,0.602185,1.466590,0.034977,-0.012947,-0.049853,0.025685,0.007690,-0.059233,,0.531511,-0.247352,-0.247352,0.119925,231165.000000,4968705.000000,-0.004488
2015-08-12,41.750000,41.750000,40.400002,41.389999,265700,0.000000,0.000000,41.750000,41.750000,40.400002,41.389999,41.069000,40.483200,41.291100,,41.979960,41.264721,0.715239,0.693677,0.021563,50.714630,41.069000,45.802837,36.335163,0.533905,1.471119,0.035543,-0.012879,-0.062302,0.056137,-0.007910,-0.065899,,0.511214,-0.257045,-0.257045,0.105502,236990.000000,10997322.734300,-0.020496
2015-08-13,41.450001,42.119999,41.099998,41.310001,129700,0.000000,0.000000,41.450001,42.119999,41.099998,41.310001,41.162500,40.478000,41.245100,,41.876889,41.268075,0.608815,0.676704,-0.067890,50.344057,41.162500,45.834327,36.490673,0.515786,1.438896,0.034832,-0.001933,-0.045958,0.063047,-0.004578,-0.073974,,0.509868,-0.258481,-0.258481,0.103365,238910.000000,5357907.129700,-0.001165
2015-08-14,41.150002,41.590000,41.020000,41.570000,136800,0.000000,0.000000,41.150002,41.590000,41.020000,41.570000,41.249000,40.475000,41.215700,,41.829676,41.290440,0.539236,0.649211,-0.109975,51.582343,41.249000,45.881625,36.616375,0.534646,1.376831,0.033121,0.006294,-0.001201,0.054006,0.014150,-0.088177,,0.508280,-0.253814,-0.253814,0.110310,237015.000000,5686776.000000,0.014160
2015-08-17,41.380001,41.669998,41.000000,41.200001,112600,0.000000,0.000000,41.380001,41.669998,41.000000,41.200001,41.339000,40.444000,41.193000,,41.732803,41.283740,0.449062,0.609181,-0.160119,49.683558,41.339000,45.889590,36.788410,0.484727,1.326343,0.032193,-0.008901,-0.030132,0.034137,-0.022770,-0.092511,,0.509176,-0.260456,-0.260456,0.100427,236150.000000,4639120.112600,-0.025381
2015-08-18,41.240002,41.630001,41.150002,41.500000,97100,0.000000,0.000000,41.240002,41.630001,41.150002,41.500000,41.415500,40.443200,41.164000,,41.696987,41.299760,0.397227,0.566790,-0.169563,51.250486,41.415500,45.920400,36.910600,0.509379,1.265889,0.030503,0.007282,-0.010255,0.053299,-0.003601,-0.089513,,0.507184,-0.255071,-0.255071,0.108440,231390.000000,4029650.000000,-0.001495
2015-08-19,41.250000,41.250000,40.200001,40.500000,96700,0.000000,0.000000,41.250000,41.250000,40.200001,40.500000,41.493500,40.433000,41.129200,,41.512835,41.240518,0.272317,0.507895,-0.235579,46.097262,41.493500,45.870123,37.116877,0.386499,1.268326,0.031317,-0.024096,-0.021503,0.013260,-0.033413,-0.121666,,0.513691,-0.273021,-0.273021,0.081731,230985.000000,3916350.000000,-0.023024
2015-08-20,40.349998,40.430000,38.849998,38.900002,117300,0.000000,0.000000,40.349998,40.430000,38.849998,38.900002,41.521000,40.381000,41.078000,,41.110861,41.067146,0.043715,0.415059,-0.371344,39.290071,41.521000,45.820693,37.221308,0.195211,1.295588,0.033306,-0.039506,-0.058339,-0.001027,-0.087925,-0.156914,,0.524829,-0.301741,-0.301741,0.038996,230360.000000,4562970.234600,-0.046026
2015-08-21,37.919998,38.799999,36.750000,37.869999,181700,0.000000,0.000000,37.919998,38.799999,36.750000,37.869999,41.527500,40.299800,41.013700,,40.612267,40.830319,-0.218052,0.288437,-0.506489,35.641273,41.527500,45.803454,37.251546,0.072318,1.356618,0.035823,-0.026478,-0.089007,-0.012516,-0.106207,-0.188732,,0.530507,-0.320230,-0.320230,0.011485,232905.000000,6880978.818300,-0.030889
2015-08-24,35.779999,38.410000,35.540001,37.020000,258100,0.000000,0.000000,35.779999,38.410000,35.540001,37.020000,41.506500,40.197800,40.946300,,40.059610,40.548072,-0.488462,0.133057,-0.621519,32.923938,41.506500,45.870203,37.142797,-0.014070,1.464718,0.039566,-0.022445,-0.101456,-0.019078,-0.115412,-0.207281,,0.533439,-0.335487,-0.335487,0.000000,237690.000000,9554862.000000,-0.014771
2015-08-25,38.230000,38.230000,35.630001,35.779999,277700,0.000000,0.000000,38.230000,38.230000,35.630001,35.779999,41.400500,40.080800,40.893400,,39.401208,40.194880,-0.793672,-0.052289,-0.741383,29.402191,41.400500,46.212990,36.588010,-0.083949,1.545810,0.043203,-0.033495,-0.137831,-0.044338,-0.144224,-0.233176,,0.545204,-0.357745,-0.357745,0.000000,237195.000000,9936105.722300,-0.026709
2015-08-26,36.389999,37.259998,35.910000,36.689999,242500,0.000000,0.000000,36.389999,37.259998,35.910000,36.689999,41.116000,40.011600,40.859600,,38.984099,39.935259,-0.951159,-0.232063,-0.719097,34.905159,41.116000,46.339850,35.892150,0.076366,1.541109,0.042004,0.025433,-0.094074,-0.031926,-0.115691,-0.216193,,0.551297,-0.341411,-0.341411,0.025433,206055.000000,8897324.757500,-0.037142
2015-08-27,36.900002,38.290001,36.770000,37.599998,332600,0.000000,0.000000,36.900002,38.290001,36.770000,37.599998,40.869500,39.966400,40.836600,,38.771161,39.762276,-0.991115,-0.383873,-0.607242,39.946309,40.869500,46.274537,35.464463,0.197550,1.545316,0.041099,0.024802,-0.033419,-0.112789,-0.081583,-0.183141,,0.357847,-0.325076,-0.325076,0.050866,197825.000000,12505759.334800,-0.030830
2015-08-28,37.570000,38.459999,37.209999,37.610001,203600,0.000000,0.000000,37.570000,38.459999,37.209999,37.610001,40.579000,39.907600,40.815900,,38.592521,39.602848,-1.010327,-0.509164,-0.501163,40.001313,40.579000,46.031184,35.126815,0.227724,1.524221,0.040527,0.000266,-0.006866,-0.115683,-0.098946,-0.178821,,0.356991,-0.324897,-0.324897,0.051146,195425.000000,7657396.203600,-0.048855
2015-08-31,37.360001,37.950001,37.169998,37.549999,147100,0.000000,0.000000,37.360001,37.950001,37.169998,37.549999,40.204500,39.852200,40.789100,,38.432133,39.450784,-1.018652,-0.611061,-0.407590,39.766030,40.204500,45.388875,35.020124,0.243990,1.471063,0.039176,-0.001595,0.014317,-0.135191,-0.087263,-0.153707,,0.344205,-0.325974,-0.325974,0.049469,184090.000000,5523604.852900,-0.028165
2015-09-01,36.849998,37.340000,35.959999,36.110001,197000,0.000000,0.000000,36.849998,37.340000,35.959999,36.110001,39.803500,39.770600,40.730700,,38.074882,39.203318,-1.128437,-0.714536,-0.413900,34.518551,39.803500,44.949958,34.657042,0.141161,1.479558,0.040974,-0.038349,0.009223,-0.198268,-0.131345,-0.178010,,0.321432,-0.351822,-0.351822,0.009223,184100.000000,7113670.197000,-0.040521
2015-09-02,36.490002,36.490002,34.919998,35.750000,452500,0.000000,0.000000,36.490002,36.490002,34.919998,35.750000,39.384000,39.689600,40.667600,,37.717208,38.947516,-1.230309,-0.817691,-0.412618,33.334267,39.384000,44.408460,34.359540,0.138369,1.486019,0.041567,-0.009970,-0.025620,-0.189894,-0.143097,-0.202009,,0.319396,-0.358284,-0.358284,0.000000,192805.000000,16176875.000000,-0.081991
2015-09-03,35.799999,36.119999,35.660000,35.750000,235000,0.000000,0.000000,35.799999,36.119999,35.660000,35.750000,39.006500,39.638600,40.610200,,37.414560,38.710663,-1.296103,-0.913373,-0.382729,33.334267,39.006500,43.925538,34.087461,0.168990,1.412731,0.039517,0.000000,-0.049202,-0.190077,-0.163743,-0.199328,,0.319308,-0.358284,-0.358284,0.000000,195550.000000,8401250.000000,-0.097656
2015-09-04,35.400002,35.919998,35.189999,35.669998,191600,0.000000,0.000000,35.400002,35.919998,35.189999,35.669998,38.709000,39.589000,40.545000,,37.146166,38.485428,-1.339262,-0.998551,-0.340711,33.042096,38.709000,43.681920,33.736079,0.194445,1.363965,0.038238,-0.002238,-0.051582,-0.176212,-0.141310,-0.202013,,0.318485,-0.359720,-0.359720,0.000000,195625.000000,6834371.616800,-0.074059
2015-09-08,35.990002,36.590000,35.759998,36.380001,341000,0.000000,0.000000,35.990002,36.590000,35.759998,36.380001,38.404000,39.544400,40.485800,,37.028295,38.329470,-1.301176,-1.059076,-0.242100,38.217629,38.404000,43.145985,33.662015,0.286587,1.332253,0.036620,0.019905,-0.031158,-0.125901,-0.112899,-0.180446,,0.314159,-0.346975,-0.346975,0.019905,206740.000000,12405580.341000,-0.072623
2015-09-09,36.799999,36.959999,36.240002,36.360001,251400,0.000000,0.000000,36.799999,36.959999,36.240002,36.360001,38.125500,39.503000,40.429000,,36.925480,38.183583,-1.258103,-1.098881,-0.159222,38.128225,38.125500,42.644571,33.606429,0.304661,1.288520,0.035438,-0.000550,0.006923,-0.144068,-0.123855,-0.179232,,0.299560,-0.347334,-0.347334,0.019344,213385.000000,9140904.251400,-0.060791
2015-09-10,36.549999,36.959999,35.939999,36.740002,366000,0.000000,0.000000,36.549999,36.959999,35.939999,36.740002,37.893000,39.452000,40.365300,,36.896945,38.076651,-1.179706,-1.115046,-0.064660,40.954515,37.893000,42.177269,33.608732,0.365438,1.269340,0.034549,0.010451,0.027692,-0.123778,-0.123778,-0.168025,,0.304832,-0.340513,-0.340513,0.029997,218400.000000,13446840.732000,-0.067455
2015-09-11,36.419998,36.660000,35.959999,36.240002,182900,0.000000,0.000000,36.419998,36.660000,35.959999,36.240002,37.639500,39.392000,40.296700,,36.795877,37.940603,-1.144726,-1.120982,-0.023744,38.464758,37.639500,41.664614,33.614387,0.326154,1.234387,0.034061,-0.013609,0.013706,-0.124426,-0.139601,-0.194129,,0.305047,-0.349488,-0.349488,0.015980,221060.000000,6628296.365800,-0.094312
2015-09-14,36.240002,36.240002,35.430000,35.630001,96800,0.000000,0.000000,36.240002,36.240002,35.430000,35.630001,37.342500,39.320600,40.223600,,36.616511,37.769447,-1.152936,-1.127373,-0.025563,35.619702,37.342500,41.006906,33.678094,0.266333,1.204074,0.033794,-0.016832,-0.001121,-0.137497,-0.144127,-0.216062,,0.306825,-0.360438,-0.360438,0.000000,219060.000000,3448984.096800,-0.099552
2015-09-15,35.790001,36.610001,35.540001,36.439999,150700,0.000000,0.000000,35.790001,36.610001,35.540001,36.439999,37.104500,39.267800,40.157100,,36.589356,37.670969,-1.081614,-1.118221,0.036607,41.777901,37.104500,40.302647,33.906353,0.396112,1.194497,0.032780,0.022734,0.001649,-0.123406,-0.092404,-0.199473,,0.320665,-0.345898,-0.345898,0.022734,220965.000000,5491507.849300,-0.053826
2015-09-16,36.240002,36.770000,36.220001,36.419998,255800,0.000000,0.000000,36.240002,36.770000,36.220001,36.419998,36.850500,39.202600,40.091400,,36.563301,37.578305,-1.015004,-1.097578,0.082574,41.671903,36.850500,39.297474,34.403526,0.412034,1.148462,0.031534,-0.000549,0.001650,-0.116019,-0.086302,-0.190127,,0.321037,-0.346257,-0.346257,0.022172,228900.000000,9316235.488400,-0.051624
2015-09-17,36.540001,36.540001,35.240002,35.480000,294900,0.000000,0.000000,36.540001,36.540001,35.240002,35.480000,36.599500,39.145200,40.021200,,36.396639,37.422874,-1.026235,-1.083309,0.057074,36.929648,36.599500,38.419905,34.779095,0.192513,1.159286,0.032674,-0.025810,-0.034295,-0.145060,-0.125031,-0.213827,,0.324675,-0.363130,-0.363130,0.000000,238810.000000,10463052.000000,-0.078469
2015-09-18,35.049999,35.240002,34.130001,34.259998,298300,0.000000,0.000000,35.049999,35.240002,34.130001,34.259998,36.367500,39.045400,39.933100,,36.067925,37.188587,-1.120662,-1.090780,-0.029882,31.861733,36.367500,38.135364,34.599636,-0.096059,1.172908,0.034236,-0.034386,-0.054636,-0.154074,-0.150298,-0.253269,,0.333251,-0.385030,-0.385030,0.000000,247860.000000,10219757.403400,-0.093669
2015-09-21,34.660000,34.799999,33.700001,34.040001,206200,0.000000,0.000000,34.660000,34.799999,33.700001,34.040001,36.176000,38.933600,39.863800,,35.755937,36.955358,-1.199422,-1.112508,-0.086913,31.034663,36.176000,38.082867,34.269133,-0.060081,1.167700,0.034304,-0.006421,-0.044625,-0.124936,-0.153023,-0.258549,,0.312561,-0.388979,-0.388979,0.000000,249085.000000,7019048.206200,-0.089961
2015-09-22,33.529999,33.599998,32.529999,32.910000,267500,0.000000,0.000000,33.529999,33.599998,32.529999,32.910000,35.970500,38.774200,39.785400,,35.318100,36.655702,-1.337602,-1.157527,-0.180075,27.137965,35.970500,38.327192,33.613808,-0.149321,1.192150,0.036225,-0.033196,-0.096872,-0.130974,-0.173116,-0.260616,,0.318869,-0.409262,-0.409262,0.000000,249555.000000,8803425.000000,-0.094945
2015-09-23,33.049999,33.349998,32.209999,32.349998,197100,0.000000,0.000000,33.049999,33.349998,32.209999,32.349998,35.799000,38.637400,39.698100,,34.861469,36.336761,-1.475291,-1.221080,-0.254212,25.433636,35.799000,38.659438,32.938562,-0.102880,1.188425,0.036736,-0.017016,-0.111752,-0.126148,-0.155353,-0.255809,,0.315983,-0.419314,-0.419314,0.000000,245525.000000,6376184.605800,-0.083185
2015-09-24,32.230000,32.549999,31.090000,31.209999,216300,0.000000,0.000000,32.230000,32.549999,31.090000,31.209999,35.525000,38.484400,39.600200,,34.299705,35.957000,-1.657296,-1.308323,-0.348973,22.355671,35.525000,39.008148,32.041852,-0.119411,1.207824,0.038700,-0.035240,-0.120350,-0.127725,-0.181914,-0.297072,,0.317933,-0.439777,-0.439777,0.000000,244215.000000,6750722.783700,-0.108029
2015-09-25,31.629999,32.110001,31.290001,31.680000,276600,0.000000,0.000000,31.629999,32.110001,31.290001,31.680000,35.229000,38.329200,39.507100,,33.896673,35.640185,-1.743512,-1.395361,-0.348151,26.314928,35.229000,38.966565,31.491435,0.025226,1.185836,0.037432,0.015059,-0.075306,-0.136549,-0.179487,-0.279673,,0.306722,-0.431341,-0.431341,0.015059,241415.000000,8762688.000000,-0.101934
2015-09-28,31.620001,31.680000,31.040001,31.080000,160100,0.000000,0.000000,31.620001,31.680000,31.040001,31.080000,34.902500,38.154000,39.406700,,33.463339,35.302393,-1.839055,-1.484100,-0.354955,24.591007,34.902500,38.896379,30.908620,0.021455,1.146848,0.036900,-0.018939,-0.086957,-0.173404,-0.191257,-0.293957,,0.286735,-0.442111,-0.442111,0.000000,239240.000000,4975908.000000,-0.107662
2015-09-29,31.000000,31.299999,30.490000,30.990000,192000,0.000000,0.000000,31.000000,31.299999,30.490000,30.990000,34.574500,37.985800,39.300200,,33.082825,34.982957,-1.900132,-1.567306,-0.332826,24.333496,34.574500,38.727224,30.421775,0.068416,1.122787,0.036231,-0.002896,-0.058341,-0.176017,-0.211250,-0.300451,,0.285673,-0.443726,-0.443726,0.000000,241485.000000,5950080.000000,-0.117092
2015-09-30,31.090000,31.309999,30.639999,30.950001,143300,0.000000,0.000000,31.090000,31.309999,30.639999,30.950001,34.316500,37.805400,39.189700,,32.754698,34.684219,-1.929521,-1.639749,-0.289772,24.212145,34.316500,38.702177,29.930823,0.116194,1.090445,0.035232,-0.001291,-0.043277,-0.175766,-0.211264,-0.292733,,0.285774,-0.444444,-0.444444,0.000000,238800.000000,4435135.143300,-0.132878
2015-10-01,30.959999,31.049999,30.090000,30.740000,128000,0.000000,0.000000,30.959999,31.049999,30.090000,30.740000,34.066000,37.641400,39.079600,,32.444745,34.392055,-1.947310,-1.701261,-0.246049,23.548167,34.066000,38.673630,29.458370,0.139077,1.081128,0.035170,-0.006785,-0.015059,-0.148712,-0.215816,-0.251522,,0.265110,-0.448214,-0.448214,0.000000,222575.000000,3934720.000000,-0.139531
2015-10-02,30.330000,31.030001,30.190001,31.000000,141600,0.000000,0.000000,30.330000,31.030001,30.190001,31.000000,33.828500,37.494400,38.973500,,32.222476,34.140791,-1.918315,-1.744672,-0.173643,26.244966,33.828500,38.558696,29.098304,0.201017,1.063904,0.034319,0.008458,-0.021465,-0.132867,-0.206755,-0.226354,,0.270579,-0.443547,-0.443547,0.008458,217905.000000,4389600.000000,-0.149832
2015-10-05,31.120001,31.920000,30.879999,31.700001,210900,0.000000,0.000000,31.120001,31.920000,30.879999,31.700001,33.630000,37.373600,38.873300,,32.142095,33.959992,-1.817896,-1.759317,-0.058580,33.088370,33.630000,38.368008,28.891992,0.296328,1.062197,0.033508,0.022581,0.019949,-0.113287,-0.201109,-0.205514,,0.288275,-0.430982,-0.430982,0.031230,218870.000000,6685530.210900,-0.157847
2015-10-06,31.650000,32.209999,31.639999,31.760000,226300,0.000000,0.000000,31.650000,32.209999,31.639999,31.760000,33.399000,37.260000,38.775900,,32.083312,33.797029,-1.713718,-1.750197,0.036479,33.656579,33.399000,38.021567,28.776433,0.322718,1.027040,0.032338,0.001893,0.024847,-0.109616,-0.171838,-0.199597,,0.289227,-0.429905,-0.429905,0.033182,213135.000000,7187288.000000,-0.138965
2015-10-07,31.980000,33.549999,31.969999,32.099998,198800,0.000000,0.000000,31.980000,33.549999,31.969999,32.099998,33.186000,37.144000,38.687000,,32.085879,33.671323,-1.585445,-1.717247,0.131802,36.925309,33.186000,37.622952,28.749048,0.377618,1.081537,0.033693,0.010705,0.037157,-0.117647,-0.182166,-0.202088,,0.280734,-0.423802,-0.423802,0.044242,210505.000000,6381479.602400,-0.155502
2015-10-08,32.070000,32.860001,32.070000,32.849998,195400,0.000000,0.000000,32.070000,32.860001,32.070000,32.849998,32.991500,36.953400,38.593900,,32.203436,33.610484,-1.407049,-1.655207,0.248158,43.534303,32.991500,37.101474,28.881526,0.482786,1.060713,0.032290,0.023364,0.068640,-0.096535,-0.171083,-0.216925,,0.298050,-0.410339,-0.410339,0.068640,201975.000000,6418889.609200,-0.133683
2015-10-09,32.750000,33.570000,32.750000,33.189999,147100,0.000000,0.000000,32.750000,33.570000,32.750000,33.189999,32.839000,36.766600,38.509300,,32.355215,33.579337,-1.224123,-1.568990,0.344867,46.282210,32.839000,36.657458,29.020541,0.545961,1.043519,0.031441,0.010350,0.070645,-0.096625,-0.188112,-0.210889,,0.297986,-0.404236,-0.404236,0.079701,200185.000000,4882248.852900,-0.140583
2015-10-12,33.320000,33.470001,32.480000,32.750000,224000,0.000000,0.000000,33.320000,33.470001,32.480000,32.750000,32.694999,36.553200,38.417800,,32.415951,33.517905,-1.101954,-1.475583,0.373629,43.342608,32.694999,36.280393,29.109606,0.507670,1.039696,0.031746,-0.013257,0.033123,-0.096302,-0.164328,-0.210653,,0.297855,-0.412134,-0.412134,0.065387,206545.000000,7336000.000000,-0.112172
2015-10-13,32.480000,32.700001,31.920000,31.940001,153900,0.000000,0.000000,32.480000,32.700001,31.920000,31.940001,32.470000,36.291200,38.310700,,32.342728,33.401023,-1.058295,-1.392125,0.333830,38.495310,32.470000,35.601973,29.338026,0.415389,1.024718,0.032083,-0.024733,0.005668,-0.103564,-0.178075,-0.242949,,0.303140,-0.426674,-0.426674,0.039037,206705.000000,4915566.153900,-0.118782
2015-10-14,31.980000,33.070000,31.969999,32.520000,174900,0.000000,0.000000,31.980000,33.070000,31.969999,32.520000,32.275000,36.059000,38.212200,,32.370000,33.335762,-0.965762,-1.306853,0.341091,43.378395,32.275000,34.797884,29.752115,0.548556,1.032238,0.031742,0.018159,0.013084,-0.107574,-0.175456,-0.231206,,0.298238,-0.416263,-0.416263,0.057905,202660.000000,5687748.000000,-0.101794
2015-10-15,32.540001,32.959999,32.189999,32.889999,86400,0.000000,0.000000,32.540001,32.959999,32.189999,32.889999,32.145500,35.834000,38.122600,,32.450000,33.302743,-0.852742,-1.216031,0.363288,46.307006,32.145500,34.197676,30.093323,0.681393,1.013507,0.030815,0.011378,0.001218,-0.096925,-0.174448,-0.217650,,0.303416,-0.409621,-0.409621,0.069941,192235.000000,2841695.913600,-0.109183
2015-10-16,32.939999,32.939999,32.130001,32.599998,112400,0.000000,0.000000,32.939999,32.939999,32.130001,32.599998,32.062500,35.620000,38.030500,41.217450,32.473077,33.250687,-0.777611,-1.128347,0.350736,44.369908,32.062500,33.874853,30.250146,0.648287,0.998971,0.030643,-0.008817,-0.017776,-0.081173,-0.172589,-0.243795,,0.294063,-0.414827,-0.414827,0.060507,182940.000000,3664239.775200,-0.108941
2015-10-19,32.439999,33.040001,32.200001,32.950001,99700,0.000000,0.000000,32.439999,33.040001,32.200001,32.950001,32.008000,35.446600,37.945100,41.103650,32.546450,33.228414,-0.681965,-1.039070,0.357106,47.238564,32.008000,33.624996,30.391004,0.791281,0.987615,0.029973,0.010736,0.006107,-0.038237,-0.175632,-0.235499,,0.276031,-0.408544,-0.408544,0.071893,177615.000000,3285115.099700,-0.117521
2015-10-20,32.959999,33.419998,32.900002,33.049999,134700,0.000000,0.000000,32.959999,33.419998,32.900002,33.049999,32.015000,35.258000,37.866200,41.002150,32.623919,33.215198,-0.591280,-0.949512,0.358233,48.062613,32.015000,33.649553,30.380446,0.816600,0.954214,0.028872,0.003035,0.034753,-0.029083,-0.151258,-0.230321,,0.275941,-0.406749,-0.406749,0.075146,170975.000000,4451834.865300,-0.095030
2015-10-21,33.230000,33.930000,33.230000,33.430000,120300,0.000000,0.000000,33.230000,33.930000,33.230000,33.430000,32.069000,35.088000,37.783100,40.913300,32.747931,33.231110,-0.483178,-0.856245,0.373067,51.182846,32.069000,33.817537,30.320462,0.889183,0.948913,0.028385,0.011498,0.027983,0.015801,-0.128292,-0.224182,,0.253267,-0.399928,-0.399928,0.087508,167135.000000,4021629.000000,-0.068777
2015-10-22,33.610001,33.959999,33.009998,33.520000,171000,0.000000,0.000000,33.610001,33.959999,33.009998,33.520000,32.184500,34.930600,37.706900,40.825000,32.866711,33.252509,-0.385798,-0.762156,0.376358,51.919592,32.184500,33.998091,30.370909,0.868192,0.948991,0.028311,0.002692,0.019155,0.036167,-0.111818,-0.220284,,0.244791,-0.398313,-0.398313,0.090436,164870.000000,5731920.000000,-0.078689
2015-10-23,33.799999,33.820000,32.650002,32.930000,167900,0.000000,0.000000,33.799999,33.820000,32.650002,32.930000,32.247000,34.763000,37.620500,40.727800,32.876448,33.228619,-0.352172,-0.680159,0.327987,46.920388,32.247000,34.073495,30.420504,0.686970,0.964777,0.029298,-0.017601,0.010123,0.055111,-0.120459,-0.225176,,0.217231,-0.408903,-0.408903,0.071243,159435.000000,5528947.000000,-0.118888
2015-10-26,33.099998,33.360001,32.529999,32.599998,89500,0.000000,0.000000,33.099998,33.360001,32.529999,32.599998,32.323000,34.583600,37.529300,40.634750,32.833917,33.182055,-0.348138,-0.613755,0.265617,44.348244,32.323000,34.069793,30.576207,0.579288,0.955150,0.029299,-0.010021,-0.010622,0.029040,-0.139842,-0.243093,,0.216548,-0.414827,-0.414827,0.060507,155905.000000,2917699.821000,-0.129131
2015-10-27,32.000000,32.000000,28.680000,30.010000,552000,0.000000,0.000000,32.000000,32.000000,28.680000,30.010000,32.274000,34.359800,37.401900,40.529650,32.399468,32.947088,-0.547619,-0.600528,0.052908,30.306148,32.274000,34.221666,30.326333,-0.081208,1.166925,0.038885,-0.079448,-0.091982,-0.034427,-0.291883,-0.267513,,0.349174,-0.461318,-0.461318,0.000000,173905.000000,16565520.000000,-0.275924
2015-10-28,25.000000,26.730000,22.930000,23.719999,1410800,0.000000,0.000000,25.000000,26.730000,22.930000,23.719999,31.912500,34.004200,37.223700,40.391100,31.064165,32.263600,-1.199434,-0.720309,-0.479125,16.577798,31.912500,36.187838,27.637161,-0.458111,1.589288,0.067002,-0.209597,-0.290458,-0.234592,-0.442276,-0.417914,,0.801417,-0.574224,-0.574224,0.000000,237280.000000,33464174.589200,-0.435824
2015-10-29,23.790001,24.750000,22.639999,22.900000,696500,0.000000,0.000000,23.790001,24.750000,22.639999,22.900000,31.520500,33.652200,37.042600,40.258100,29.808140,31.570000,-1.761860,-0.928619,-0.833241,15.586545,31.520500,37.389241,25.651758,-0.234442,1.626482,0.071025,-0.034570,-0.316826,-0.260097,-0.472593,-0.442551,,0.804480,-0.588943,-0.588943,0.000000,265705.000000,15949850.000000,-0.462061
2015-10-30,23.120001,23.809999,22.950001,23.610001,344100,0.000000,0.000000,23.120001,23.809999,22.950001,23.610001,31.151000,33.346400,36.863700,40.129750,28.854580,30.980370,-2.125790,-1.168053,-0.957737,20.044508,31.151000,38.005496,24.296504,-0.050077,1.575304,0.066722,0.031004,-0.283025,-0.231945,-0.475799,-0.424146,,0.818600,-0.576198,-0.576198,0.031004,275830.000000,8124201.344100,-0.463751
2015-11-02,23.629999,24.330000,23.629999,23.670000,376400,0.000000,0.000000,23.629999,24.330000,23.629999,23.670000,30.749500,33.062400,36.681100,39.998250,28.056952,30.438861,-2.381909,-1.410824,-0.971084,20.426946,30.749500,38.366855,23.132145,0.035305,1.514211,0.063972,0.002541,-0.273926,-0.236452,-0.463630,-0.422542,,0.817078,-0.575121,-0.575121,0.033624,284105.000000,8909388.000000,-0.467861
2015-11-03,23.660000,24.430000,23.360001,24.370001,297600,0.000000,0.000000,23.660000,24.430000,23.360001,24.370001,30.380000,32.809400,36.503600,39.878450,27.489729,29.989316,-2.499587,-1.628577,-0.871010,24.937938,30.380000,38.491859,22.268140,0.129555,1.482482,0.060832,0.029573,-0.187937,-0.231230,-0.447893,-0.407344,,0.821085,-0.562556,-0.562556,0.064192,287670.000000,7252512.297600,-0.448903
2015-11-04,24.469999,24.700001,23.879999,24.129999,213100,0.000000,0.000000,24.469999,24.700001,23.879999,24.129999,29.981500,32.576400,36.328600,39.776400,26.972848,29.555292,-2.582445,-1.819350,-0.763094,24.426644,29.981500,38.509951,21.453048,0.156942,1.435162,0.059476,-0.009848,0.017285,-0.240239,-0.442725,-0.420509,,0.819768,-0.566864,-0.566864,0.053712,288385.000000,5142102.786900,-0.459741
2015-11-05,24.110001,24.250000,23.549999,24.000000,222800,0.000000,0.000000,24.110001,24.250000,23.549999,24.000000,29.539000,32.322600,36.167100,39.661250,26.515486,29.143789,-2.628303,-1.981141,-0.647162,24.137962,29.539000,38.354330,20.723669,0.185831,1.382650,0.057610,-0.005387,0.048035,-0.252336,-0.423354,-0.428571,,0.816147,-0.569198,-0.569198,0.048035,289755.000000,5347200.000000,-0.440049
2015-11-06,23.860001,24.559999,23.850000,24.500000,186800,0.000000,0.000000,23.860001,24.559999,23.850000,24.500000,29.104500,32.060600,36.013500,39.550700,26.205412,28.799805,-2.594393,-2.103791,-0.490602,27.678264,29.104500,38.018223,20.190777,0.241718,1.334604,0.054474,0.020833,0.037696,-0.254186,-0.423258,-0.413174,,0.814798,-0.560223,-0.560223,0.069869,291740.000000,4576600.000000,-0.432141
2015-11-09,24.320000,24.320000,23.230000,23.559999,216000,0.000000,0.000000,24.320000,24.320000,23.230000,23.559999,28.645000,31.779600,35.843600,39.442150,25.798425,28.411671,-2.613246,-2.205682,-0.407564,25.288867,28.645000,37.713600,19.576399,0.219637,1.329989,0.056451,-0.038367,-0.004647,-0.290148,-0.438111,-0.433790,,0.815097,-0.577096,-0.577096,0.028821,291340.000000,5088959.784000,-0.449728
2015-11-10,23.629999,24.260000,23.420000,24.129999,284700,0.000000,0.000000,23.629999,24.260000,23.420000,24.129999,28.254500,31.511200,35.681700,39.337550,25.541744,28.094510,-2.552766,-2.275099,-0.277667,29.275885,28.254500,37.397988,19.111011,0.274457,1.294990,0.053667,0.024194,-0.009848,-0.263206,-0.417009,-0.421620,,0.826222,-0.566864,-0.566864,0.053712,297880.000000,6869810.715300,-0.424711
2015-11-11,24.049999,24.280001,23.809999,23.940001,176700,0.000000,0.000000,24.049999,24.280001,23.809999,23.940001,27.825500,31.267800,35.519200,39.233850,25.295322,27.786769,-2.491447,-2.318369,-0.173078,28.725596,27.825500,36.931376,18.719624,0.286649,1.236062,0.051632,-0.007874,-0.007874,-0.250470,-0.420479,-0.423133,,0.825266,-0.570275,-0.570275,0.045415,297970.000000,4230198.176700,-0.427127
2015-11-12,23.860001,24.040001,23.270000,23.370001,264400,0.000000,0.000000,23.860001,24.040001,23.270000,23.370001,27.349500,31.020200,35.354900,39.133650,24.999119,27.459601,-2.460482,-2.346791,-0.113691,27.081012,27.349500,36.335178,18.363822,0.278564,1.202772,0.051466,-0.023810,-0.026250,-0.281365,-0.437816,-0.429861,,0.818601,-0.580506,-0.580506,0.020524,306870.000000,6179028.264400,-0.429266
2015-11-13,23.209999,23.809999,23.209999,23.320000,174700,0.000000,0.000000,23.209999,23.809999,23.209999,23.320000,26.885500,30.771600,35.205100,39.039700,24.740793,27.152964,-2.412171,-2.359867,-0.052304,26.935333,26.885500,35.686094,18.084906,0.297428,1.159717,0.049731,-0.002140,-0.048163,-0.290970,-0.433981,-0.446869,,0.814612,-0.581404,-0.581404,0.018341,309985.000000,4074004.000000,-0.401807
2015-11-16,23.379999,23.730000,22.820000,23.459999,168400,0.000000,0.000000,23.379999,23.730000,22.820000,23.459999,26.411000,30.527400,35.058200,38.947650,24.543748,26.879411,-2.335663,-2.355026,0.019363,28.101560,26.411000,34.850787,17.971212,0.325173,1.141880,0.048673,0.006003,-0.004244,-0.280368,-0.434699,-0.436735,,0.817603,-0.578891,-0.578891,0.024454,313420.000000,3950663.831600,-0.419928
2015-11-17,23.510000,24.120001,23.200001,23.469999,189600,0.000000,0.000000,23.510000,24.120001,23.200001,23.469999,25.932000,30.269200,34.906800,38.849950,24.378556,26.626862,-2.248306,-2.333682,0.085376,28.189731,25.932000,33.857002,18.006997,0.344669,1.126031,0.047977,0.000426,-0.027352,-0.287709,-0.420494,-0.439857,,0.814427,-0.578711,-0.578711,0.024891,316165.000000,4449911.810400,-0.413913
2015-11-18,23.469999,23.830000,23.260000,23.700001,150300,0.000000,0.000000,23.469999,23.830000,23.260000,23.700001,25.445500,30.016000,34.759500,38.757850,24.274163,26.410057,-2.135895,-2.294125,0.158230,30.306679,25.445500,32.588477,18.302523,0.377817,1.086315,0.045836,0.009800,-0.010025,-0.282905,-0.390746,-0.444314,,0.816608,-0.574583,-0.574583,0.034935,317665.000000,3562110.150300,-0.431281
2015-11-19,23.740000,23.830000,23.400000,23.540001,135200,0.000000,0.000000,23.740000,23.830000,23.400000,23.540001,24.946500,29.752000,34.602000,38.658100,24.161215,26.197460,-2.036246,-2.242549,0.206303,29.651820,24.946500,31.030273,18.862726,0.384406,1.039435,0.044156,-0.006751,0.007274,-0.295842,-0.378400,-0.444418,,0.811779,-0.577455,-0.577455,0.027948,315875.000000,3182608.135200,-0.456512
2015-11-20,23.770000,24.150000,23.370001,23.400000,174900,0.000000,0.000000,23.770000,24.150000,23.370001,23.400000,24.470000,29.495200,34.443600,38.551500,24.044105,25.990241,-1.946136,-2.183266,0.237130,29.060118,24.470000,29.280575,19.659425,0.388787,1.020904,0.043628,-0.005947,0.003431,-0.301909,-0.367909,-0.440860,,0.809935,-0.579968,-0.579968,0.021834,316225.000000,4092660.000000,-0.495757
2015-11-23,23.260000,24.110001,23.180000,23.950001,268500,0.000000,0.000000,23.260000,24.110001,23.180000,23.950001,24.037500,29.261600,34.291100,38.450650,24.029627,25.839112,-1.809485,-2.108510,0.299025,34.582924,24.037500,26.952260,21.122740,0.484990,1.014411,0.042355,0.023504,0.020887,-0.272700,-0.330632,-0.427171,,0.821077,-0.570095,-0.570095,0.045852,325175.000000,6430575.268500,-0.462883
2015-11-24,23.750000,24.379999,23.549999,24.240000,97900,0.000000,0.000000,23.750000,24.379999,23.549999,24.240000,23.749000,29.017600,34.142700,38.349000,24.061992,25.720659,-1.658667,-2.018542,0.359874,37.352362,23.749000,24.551730,22.946270,0.805831,1.001239,0.041305,0.012109,0.032808,-0.256442,-0.339329,-0.415763,,0.825862,-0.564890,-0.564890,0.058515,302470.000000,2373096.000000,-0.425602
2015-11-25,24.290001,24.660000,23.940001,24.610001,89400,0.000000,0.000000,24.290001,24.660000,23.940001,24.610001,23.793500,28.781400,33.992000,38.250500,24.146301,25.638388,-1.492087,-1.913251,0.421164,40.796190,23.793500,24.683403,22.903597,0.958758,0.981150,0.039868,0.015264,0.038397,-0.179940,-0.345479,-0.398876,,0.793755,-0.558248,-0.558248,0.074673,236400.000000,2200134.089400,-0.408526
2015-11-27,24.520000,25.070000,24.500000,24.840000,65600,0.000000,0.000000,24.520000,25.070000,24.500000,24.840000,23.890500,28.568600,33.856900,38.151650,24.253024,25.579249,-1.326224,-1.795845,0.469621,42.897543,23.890500,24.793162,22.987838,1.025944,0.951782,0.038317,0.009346,0.055225,0.047218,-0.339537,-0.404887,,0.305400,-0.554120,-0.554120,0.084716,204855.000000,1629504.000000,-0.401505
2015-11-30,24.879999,25.160000,24.410000,24.510000,207900,0.000000,0.000000,24.879999,25.160000,24.410000,24.510000,23.935500,28.373600,33.709500,38.046250,24.292559,25.500045,-1.207486,-1.678174,0.470687,40.667226,23.935500,24.868508,23.002492,0.807875,0.937369,0.038244,-0.013285,0.047436,0.070306,-0.347270,-0.404229,,0.280871,-0.560043,-0.560043,0.070306,198045.000000,5095629.000000,-0.416811
2015-12-01,24.660000,25.030001,24.250000,24.580000,172600,0.000000,0.000000,24.660000,25.030001,24.250000,24.580000,23.981000,28.184400,33.559000,37.942150,24.336781,25.431893,-1.095113,-1.561561,0.466449,41.363644,23.981000,24.947642,23.014358,0.809836,0.926129,0.037678,0.002856,0.026305,0.041084,-0.319302,-0.408708,,0.262314,-0.558787,-0.558787,0.073362,187855.000000,4242508.000000,-0.431511
2015-12-02,24.480000,24.480000,23.670000,23.860001,138100,0.000000,0.000000,24.480000,24.480000,23.670000,23.860001,23.955500,28.003400,33.388800,37.833550,24.263430,25.315457,-1.052027,-1.459655,0.407627,36.604504,23.955500,24.905702,23.005298,0.449748,0.924977,0.038767,-0.029292,-0.015677,0.008027,-0.332587,-0.428092,,0.283856,-0.571711,-0.571711,0.041921,179880.000000,3295066.138100,-0.411165
2015-12-03,23.910000,24.209999,23.120001,23.350000,121600,0.000000,0.000000,23.910000,24.209999,23.120001,23.350000,23.916500,27.823400,33.230400,37.719750,24.122902,25.169868,-1.046965,-1.377117,0.330151,33.651038,23.916500,24.899991,22.933009,0.211995,0.936764,0.040118,-0.021375,-0.051199,-0.041855,-0.346853,-0.453801,,0.272835,-0.580865,-0.580865,0.019651,175305.000000,2839360.000000,-0.411083
2015-12-04,23.320000,23.420000,21.600000,22.059999,389800,0.000000,0.000000,23.320000,23.420000,21.600000,22.059999,23.819500,27.640400,33.062400,37.599350,23.805532,24.939507,-1.133974,-1.328488,0.194514,27.587644,23.819500,25.104712,22.534289,-0.184518,0.999852,0.045324,-0.055246,-0.111916,-0.085785,-0.381553,-0.468946,,0.329048,-0.604021,-0.604021,0.000000,183655.000000,8598987.610200,-0.479409
2015-12-07,22.100000,22.290001,21.260000,21.430000,257700,0.000000,0.000000,22.100000,22.290001,21.260000,21.430000,23.666000,27.435400,32.882300,37.473100,23.440066,24.679543,-1.239477,-1.310686,0.071209,25.199585,23.666000,25.296065,22.035935,-0.185862,1.002006,0.046757,-0.028558,-0.125663,-0.107083,-0.410940,-0.477445,,0.339843,-0.615329,-0.615329,0.000000,187200.000000,5522511.000000,-0.471182
2015-12-08,19.750000,21.469999,19.459999,21.190001,283300,0.000000,0.000000,19.750000,21.469999,19.459999,21.190001,23.547500,27.237600,32.695800,37.345550,23.093902,24.421059,-1.327157,-1.313980,-0.013176,24.335368,23.547500,25.518862,21.576138,-0.097937,1.074005,0.050685,-0.011199,-0.137917,-0.135102,-0.417217,-0.489398,,0.326843,-0.619637,-0.619637,0.000000,190565.000000,6003127.283300,-0.489057
2015-12-09,21.160000,21.530001,20.860001,21.209999,213300,0.000000,0.000000,21.160000,21.530001,20.860001,21.209999,23.401500,27.042000,32.513900,37.218300,22.804071,24.183203,-1.379132,-1.327011,-0.052121,24.567508,23.401500,25.609527,21.193474,0.003742,1.045148,0.049276,0.000944,-0.111065,-0.099745,-0.422700,-0.494157,,0.306566,-0.619278,-0.619278,0.000944,186995.000000,4524092.786700,-0.469950
2015-12-10,21.320000,22.010000,21.320000,21.750000,215400,0.000000,0.000000,21.320000,22.010000,21.320000,21.750000,23.292000,26.858000,32.331700,37.093000,22.641906,24.002965,-1.361059,-1.333820,-0.027239,30.746153,23.292000,25.602422,20.981579,0.166295,1.027637,0.047248,0.025460,-0.068522,-0.098632,-0.399834,-0.483618,,0.308103,-0.609585,-0.609585,0.026428,188930.000000,4684950.000000,-0.446042
2015-12-11,21.370001,21.610001,21.080000,21.360001,252000,0.000000,0.000000,21.370001,21.610001,21.080000,21.360001,23.191500,26.670400,32.155900,36.969650,22.444690,23.807190,-1.362500,-1.339556,-0.022944,28.904715,23.191500,25.657277,20.725723,0.128616,1.002092,0.046914,-0.017931,-0.031732,-0.107769,-0.400505,-0.486908,,0.311340,-0.616586,-0.616586,0.008023,188310.000000,5382720.252000,-0.427080
2015-12-14,21.270000,21.510000,21.040001,21.420000,393600,0.000000,0.000000,21.270000,21.510000,21.040001,21.420000,23.096500,26.478800,31.986600,36.847750,22.287045,23.630361,-1.343316,-1.340308,-0.003008,29.603244,23.096500,25.684792,20.508208,0.176138,0.964085,0.045009,0.002809,-0.000467,-0.083440,-0.412184,-0.466501,,0.304913,-0.615509,-0.615509,0.010854,199255.000000,8430912.000000,-0.431053
2015-12-15,21.600000,22.350000,21.590000,22.090000,142700,0.000000,0.000000,21.600000,22.350000,21.590000,22.090000,23.028000,26.286600,31.830100,36.736350,22.256731,23.516260,-1.259530,-1.324152,0.064623,37.042145,23.028000,25.648106,20.407895,0.321000,0.961650,0.043533,0.031279,0.042473,-0.052744,-0.393465,-0.445810,,0.328495,-0.603482,-0.603482,0.042473,197970.000000,3152243.000000,-0.415170
2015-12-16,22.219999,23.320000,22.219999,23.290001,153800,0.000000,0.000000,22.219999,23.320000,22.219999,23.290001,23.019000,26.117200,31.688600,36.633150,22.415695,23.499500,-1.083805,-1.276083,0.192278,47.701621,23.019000,25.633945,20.404056,0.551818,0.980818,0.042113,0.054323,0.098067,-0.007246,-0.343574,-0.425647,,0.382261,-0.581942,-0.581942,0.099103,196180.000000,3582002.153800,-0.379778
2015-12-17,23.290001,23.670000,23.260000,23.469999,278200,0.000000,0.000000,23.290001,23.670000,23.260000,23.469999,23.007500,25.944600,31.544300,36.526500,22.577896,23.497315,-0.919419,-1.204750,0.285331,49.093901,23.007500,25.611836,20.403165,0.588794,0.940046,0.040053,0.007729,0.079080,0.000000,-0.314945,-0.417907,,0.383216,-0.578711,-0.578711,0.107598,202575.000000,6529353.721800,-0.351263
2015-12-18,23.250000,23.250000,22.370001,22.600000,1031600,0.000000,0.000000,23.250000,23.250000,22.370001,22.600000,22.960500,25.739600,31.346500,36.416250,22.581297,23.430847,-0.849551,-1.133710,0.284160,43.118855,22.960500,25.558293,20.362708,0.430614,0.951471,0.042100,-0.037069,0.058052,-0.046414,-0.336075,-0.437671,,0.402453,-0.594328,-0.594328,0.066541,247395.000000,23314160.000000,-0.355568
2015-12-21,22.660000,22.690001,21.940001,21.980000,201500,0.000000,0.000000,22.660000,22.690001,21.940001,21.980000,22.889500,25.515400,31.141000,36.302650,22.488789,23.323377,-0.834588,-1.073886,0.239298,39.435382,22.889500,25.514197,20.264804,0.326742,0.937080,0.042633,-0.027434,0.026144,-0.066270,-0.332118,-0.447739,,0.411827,-0.605457,-0.605457,0.037282,248725.000000,4428970.000000,-0.376728
2015-12-22,22.200001,22.379999,21.809999,22.000000,226000,0.000000,0.000000,22.200001,22.379999,21.809999,22.000000,22.792000,25.300400,30.926800,36.190700,22.413591,23.225349,-0.811758,-1.021460,0.209702,39.614585,22.792000,25.395614,20.188386,0.347904,0.910860,0.041403,0.000910,-0.004074,-0.059829,-0.319938,-0.425587,,0.411881,-0.605098,-0.605098,0.038226,246600.000000,4972000.000000,-0.372196
2015-12-23,22.160000,22.450001,21.830000,21.879999,398200,0.000000,0.000000,22.160000,22.450001,21.830000,21.879999,22.674000,25.099200,30.695200,36.078600,22.331500,23.125694,-0.794194,-0.976007,0.181813,38.871402,22.674000,25.214447,20.133553,0.343728,0.890084,0.040680,-0.005455,-0.060541,-0.086430,-0.298943,-0.426474,,0.400812,-0.607252,-0.607252,0.032562,261615.000000,8712615.601800,-0.364726
2015-12-24,21.840000,22.389999,21.799999,22.290001,113500,0.000000,0.000000,21.840000,22.389999,21.799999,22.290001,22.558000,24.894600,30.476800,35.969250,22.325115,23.063791,-0.738675,-0.928541,0.189866,42.818537,22.558000,24.932697,20.183304,0.443572,0.868650,0.038970,0.018739,-0.050277,-0.080446,-0.296401,-0.422688,,0.404806,-0.599892,-0.599892,0.051911,262820.000000,2529915.113500,-0.373643
2015-12-28,22.200001,22.420000,21.600000,21.990000,91800,0.000000,0.000000,22.200001,22.420000,21.600000,21.990000,22.415500,24.676600,30.255300,35.854350,22.273559,22.984250,-0.710691,-0.884971,0.174280,40.745357,22.415500,24.542771,20.288229,0.399989,0.865175,0.039344,-0.013459,-0.026991,-0.106461,-0.292471,-0.427791,,0.400074,-0.605277,-0.605277,0.037754,264130.000000,2018682.000000,-0.401851
2015-12-29,22.030001,22.190001,21.650000,22.040001,110900,0.000000,0.000000,22.030001,22.190001,21.650000,22.040001,22.292000,24.465400,30.042700,35.737300,22.237627,22.914306,-0.676679,-0.843312,0.166634,41.255874,22.292000,24.180699,20.403301,0.433288,0.841948,0.038201,0.002274,0.002730,-0.112721,-0.288803,-0.439043,,0.397612,-0.604380,-0.604380,0.040113,259280.000000,2444236.110900,-0.419549
2015-12-30,21.850000,22.200001,21.459999,21.590000,96100,0.000000,0.000000,21.850000,22.200001,21.459999,21.590000,22.142500,24.238200,29.842400,35.617650,22.137992,22.816209,-0.678217,-0.810293,0.132076,38.076345,22.142500,23.715628,20.569372,0.324394,0.834666,0.038660,-0.020417,-0.018636,-0.119135,-0.302423,-0.449796,,0.400158,-0.612457,-0.612457,0.018877,255455.000000,2074799.000000,-0.398890
2015-12-31,21.440001,22.490000,21.379999,22.250000,225500,0.000000,0.000000,21.440001,22.490000,21.379999,22.250000,22.062000,24.022200,29.640100,35.504050,22.155224,22.774268,-0.619044,-0.772043,0.153000,44.796216,22.062000,23.414356,20.709644,0.569508,0.854333,0.038397,0.030570,0.016910,-0.094793,-0.276187,-0.432398,,0.418727,-0.600610,-0.600610,0.050024,259825.000000,5017375.000000,-0.358384
2016-01-04,21.730000,21.900000,21.090000,21.790001,258600,0.000000,0.000000,21.730000,21.900000,21.090000,21.790001,21.984000,23.789400,29.438700,35.387350,22.099036,22.701359,-0.602323,-0.738099,0.135776,41.422286,21.984000,23.196260,20.771740,0.419985,0.876166,0.040210,-0.020674,-0.022432,-0.086756,-0.297097,-0.442426,-0.608867,0.413301,-0.608867,-0.591565,0.028315,266675.000000,5634894.258600,-0.338583
2016-01-05,21.870001,22.510000,21.629999,22.430000,206800,0.000000,0.000000,21.870001,22.510000,21.629999,22.430000,22.002500,23.567600,29.249100,35.270100,22.149954,22.681259,-0.531305,-0.696740,0.165435,47.362438,22.002500,23.230830,20.774170,0.674017,0.876440,0.039074,0.029371,0.020009,-0.039400,-0.292429,-0.434728,-0.579569,0.423659,-0.597379,-0.571701,0.058518,257525.000000,4638524.000000,-0.315471
2016-01-06,21.950001,22.379999,21.320000,21.639999,260300,0.000000,0.000000,21.950001,22.379999,21.320000,21.639999,22.013000,23.341800,29.052400,35.148750,22.071499,22.604128,-0.532629,-0.663918,0.131289,41.736280,22.013000,23.224195,20.801805,0.346019,0.893123,0.041272,-0.035221,-0.018149,-0.019039,-0.318640,-0.435724,-0.577344,0.396502,-0.611560,-0.586786,0.021236,257655.000000,5632891.739700,-0.337046
2016-01-07,20.830000,20.830000,19.719999,20.049999,345900,0.000000,0.000000,20.830000,20.830000,19.719999,20.049999,21.956000,23.090800,28.837200,35.026450,21.760499,22.414933,-0.654434,-0.662021,0.007587,33.190593,21.956000,23.412693,20.499307,-0.154222,0.966471,0.048203,-0.073475,-0.071329,-0.064396,-0.375389,-0.489172,-0.608245,0.461571,-0.640101,-0.617147,0.000000,260785.000000,6935294.654100,-0.354159
2016-01-08,20.010000,20.790001,19.870001,19.920000,371600,0.000000,0.000000,20.010000,20.790001,19.870001,19.920000,21.891500,22.889000,28.624400,34.908700,21.477345,22.230124,-0.752778,-0.680173,-0.072605,32.602811,21.891500,23.582645,20.200355,-0.082889,0.963152,0.048351,-0.006484,-0.104719,-0.059934,-0.393607,-0.497351,-0.619630,0.460773,-0.642434,-0.612677,0.000000,268700.000000,7402272.000000,-0.358860
2016-01-11,20.080000,20.400000,19.920000,19.950001,248500,0.000000,0.000000,20.080000,20.400000,19.920000,19.950001,21.801500,22.813600,28.408900,34.786450,21.242369,22.061226,-0.818856,-0.707910,-0.110947,32.898147,21.801500,23.702871,19.900129,0.013115,0.928641,0.046548,0.001506,-0.084442,-0.059406,-0.398915,-0.511986,-0.610428,0.460830,-0.641896,-0.612094,0.001506,270355.000000,4957575.248500,-0.359068
2016-01-12,19.950001,20.520000,19.240000,19.799999,198400,0.000000,0.000000,19.950001,20.520000,19.240000,19.799999,21.723500,22.751600,28.201900,34.665550,21.020466,21.893727,-0.873261,-0.740980,-0.132281,32.139808,21.723500,23.819193,19.627807,0.041082,0.953738,0.048169,-0.007519,-0.117254,-0.089655,-0.395420,-0.494769,-0.611993,0.449637,-0.644588,-0.615011,0.000000,267675.000000,3928319.801600,-0.363857
2016-01-13,19.790001,20.200001,19.520000,19.799999,266600,0.000000,0.000000,19.790001,20.200001,19.520000,19.799999,21.642500,22.675400,28.010900,34.544450,20.832702,21.738636,-0.905934,-0.773971,-0.131964,32.139808,21.642500,23.906087,19.378912,0.093013,0.934186,0.047181,0.000000,-0.085028,-0.073034,-0.380088,-0.490479,-0.615011,0.446958,-0.644588,-0.603762,0.000000,261325.000000,5278679.733400,-0.323683
2016-01-14,19.900000,20.080000,18.860001,19.510000,222300,0.000000,0.000000,19.900000,20.080000,18.860001,19.510000,21.513500,22.592200,27.827300,34.420500,20.629209,21.573552,-0.944343,-0.808045,-0.136298,30.560312,21.513500,23.956650,19.070350,0.089976,0.954601,0.048929,-0.014646,-0.026933,-0.089169,-0.400062,-0.505325,-0.605859,0.448079,-0.649794,-0.609566,0.000000,265305.000000,4337073.000000,-0.364967
2016-01-15,19.059999,19.830000,18.629999,19.670000,247800,0.000000,0.000000,19.059999,19.830000,18.629999,19.670000,21.332500,22.498200,27.653800,34.300050,20.481639,21.432548,-0.950910,-0.836618,-0.114292,32.530426,21.332500,23.757804,18.907196,0.157260,0.972129,0.049422,0.008201,-0.012550,-0.109552,-0.401946,-0.506275,-0.600852,0.431991,-0.646922,-0.606364,0.008201,270005.000000,4874226.000000,-0.323574
2016-01-19,19.860001,20.010000,19.190001,19.320000,234900,0.000000,0.000000,19.860001,20.010000,19.190001,19.320000,21.125000,22.402000,27.489200,34.191300,20.302925,21.276063,-0.973138,-0.863922,-0.109216,30.492408,21.125000,23.489657,18.760343,0.118338,0.961263,0.049755,-0.017794,-0.031579,-0.170459,-0.407362,-0.509645,-0.613368,0.375415,-0.653204,-0.600248,0.000000,267840.000000,4538268.000000,-0.323514
2016-01-20,19.080000,19.610001,18.280001,19.360001,248700,0.000000,0.000000,19.080000,19.610001,18.280001,19.360001,20.963000,22.309200,27.315900,34.087750,20.157860,21.134133,-0.976273,-0.886392,-0.089881,31.024274,20.963000,23.346046,18.579954,0.163666,0.987601,0.051012,0.002070,-0.022222,-0.175117,-0.412443,-0.515637,-0.599421,0.372819,-0.652486,-0.588348,0.002070,228695.000000,4814832.248700,-0.324015
2016-01-21,19.330000,20.740000,19.110001,20.200001,236900,0.000000,0.000000,19.330000,20.740000,19.110001,20.200001,20.874000,22.223200,27.141900,33.989250,20.164343,21.064938,-0.900595,-0.889233,-0.011362,41.199497,20.874000,23.229924,18.518077,0.356957,1.033487,0.051163,0.043388,0.020202,-0.106195,-0.388805,-0.481253,-0.546475,0.399343,-0.637408,-0.570487,0.045549,230465.000000,4785380.236900,-0.305028
2016-01-22,20.420000,21.330000,19.480000,20.920000,203800,0.000000,0.000000,20.420000,21.330000,19.480000,20.920000,20.820000,22.170400,26.975000,33.895450,20.280598,21.054202,-0.773604,-0.866107,0.092503,48.246790,20.820000,23.116001,18.523999,0.521777,1.091809,0.052190,0.035644,0.072271,-0.048226,-0.374215,-0.454498,-0.555178,0.414249,-0.624484,-0.553087,0.082816,229355.000000,4263496.000000,-0.322782
2016-01-25,20.930000,20.930000,20.209999,20.440001,244000,0.000000,0.000000,20.930000,20.930000,20.209999,20.440001,20.748000,22.096600,26.803900,33.796500,20.305122,21.008705,-0.703584,-0.833602,0.130019,44.424230,20.748000,22.993807,18.502194,0.431428,1.065251,0.052116,-0.022945,0.039146,-0.070909,-0.390215,-0.458400,-0.561467,0.420319,-0.633100,-0.563341,0.057971,221645.000000,4987360.244000,-0.308598
2016-01-26,20.450001,21.940001,19.930000,21.820000,149000,0.000000,0.000000,20.450001,21.940001,19.930000,21.820000,20.724500,22.054200,26.661000,33.695850,20.538180,21.068801,-0.530621,-0.773006,0.242385,55.371812,20.724500,22.911432,18.537568,0.750465,1.132734,0.051913,0.067515,0.129400,-0.002742,-0.337382,-0.417201,-0.518003,0.486148,-0.608329,-0.533860,0.129400,223420.000000,3251180.000000,-0.245132
2016-01-27,21.680000,22.090000,21.360001,21.590000,250400,0.000000,0.000000,21.680000,22.090000,21.360001,21.590000,20.704500,22.018600,26.519400,33.593500,20.699998,21.107409,-0.407410,-0.699887,0.292477,53.480926,20.704500,22.849619,18.559381,0.706399,1.103967,0.051133,-0.010541,0.115186,-0.031404,-0.337730,-0.430343,-0.520755,0.482736,-0.612457,-0.538774,0.117495,231350.000000,5406136.000000,-0.225205
2016-01-28,21.770000,21.889999,20.350000,20.850000,190700,0.000000,0.000000,21.770000,21.889999,20.350000,20.850000,20.645000,21.969200,26.370400,33.490300,20.723075,21.088341,-0.365266,-0.632963,0.267697,47.822478,20.645000,22.698193,18.591807,0.549922,1.135112,0.054442,-0.034275,0.032178,-0.051842,-0.305232,-0.508023,-0.533348,0.494701,-0.625740,-0.554582,0.079193,235340.000000,3976095.000000,-0.201165
2016-01-29,20.980000,21.530001,20.760000,21.389999,229100,0.000000,0.000000,20.980000,21.530001,20.760000,21.389999,20.635000,21.927800,26.227600,33.386300,20.825679,21.110686,-0.285007,-0.563372,0.278364,51.827829,20.635000,22.670687,18.599313,0.685441,1.109033,0.051848,0.025899,0.022466,-0.029492,-0.098229,-0.497061,-0.507256,0.503996,-0.616047,-0.543046,0.107143,241990.000000,4900448.770900,-0.003691
2016-02-01,21.280001,22.129999,20.809999,21.809999,241800,0.000000,0.000000,21.280001,22.129999,20.809999,21.809999,20.613000,21.894600,26.081900,33.283850,20.977113,21.162487,-0.185374,-0.487772,0.302398,54.738084,20.613000,22.583670,18.642330,0.803704,1.124102,0.051541,0.019635,0.067025,0.010190,-0.047598,-0.497697,-0.482071,0.503595,-0.608508,-0.534074,0.128882,242805.000000,5273657.758200,0.041853
2016-02-02,21.660000,21.660000,20.629999,20.920000,194700,0.000000,0.000000,21.660000,21.660000,20.629999,20.920000,20.569500,21.839000,25.927500,33.178250,20.968326,21.144525,-0.176199,-0.425457,0.249259,48.105880,20.569500,22.467859,18.671141,0.592317,1.128094,0.053924,-0.040807,-0.041247,-0.059775,-0.113935,-0.535524,-0.500358,0.511361,-0.624484,-0.553087,0.082816,239610.000000,4073124.000000,-0.007717
2016-02-03,21.030001,21.420000,20.309999,20.510000,434400,0.000000,0.000000,21.030001,21.420000,20.309999,20.510000,20.473500,21.778400,25.765200,33.065250,20.897815,21.097523,-0.199709,-0.380308,0.180599,45.378193,20.473500,22.157833,18.789167,0.510835,1.126802,0.054939,-0.019598,-0.050023,-0.058743,-0.133502,-0.535237,-0.523134,0.510891,-0.631843,-0.561846,0.061594,250990.000000,8909544.000000,-0.012010
2016-02-04,20.230000,22.879999,20.230000,22.530001,638500,0.000000,0.000000,20.230000,22.879999,20.230000,22.530001,20.518000,21.761000,25.628100,32.962400,21.148920,21.203633,-0.054713,-0.315189,0.260476,58.010652,20.518000,22.370709,18.665291,1.042989,1.235602,0.054843,0.098489,0.080576,0.004458,-0.075503,-0.489579,-0.465100,0.611267,-0.595584,-0.518693,0.166149,269900.000000,14385405.638500,0.048026
2016-02-05,25.889999,27.000000,24.030001,25.459999,1255700,0.000000,0.000000,25.889999,27.000000,24.030001,25.459999,20.788500,21.791200,25.526400,32.875000,21.812163,21.518919,0.293244,-0.193502,0.486746,69.154102,20.788500,23.655571,17.921429,1.314682,1.466630,0.057605,0.130049,0.190276,0.176525,0.055118,-0.412009,-0.414578,0.742261,-0.542990,-0.456099,0.317805,315390.000000,31970120.744300,0.206668
2016-02-08,25.360001,26.440001,25.190001,26.410000,638700,0.000000,0.000000,25.360001,26.440001,25.190001,26.410000,21.113000,21.834600,25.426100,32.791600,22.519523,21.881221,0.638301,-0.027142,0.665443,71.770066,21.113000,24.890674,17.335326,1.201093,1.451157,0.054947,0.037313,0.210912,0.317207,0.100417,-0.365449,-0.409437,0.684547,-0.525938,-0.435804,0.366977,328745.000000,16868067.000000,0.265010
2016-02-09,26.370001,27.660000,25.750000,27.450001,390000,0.000000,0.000000,26.370001,27.660000,25.750000,27.450001,21.488000,21.891400,25.336400,32.713900,23.278058,22.293724,0.984334,0.175154,0.809180,74.336041,21.488000,26.162205,16.813795,1.137756,1.483931,0.054059,0.039379,0.312142,0.378012,0.120408,-0.353814,-0.377833,0.685646,-0.507270,-0.413587,0.420808,335820.000000,10705500.390000,0.291059
2016-02-10,27.360001,27.650000,26.450001,26.650000,353300,0.000000,0.000000,27.360001,27.650000,26.450001,26.650000,21.830500,21.927600,25.248100,32.634650,23.796818,22.616411,1.180407,0.376204,0.804203,69.130636,21.830500,26.965103,16.695897,0.969316,1.463650,0.054921,-0.029144,0.299366,0.335840,0.131155,-0.364417,-0.402064,0.701969,-0.521630,-0.430677,0.379400,343565.000000,9415445.000000,0.290460
2016-02-11,26.500000,27.200001,25.660000,27.000000,301200,0.000000,0.000000,26.500000,27.200001,25.660000,27.000000,22.190500,21.977400,25.175500,32.554300,24.289615,22.941121,1.348494,0.570662,0.777832,70.116570,22.190500,27.720104,16.660896,0.934886,1.469104,0.054411,0.013133,0.198402,0.363636,0.118939,-0.347669,-0.390657,0.697335,-0.515347,-0.423200,0.397516,345295.000000,8132400.000000,0.279545
2016-02-12,27.170000,27.510000,26.770000,26.840000,277900,0.000000,0.000000,27.170000,27.510000,26.770000,26.840000,22.557000,22.022600,25.103500,32.483650,24.681982,23.229927,1.452055,0.746941,0.705114,69.031140,22.557000,28.305864,16.808136,0.872508,1.417025,0.052795,-0.005926,0.054203,0.355556,0.121136,-0.350278,-0.398341,0.699321,-0.518219,-0.426618,0.389234,348075.000000,7458836.000000,0.265108
2016-02-16,27.080000,27.480000,25.459999,27.309999,384200,0.000000,0.000000,27.080000,27.480000,25.459999,27.309999,22.939000,22.091600,25.047500,32.416450,25.086292,23.532154,1.554138,0.908380,0.645758,70.476927,22.939000,28.891842,16.986158,0.867135,1.460095,0.053464,0.017511,0.034078,0.399795,0.168592,-0.343036,-0.400965,0.690686,-0.509783,-0.416578,0.413561,354895.000000,10492501.615800,0.282301
2016-02-17,27.559999,28.370001,26.250000,26.270000,378200,0.000000,0.000000,27.559999,28.370001,26.250000,26.270000,23.286500,22.150000,24.986700,32.342400,25.268401,23.734958,1.533443,1.033393,0.500051,63.421310,23.286500,29.160723,17.412277,0.753948,1.507231,0.057375,-0.038081,-0.042987,0.335536,0.126501,-0.362379,-0.421366,0.716258,-0.528451,-0.438795,0.359731,362060.000000,9935314.000000,0.206418
2016-02-18,26.230000,26.440001,25.680000,26.000000,251500,0.000000,0.000000,26.230000,26.440001,25.680000,26.000000,23.618500,22.228800,24.934600,32.267400,25.380955,23.902739,1.478216,1.122358,0.355859,61.694479,23.618500,29.305920,17.931080,0.709366,1.453857,0.055918,-0.010278,-0.024390,0.345756,0.108269,-0.373494,-0.429574,0.712411,-0.533297,-0.444563,0.345756,362200.000000,6539000.000000,0.207992
2016-02-19,25.889999,26.629999,25.190001,25.870001,195100,0.000000,0.000000,25.889999,26.629999,25.190001,25.870001,23.902000,22.317600,24.876500,32.191800,25.456193,24.048462,1.407731,1.179432,0.228299,60.835597,23.902000,29.435110,18.368890,0.677839,1.452867,0.056160,-0.005000,-0.041852,0.336260,0.102258,-0.361235,-0.438950,0.714466,-0.535631,-0.447340,0.339027,360110.000000,5047237.195100,0.198846
2016-02-22,26.250000,26.940001,26.250000,26.830000,331500,0.000000,0.000000,26.250000,26.940001,26.250000,26.830000,24.197500,22.430400,24.834000,32.120350,25.667548,24.254502,1.413046,1.226155,0.186891,64.739435,24.197500,29.691174,18.703826,0.739594,1.425520,0.053132,0.037109,-0.000373,0.328218,0.132067,-0.310283,-0.418509,0.711629,-0.518399,-0.426832,0.388716,366495.000000,8894145.000000,0.231490
2016-02-23,26.719999,27.219999,25.670000,26.549999,411800,0.000000,0.000000,26.719999,27.219999,25.670000,26.549999,24.503000,22.537200,24.789600,32.044900,25.803309,24.424539,1.378771,1.256678,0.122093,62.774023,24.503000,29.792633,19.213367,0.693492,1.434411,0.054027,-0.010436,-0.027829,0.269120,0.127867,-0.298917,-0.431234,0.712303,-0.523425,-0.432814,0.374224,374885.000000,10933289.588200,0.240225
2016-02-24,26.410000,26.410000,24.080000,25.820000,278400,0.000000,0.000000,26.410000,26.410000,24.080000,25.820000,24.703000,22.618600,24.738300,31.964000,25.805877,24.527906,1.277971,1.260937,0.017034,57.843565,24.703000,29.866475,19.539524,0.608164,1.508382,0.058419,-0.027495,-0.017130,0.263209,0.103419,-0.302539,-0.447109,0.715311,-0.536528,-0.448408,0.336439,381355.000000,7188288.000000,0.213569
2016-02-25,26.059999,26.299999,25.150000,25.559999,158000,0.000000,0.000000,26.059999,26.299999,25.150000,25.559999,24.901500,22.702600,24.686500,31.883050,25.768050,24.604357,1.163692,1.241488,-0.077795,56.151920,24.901500,29.862350,19.940650,0.566370,1.482783,0.058012,-0.010070,-0.016923,0.171402,0.067223,-0.285634,-0.452207,0.689632,-0.541195,-0.453963,0.322981,376735.000000,4038479.842000,0.169189
2016-02-26,25.910000,26.670000,25.770000,26.150000,230200,0.000000,0.000000,25.910000,26.670000,25.770000,26.150000,25.166500,22.797200,24.638000,31.805750,25.826811,24.718849,1.107962,1.214783,-0.106821,59.076663,25.166500,29.769411,20.563589,0.606835,1.456156,0.055685,0.023083,0.010823,0.211209,0.078795,-0.287272,-0.441359,0.687816,-0.530605,-0.431892,0.353520,378710.000000,6019730.000000,0.179199
2016-02-29,26.219999,26.750000,25.990000,26.250000,312200,0.000000,0.000000,26.219999,26.750000,25.990000,26.250000,25.409500,22.880400,24.583500,31.728400,25.891917,24.832268,1.059649,1.183756,-0.124107,59.568912,25.409500,29.673629,21.145371,0.598555,1.406430,0.053578,0.003824,-0.021618,0.258993,0.066640,-0.301862,-0.429720,0.669312,-0.528810,-0.428229,0.358696,382865.000000,8195250.000000,0.175743
2016-03-01,26.370001,27.610001,26.230000,27.500000,341000,0.000000,0.000000,26.370001,27.610001,26.230000,27.500000,25.694000,22.964600,24.540900,31.658400,26.139315,25.029878,1.109437,1.168892,-0.059455,65.203293,25.694000,29.698294,21.689706,0.725508,1.404542,0.051074,0.047619,0.035782,0.285648,0.107085,-0.268812,-0.399563,0.679217,-0.506372,-0.401002,0.423395,387825.000000,9377500.000000,0.192491
2016-03-02,27.340000,27.780001,26.420000,26.660000,194900,0.000000,0.000000,27.340000,27.780001,26.420000,26.660000,25.981000,23.028400,24.486500,31.586750,26.219420,25.150628,1.068793,1.148872,-0.080080,59.229842,25.981000,29.310548,22.651452,0.601966,1.401361,0.052564,-0.030545,0.032533,0.222375,0.087719,-0.290013,-0.399144,0.694982,-0.521450,-0.419299,0.379917,387835.000000,5196034.000000,0.167045
2016-03-03,26.549999,26.940001,26.309999,26.549999,232100,0.000000,0.000000,26.549999,26.940001,26.309999,26.549999,26.283000,23.107400,24.423500,31.508700,26.270278,25.254285,1.015994,1.122297,-0.106303,58.474361,26.283000,28.396904,24.169095,0.563153,1.346264,0.050707,-0.004126,0.038732,0.269120,0.080146,-0.264747,-0.395629,0.672114,-0.523425,-0.421695,0.374224,377720.000000,6162254.767900,0.167203
2016-03-04,26.559999,27.370001,26.049999,26.790001,197200,0.000000,0.000000,26.559999,27.370001,26.049999,26.790001,26.496000,23.203600,24.359500,31.434400,26.350236,25.368041,0.982194,1.094276,-0.112082,59.682668,26.496000,27.664939,25.327061,0.625756,1.344388,0.050182,0.009040,0.024474,0.306192,0.122800,-0.250629,-0.402009,0.662276,-0.519117,-0.416467,0.386646,355655.000000,5282988.197200,0.202086
2016-03-07,26.760000,27.840000,26.549999,27.059999,257500,0.000000,0.000000,26.760000,27.840000,26.549999,27.059999,26.576000,23.304800,24.302600,31.360200,26.459430,25.493372,0.966058,1.068633,-0.102574,61.055562,26.576000,27.662499,25.489501,0.722733,1.340503,0.049538,0.010078,0.030857,0.201065,0.158886,-0.243077,-0.393953,0.585886,-0.514270,-0.410586,0.400621,305745.000000,6967949.742500,0.224252
2016-03-08,26.940001,27.059999,26.010000,26.120001,304400,0.000000,0.000000,26.940001,27.059999,26.010000,26.120001,26.561500,23.389600,24.244400,31.277550,26.407210,25.539789,0.867422,1.028390,-0.160969,54.143007,26.561500,27.664935,25.458065,0.299943,1.319753,0.050527,-0.034738,-0.050182,0.025923,0.184044,-0.267732,-0.415660,0.409924,-0.531143,-0.431061,0.351967,289030.000000,7950928.304400,0.280003
2016-03-09,26.160000,26.510000,25.969999,26.139999,256000,0.000000,0.000000,26.160000,26.510000,25.969999,26.139999,26.496000,23.466600,24.180600,31.196400,26.366101,25.584249,0.781852,0.979083,-0.197231,54.261649,26.496000,27.530752,25.461248,0.327978,1.264056,0.048357,0.000766,-0.019505,-0.010223,0.219785,-0.281473,-0.411129,0.388735,-0.530784,-0.430625,0.353002,282330.000000,6691839.744000,0.303565
2016-03-10,26.260000,27.250000,25.389999,26.230000,295300,0.000000,0.000000,26.260000,27.250000,25.389999,26.230000,26.475000,23.551400,24.114000,31.118300,26.345162,25.632082,0.713080,0.925882,-0.212802,54.828079,26.475000,27.513632,25.436367,0.382057,1.306624,0.049814,0.003443,-0.012053,-0.044444,0.237848,-0.278603,-0.407901,0.361615,-0.529169,-0.428665,0.357660,279430.000000,7745719.000000,0.323383
2016-03-11,26.530001,27.410000,26.530001,27.370001,142600,0.000000,0.000000,26.530001,27.410000,26.530001,27.370001,26.493500,23.658000,24.061700,31.046100,26.502830,25.760817,0.742013,0.889108,-0.147095,61.356205,26.493500,27.583421,25.403579,0.902094,1.297579,0.047409,0.043462,0.021650,0.027017,0.290429,-0.255035,-0.380208,0.379745,-0.508706,-0.403834,0.416667,271500.000000,3902962.142600,0.345059
2016-03-14,27.290001,27.350000,26.760000,27.100000,183900,0.000000,0.000000,27.290001,27.350000,26.760000,27.100000,26.506500,23.768200,24.003200,30.974150,26.594702,25.860016,0.734686,0.858224,-0.123537,59.174968,26.506500,27.619774,25.393225,0.766556,1.248467,0.046069,-0.009865,0.001478,0.003704,0.245977,-0.252208,-0.397376,0.379256,-0.513552,-0.409715,0.402692,266800.000000,4983690.000000,0.304427
2016-03-15,26.950001,26.950001,26.230000,26.410000,152500,0.000000,0.000000,26.950001,26.950001,26.230000,26.410000,26.461500,23.851400,23.936800,30.901500,26.566286,25.900755,0.665531,0.819685,-0.154154,53.901309,26.461500,27.508828,25.414172,0.475414,1.221433,0.046249,-0.025461,0.011103,-0.016021,0.236423,-0.258771,-0.418922,0.389296,-0.525938,-0.424744,0.366977,255215.000000,4027525.000000,0.277936
2016-03-16,26.320000,27.250000,26.219999,27.100000,151800,0.000000,0.000000,26.320000,27.250000,26.219999,27.100000,26.503000,23.957600,23.873500,30.828300,26.648396,25.989588,0.658808,0.787510,-0.128702,57.938196,26.503000,27.583626,25.422374,0.776229,1.207759,0.044567,0.026126,0.036725,-0.007689,0.265173,-0.256312,-0.404657,0.395410,-0.513552,-0.409715,0.402692,243895.000000,4113780.000000,0.303188
2016-03-17,27.150000,29.370001,26.969999,28.980000,325700,0.000000,0.000000,27.150000,29.370001,26.969999,28.980000,26.652000,24.088600,23.828100,30.767500,27.007104,26.211100,0.796004,0.789209,0.006796,66.536657,26.652000,28.172756,25.131244,1.265409,1.292920,0.044614,0.069373,0.104842,0.103159,0.311906,-0.204283,-0.355570,0.438163,-0.479806,-0.368765,0.500000,247605.000000,9438786.000000,0.356021
2016-03-18,29.150000,29.719999,28.730000,29.070000,441100,0.000000,0.000000,29.150000,29.719999,28.730000,29.070000,26.812000,24.237200,23.789500,30.705000,27.324473,26.422870,0.901602,0.811688,0.089915,66.885652,26.812000,28.630532,24.993468,1.120831,1.271282,0.043732,0.003106,0.062112,0.118077,0.248175,-0.180665,-0.355861,0.434705,-0.478191,-0.366805,0.504658,259905.000000,12822777.000000,0.302498
2016-03-21,29.190001,29.920000,29.110001,29.770000,230600,0.000000,0.000000,29.190001,29.920000,29.110001,29.770000,26.959000,24.431600,23.761200,30.645250,27.700708,26.670806,1.029902,0.855330,0.174571,69.545973,26.959000,29.208013,24.709987,1.124941,1.241191,0.041693,0.024080,0.098524,0.150754,0.268428,-0.131057,-0.351133,0.437367,-0.465626,-0.351557,0.540890,254860.000000,6864962.000000,0.307144
2016-03-22,29.580000,29.580000,28.910000,29.129999,160600,0.000000,0.000000,29.580000,29.580000,28.910000,29.129999,27.088000,24.615800,23.752400,30.577150,27.920599,26.852968,1.067630,0.897790,0.169840,64.448032,27.088000,29.526244,24.649755,0.918744,1.213963,0.041674,-0.021498,0.102991,0.085725,0.288938,-0.144242,-0.365498,0.433746,-0.477114,-0.353242,0.507764,242300.000000,4678277.839400,0.309539
2016-03-23,29.150000,29.360001,28.299999,28.299999,329100,0.000000,0.000000,29.150000,29.360001,28.299999,28.299999,27.212000,24.782800,23.798200,30.510950,27.978968,26.960156,1.018812,0.921995,0.096817,58.462756,27.212000,29.630896,24.793104,0.724896,1.202966,0.042508,-0.028493,0.044280,0.065913,0.287534,-0.140079,-0.364188,0.445805,-0.492012,-0.371670,0.464803,244835.000000,9313529.670900,0.327796
2016-03-24,28.209999,28.620001,27.760000,28.490000,155400,0.000000,0.000000,28.209999,28.620001,27.760000,28.490000,27.358500,24.956600,23.854100,30.448350,28.057588,27.073478,0.984111,0.934418,0.049693,59.392458,27.358500,29.710093,25.006907,0.740582,1.178468,0.041364,0.006714,-0.016908,0.103408,0.295000,-0.119320,-0.344605,0.431438,-0.488602,-0.367451,0.474638,244705.000000,4427346.000000,0.340512
2016-03-28,28.500000,28.500000,27.270000,27.490000,146900,0.000000,0.000000,28.500000,28.500000,27.270000,27.490000,27.425500,25.110400,23.892900,30.378300,27.970267,27.104331,0.865936,0.920722,-0.054786,52.706017,27.425500,29.707442,25.143557,0.514133,1.182149,0.043003,-0.035100,-0.054352,0.075509,0.256399,-0.119193,-0.380856,0.450766,-0.506552,-0.389654,0.422878,240540.000000,4038281.000000,0.311718
2016-03-29,27.450001,28.370001,27.070000,28.360001,309500,0.000000,0.000000,27.450001,28.370001,27.070000,28.360001,27.531000,25.287400,23.939800,30.310450,28.030226,27.197344,0.832882,0.903154,-0.070271,57.218580,27.531000,29.778964,25.283036,0.684389,1.190567,0.041981,0.031648,-0.047363,0.084512,0.272319,-0.104798,-0.355161,0.456313,-0.490935,-0.370337,0.467909,240405.000000,8777420.309500,0.312306
2016-03-30,28.450001,28.690001,28.219999,28.309999,201000,0.000000,0.000000,28.450001,28.690001,28.219999,28.309999,27.571500,25.460200,23.979200,30.241400,28.073268,27.279763,0.793505,0.881224,-0.087719,56.882650,27.571500,29.846140,25.296859,0.662333,1.139098,0.040237,-0.001763,-0.028150,0.078476,0.287403,-0.089125,-0.356883,0.456790,-0.491833,-0.371448,0.465321,233405.000000,5690309.799000,0.321464
2016-03-31,28.309999,28.450001,27.870001,28.150000,116400,0.000000,0.000000,28.309999,28.450001,27.870001,28.150000,27.646000,25.636800,24.019400,30.174000,28.085073,27.344225,0.740848,0.853149,-0.112301,55.754652,27.646000,29.892367,25.399633,0.612181,1.099163,0.039047,-0.005652,-0.005300,0.023636,0.277223,-0.091642,-0.364560,0.429123,-0.494705,-0.375000,0.457039,229480.000000,3276660.000000,0.323835
2016-04-01,27.969999,28.350000,27.170000,28.299999,142100,0.000000,0.000000,27.969999,28.350000,27.170000,28.299999,27.733500,25.815600,24.062400,30.114750,28.118139,27.415023,0.703116,0.823142,-0.120027,56.623098,27.733500,29.936018,25.530982,0.628603,1.104937,0.039044,0.005329,-0.006669,0.061515,0.310792,-0.085622,-0.353291,0.413109,-0.492012,-0.371670,0.464803,224980.000000,4021429.857900,0.340661
2016-04-04,28.299999,28.430000,27.379999,27.690001,245300,0.000000,0.000000,28.299999,28.430000,27.379999,27.690001,27.778500,25.965400,24.094300,30.053900,28.052271,27.435392,0.616880,0.781890,-0.165010,52.141021,27.778500,29.936172,25.620828,0.479492,1.101013,0.039762,-0.021555,0.007275,0.042938,0.244494,-0.099219,-0.325785,0.421315,-0.502962,-0.385213,0.433230,227385.000000,6792357.245300,0.267582
2016-04-05,27.450001,27.910000,26.930000,26.990000,264100,0.000000,0.000000,27.450001,27.910000,26.930000,26.990000,27.775000,26.086800,24.128600,29.986100,27.888845,27.402400,0.486445,0.722801,-0.236356,47.494928,27.775000,29.937800,25.612200,0.318522,1.092369,0.040473,-0.025280,-0.048308,0.007465,0.238642,-0.129355,-0.326429,0.431094,-0.515527,-0.400755,0.396998,227715.000000,7128059.000000,0.250707
2016-04-06,26.889999,27.120001,25.959999,26.830000,239700,0.000000,0.000000,26.889999,27.120001,25.959999,26.830000,27.810500,26.214600,24.155600,29.918650,27.725946,27.360000,0.365946,0.651430,-0.285484,46.475542,27.810500,29.880226,25.740774,0.263133,1.097200,0.040895,-0.005928,-0.052278,-0.008500,0.196166,-0.153628,-0.327569,0.430272,-0.518399,-0.404307,0.388716,224480.000000,6431151.000000,0.190178
2016-04-07,26.719999,27.129999,26.250000,26.950001,399400,0.000000,0.000000,26.719999,27.129999,26.250000,26.950001,27.851000,26.317200,24.185700,29.852450,27.606570,27.329629,0.276940,0.576532,-0.299592,47.387614,27.851000,29.811933,25.890067,0.270263,1.081686,0.040137,0.004473,-0.042629,0.031776,0.245379,-0.151448,-0.320817,0.411485,-0.516245,-0.401643,0.394928,231650.000000,10763830.399400,0.242771
2016-04-08,27.150000,27.990000,26.969999,27.320000,209300,0.000000,0.000000,27.150000,27.990000,26.969999,27.320000,27.905500,26.431800,24.225200,29.790050,27.562482,27.328916,0.233566,0.507939,-0.274373,50.205102,27.905500,29.732772,26.078228,0.339789,1.078708,0.039484,0.013729,-0.034629,0.045142,0.362594,-0.148910,-0.320905,0.413517,-0.509603,-0.393428,0.414079,227350.000000,5718076.000000,0.328206
2016-04-11,27.219999,27.879999,26.590000,26.990000,145000,0.000000,0.000000,27.219999,27.879999,26.590000,26.990000,27.886500,26.554600,24.261900,29.733500,27.474408,27.303811,0.170597,0.440470,-0.269874,47.749053,27.886500,29.744855,26.028145,0.258792,1.093800,0.040526,-0.012079,-0.025280,0.028974,0.354920,-0.178387,-0.356615,0.416520,-0.515527,-0.400755,0.396998,227470.000000,3913550.000000,0.314053
2016-04-12,26.969999,27.440001,26.719999,26.969999,120600,0.000000,0.000000,26.969999,27.440001,26.719999,26.969999,27.880000,26.666200,24.297000,29.677600,27.396806,27.279084,0.117722,0.375921,-0.258199,47.597071,27.880000,29.750806,26.009194,0.256789,1.067100,0.039566,-0.000741,-0.000741,-0.014615,0.351880,-0.187406,-0.358773,0.387813,-0.515886,-0.401199,0.395963,224305.000000,3252581.879400,0.301405
2016-04-13,27.200001,28.040001,26.950001,27.950001,299400,0.000000,0.000000,27.200001,28.040001,26.950001,27.950001,27.957000,26.789000,24.341800,29.624300,27.481913,27.328782,0.153131,0.331363,-0.178231,55.132661,27.957000,29.695118,26.218881,0.497987,1.068736,0.038237,0.036337,0.041744,0.031365,0.411616,-0.146565,-0.326344,0.406225,-0.498295,-0.379440,0.446687,231650.000000,8368230.299400,0.355811
2016-04-14,27.889999,27.920000,27.350000,27.690001,271200,0.000000,0.000000,27.889999,27.920000,27.350000,27.690001,27.986500,26.924400,24.381700,29.570600,27.513927,27.355539,0.158388,0.296768,-0.138380,52.956880,27.986500,29.682902,26.290098,0.412609,1.035255,0.037387,-0.009302,0.027458,0.048467,0.398485,-0.133062,-0.343683,0.396307,-0.502962,-0.385213,0.433230,237620.000000,7509528.271200,0.305727
2016-04-15,27.650000,28.049999,27.360001,27.879999,216900,0.000000,0.000000,27.650000,28.049999,27.360001,27.879999,27.931500,27.071800,24.425100,29.513550,27.570246,27.394388,0.175858,0.272586,-0.096728,54.373913,27.931500,29.562338,26.300662,0.484210,1.010594,0.036248,0.006862,0.020498,0.028782,0.429011,-0.142681,-0.340898,0.387384,-0.499551,-0.380995,0.443064,232180.000000,6047171.783100,0.358974
2016-04-18,27.840000,28.580000,27.650000,28.340000,295800,0.000000,0.000000,27.840000,28.580000,27.650000,28.340000,27.895000,27.188000,24.474500,29.459050,27.688669,27.464433,0.224236,0.262916,-0.038680,57.696344,27.895000,29.449436,26.340563,0.643139,1.004837,0.035456,0.016499,0.050019,-0.022084,0.440773,-0.138340,-0.325880,0.305540,-0.491294,-0.370782,0.466874,224915.000000,8382972.000000,0.335702
2016-04-19,28.379999,29.270000,28.379999,29.100000,327400,0.000000,0.000000,28.379999,29.270000,28.379999,29.100000,27.861500,27.260800,24.526000,29.408550,27.905797,27.585586,0.320211,0.274375,0.045836,62.548665,27.861500,29.267596,26.455404,0.940404,0.999491,0.034347,0.026817,0.078977,0.001032,0.506211,-0.107362,-0.324983,0.320136,-0.477652,-0.353908,0.506211,229755.000000,9527340.000000,0.402708
2016-04-20,29.020000,29.910000,29.020000,29.840000,300700,0.000000,0.000000,29.020000,29.910000,29.020000,29.840000,27.897000,27.329400,24.582000,29.362350,28.203367,27.752580,0.450787,0.309657,0.141130,66.569509,27.897000,29.464527,26.329473,1.119766,0.991671,0.033233,0.025430,0.067621,0.002351,0.541322,-0.094385,-0.307657,0.321433,-0.464369,-0.337478,0.544513,236760.000000,8972888.000000,0.434776
2016-04-21,29.820000,29.820000,28.870001,29.200001,716900,0.000000,0.000000,29.820000,29.820000,28.870001,29.200001,27.942000,27.364400,24.627900,29.309950,28.356695,27.859796,0.496899,0.347106,0.149793,60.517961,27.942000,29.606890,26.277111,0.877803,0.990123,0.033908,-0.021448,0.054532,0.002403,0.445545,-0.116490,-0.319981,0.321390,-0.475857,-0.351687,0.511387,256150.000000,20933480.716900,0.339591
2016-04-22,29.100000,29.879999,29.100000,29.500000,376500,0.000000,0.000000,29.100000,29.879999,29.100000,29.500000,27.992500,27.421400,24.674500,29.265700,28.532588,27.981293,0.551295,0.387944,0.163352,62.250289,27.992500,29.783846,26.201154,0.920773,0.975114,0.033055,0.010274,0.058106,0.042403,0.410134,-0.117559,-0.315386,0.305268,-0.470472,-0.345027,0.526915,267205.000000,11106750.000000,0.341513
2016-04-25,29.500000,29.500000,28.340000,28.879999,299900,0.000000,0.000000,29.500000,29.500000,28.340000,28.879999,28.062000,27.459000,24.718200,29.213850,28.586036,28.047864,0.538172,0.417989,0.120183,56.712151,28.062000,29.878933,26.245067,0.725104,0.988320,0.034222,-0.021017,0.019054,0.013689,0.412916,-0.138425,-0.328216,0.315009,-0.481601,-0.358792,0.494824,274855.000000,8661111.700100,0.329414
2016-04-26,28.980000,29.850000,28.670000,29.650000,449900,0.000000,0.000000,28.980000,29.850000,28.670000,29.650000,28.126500,27.515200,24.768900,29.163950,28.749723,28.166540,0.583182,0.451028,0.132154,61.315207,28.126500,30.074814,26.178186,0.890979,1.002011,0.033795,0.026662,0.018900,0.078574,0.358845,-0.099605,-0.302353,0.298457,-0.467780,-0.341696,0.534679,281875.000000,13339535.000000,0.288654
2016-04-27,29.990000,32.650002,29.690001,32.000000,1515700,0.000000,0.000000,29.990000,32.650002,29.690001,32.000000,28.311000,27.609000,24.850300,29.119550,29.249765,28.450500,0.799265,0.520675,0.278590,71.333884,28.311000,30.919495,25.702505,1.207113,1.144725,0.035773,0.079258,0.072386,0.128350,0.482168,-0.018405,-0.257023,0.386933,-0.425597,-0.289520,0.656315,347610.000000,48502400.000000,0.393771
2016-04-28,31.620001,31.620001,29.920000,30.059999,1275000,0.000000,0.000000,31.620001,31.620001,29.920000,30.059999,28.406500,27.684800,24.917400,29.073900,29.374417,28.569722,0.804694,0.577479,0.227215,57.983511,28.406500,31.127601,25.685399,0.803829,1.211530,0.040304,-0.060625,0.029452,0.061816,0.441727,0.001666,-0.266292,0.450414,-0.460420,-0.332593,0.555901,405540.000000,38326498.725000,0.375467
2016-04-29,30.180000,30.190001,28.540001,28.920000,537800,0.000000,0.000000,30.180000,30.190001,28.540001,28.920000,28.437500,27.743200,24.986000,29.024200,29.304506,28.595669,0.708838,0.603751,0.105087,51.843376,28.437500,31.167604,25.707396,0.588367,1.242850,0.042975,-0.037924,-0.019661,0.027353,0.352034,0.219224,-0.290307,0.471808,-0.480883,-0.357904,0.496894,425325.000000,15553176.000000,0.317051
2016-05-02,28.920000,29.180000,28.440001,28.760000,277700,0.000000,0.000000,28.920000,29.180000,28.440001,28.760000,28.491000,27.801000,25.059300,28.970800,29.220736,28.607842,0.612895,0.605580,0.007315,51.026660,28.491000,31.201291,25.780709,0.549626,1.206932,0.041966,-0.005533,-0.004155,0.016254,0.318661,0.255895,-0.299903,0.472256,-0.483755,-0.361456,0.488613,426945.000000,7986652.000000,0.275976
2016-05-03,28.520000,28.770000,27.440001,28.110001,203100,0.000000,0.000000,28.520000,28.770000,27.440001,28.110001,28.547000,27.826600,25.128500,28.912150,29.049854,28.570965,0.478889,0.580242,-0.101352,47.736582,28.547000,31.171637,25.922363,0.416751,1.215722,0.043249,-0.022601,-0.051939,0.015168,0.343690,0.190597,-0.314390,0.472904,-0.495423,-0.375888,0.454969,423895.000000,5709141.203100,0.289169
2016-05-04,27.910000,28.490000,26.830000,26.840000,265000,0.000000,0.000000,27.910000,28.490000,26.830000,26.840000,28.547500,27.832400,25.184800,28.849350,28.709876,28.442745,0.267131,0.517620,-0.250488,42.033834,28.547500,31.170763,25.924237,0.174547,1.247456,0.046478,-0.045180,-0.161250,-0.005558,0.308630,0.133925,-0.345206,0.491566,-0.518219,-0.404085,0.389234,425160.000000,7112600.000000,0.259476
2016-05-05,26.950001,27.299999,26.469999,26.469999,213600,0.000000,0.000000,26.950001,27.299999,26.469999,26.469999,28.523500,27.845400,25.232000,28.781850,28.365280,28.296616,0.068664,0.427828,-0.359164,40.515263,28.523500,31.216167,25.830833,0.118686,1.217638,0.046001,-0.013785,-0.119428,-0.013418,0.174878,0.086171,-0.356274,0.493548,-0.524861,-0.412300,0.370083,415870.000000,5653991.786400,0.128858
2016-05-06,26.440001,27.129999,26.290001,27.120001,273000,0.000000,0.000000,26.440001,27.129999,26.290001,27.120001,28.513500,27.876600,25.289600,28.722750,28.173698,28.209459,-0.035760,0.335111,-0.370871,44.320879,28.513500,31.226395,25.800605,0.243171,1.190664,0.043904,0.024556,-0.062241,0.006308,0.065200,0.123912,-0.348703,0.500787,-0.513193,-0.397869,0.403727,419055.000000,7403760.273000,-0.020293
2016-05-09,27.049999,27.389999,26.799999,26.920000,278000,0.000000,0.000000,27.049999,27.389999,26.799999,26.920000,28.510000,27.892000,25.344600,28.665600,27.980822,28.113943,-0.133122,0.241464,-0.374586,43.400812,28.510000,31.231339,25.788661,0.207864,1.147759,0.042636,-0.007375,-0.063978,-0.014641,0.019311,0.121667,-0.359048,0.499240,-0.516783,-0.402309,0.393375,425705.000000,7483760.000000,-0.089580
2016-05-10,27.010000,27.590000,27.010000,27.150000,346000,0.000000,0.000000,27.010000,27.590000,27.010000,27.150000,28.519000,27.910000,25.395200,28.612650,27.853003,28.042540,-0.189537,0.155264,-0.344801,44.819468,28.519000,31.220009,25.817991,0.246576,1.113634,0.041018,0.008544,-0.034152,0.005928,-0.010929,0.108163,-0.349701,0.498185,-0.512655,-0.397203,0.405280,436975.000000,9393900.000000,-0.137692
2016-05-11,27.080000,27.870001,26.680000,26.770000,493600,0.000000,0.000000,27.080000,27.870001,26.680000,26.770000,28.460000,27.895400,25.430000,28.559300,27.686387,27.948278,-0.261891,0.071833,-0.333724,42.905982,28.460000,31.262968,25.657032,0.198534,1.119088,0.041804,-0.013996,-0.002608,-0.007416,0.004503,0.136248,-0.356645,0.500793,-0.519476,-0.405639,0.385611,446685.000000,13213672.000000,-0.106876
2016-05-12,26.799999,27.000000,25.350000,26.120001,337800,0.000000,0.000000,26.799999,27.000000,25.350000,26.120001,28.381500,27.884600,25.456500,28.500400,27.445405,27.812850,-0.367445,-0.016023,-0.351423,39.777659,28.381500,31.357844,25.405156,0.120088,1.157011,0.044296,-0.024281,-0.013222,-0.065474,-0.032593,0.082470,-0.373921,0.489448,-0.531143,-0.420071,0.351967,450015.000000,8823336.337800,-0.142859
2016-05-13,25.980000,26.270000,24.620001,24.740000,247000,0.000000,0.000000,25.980000,26.270000,24.620001,24.740000,28.224500,27.848400,25.477900,28.412200,27.029189,27.585232,-0.556043,-0.124027,-0.432016,34.094055,28.224500,31.614718,24.834282,-0.013905,1.192224,0.048190,-0.052833,-0.087758,-0.106537,-0.078241,0.033417,-0.403855,0.519100,-0.555915,-0.450710,0.280538,451520.000000,6110780.000000,-0.165889
2016-05-16,24.840000,25.360001,24.200001,24.520000,495800,0.000000,0.000000,24.840000,25.360001,24.200001,24.520000,28.033500,27.803000,25.503300,28.322150,26.643160,27.358177,-0.715018,-0.242225,-0.472793,33.277724,28.033500,31.805275,24.261725,0.034238,1.189922,0.048529,-0.008892,-0.089153,-0.120516,-0.102160,0.049208,-0.401805,0.517491,-0.559864,-0.455595,0.269151,461520.000000,12157016.000000,-0.178694
2016-05-17,24.450001,25.219999,23.780001,24.110001,692600,0.000000,0.000000,24.450001,25.219999,23.780001,24.110001,27.784000,27.744000,25.524400,28.225600,26.253443,27.117572,-0.864129,-0.366606,-0.497523,31.751908,27.784000,31.902923,23.665077,0.054010,1.207785,0.050095,-0.016721,-0.111970,-0.149259,-0.082223,0.033877,-0.428131,0.512391,-0.567223,-0.464698,0.247930,479780.000000,16698586.692600,-0.122291
2016-05-18,23.950001,24.410000,23.840000,24.110001,286200,0.000000,0.000000,23.950001,24.410000,23.840000,24.110001,27.497500,27.703800,25.546700,28.120950,25.923683,26.894789,-0.971106,-0.487506,-0.483600,31.751908,27.497500,31.806994,23.188006,0.106973,1.162229,0.048205,0.000000,-0.099365,-0.171478,-0.072692,0.027707,-0.421128,0.498200,-0.567223,-0.464698,0.247930,479055.000000,6900282.286200,-0.128754
2016-05-19,24.010000,24.870001,23.900000,24.680000,198300,0.000000,0.000000,24.010000,24.870001,23.900000,24.680000,27.271500,27.674600,25.570600,28.023700,25.732347,26.730730,-0.998383,-0.589681,-0.408702,36.450033,27.271500,31.678051,22.864949,0.205949,1.148498,0.046536,0.023642,-0.055130,-0.172922,-0.045999,0.051555,-0.410979,0.496704,-0.556992,-0.452043,0.277433,453125.000000,4894044.000000,-0.092198
2016-05-20,24.840000,25.230000,24.840000,25.170000,131900,0.000000,0.000000,24.840000,25.230000,24.840000,25.170000,27.055000,27.653400,25.602400,27.928850,25.645832,26.615121,-0.969289,-0.665603,-0.303686,40.257400,27.055000,31.425877,22.684123,0.284368,1.105748,0.043931,0.019854,0.017381,-0.138014,-0.061871,0.062025,-0.409848,0.503734,-0.548196,-0.441163,0.302795,440895.000000,3319923.000000,-0.105399
2016-05-23,25.110001,25.200001,24.680000,24.799999,214300,0.000000,0.000000,25.110001,25.200001,24.680000,24.799999,26.851000,27.602000,25.630000,27.836350,25.515704,26.480667,-0.964963,-0.725475,-0.239488,38.387203,26.851000,31.244027,22.457973,0.266562,1.063909,0.042900,-0.014700,0.011419,-0.159322,-0.065913,0.053526,-0.414680,0.500631,-0.554838,-0.449378,0.283644,436615.000000,5314639.785700,-0.124134
2016-05-24,24.879999,25.440001,24.620001,25.389999,203500,0.000000,0.000000,24.879999,25.440001,24.620001,25.389999,26.638000,27.567800,25.668000,27.755200,25.496365,26.399877,-0.903512,-0.761082,-0.142430,42.939311,26.638000,30.869748,22.406253,0.352543,1.046487,0.041217,0.023790,0.053090,-0.120845,-0.016654,0.085043,-0.393309,0.509661,-0.544247,-0.436279,0.314182,424295.000000,5166864.796500,-0.086757
2016-05-25,25.600000,26.120001,25.260000,26.070000,144600,0.000000,0.000000,25.600000,26.120001,25.260000,26.070000,26.341500,27.561000,25.706200,27.673150,25.584616,26.375442,-0.790825,-0.767031,-0.023794,47.732408,26.341500,29.740412,22.942589,0.460061,1.033167,0.039630,0.026782,0.081294,-0.120742,0.019953,0.088518,-0.376465,0.509757,-0.532041,-0.421181,0.349379,355740.000000,3769722.000000,-0.048287
2016-05-26,26.760000,26.760000,25.639999,25.930000,145400,0.000000,0.000000,26.760000,26.760000,25.639999,25.930000,26.135000,27.537600,25.747600,27.593150,25.637752,26.342446,-0.704694,-0.754564,0.049870,46.859675,26.135000,29.050083,23.219918,0.464838,1.039369,0.040084,-0.005370,0.050648,-0.189688,-0.008413,0.069719,-0.375030,0.405933,-0.534554,-0.424290,0.342133,299260.000000,3770222.000000,-0.076227
2016-05-27,25.889999,26.139999,25.799999,25.900000,146900,0.000000,0.000000,25.889999,26.139999,25.799999,25.900000,25.984000,27.476000,25.782300,27.515700,25.678098,26.309672,-0.631574,-0.729966,0.098392,46.662788,25.984000,28.587928,23.380073,0.483870,0.989414,0.038201,-0.001157,0.029003,-0.138390,-0.013333,0.052418,-0.367367,0.361702,-0.535092,-0.424956,0.340580,279715.000000,3804710.000000,-0.095728
2016-05-31,25.980000,26.299999,25.850000,26.070000,154200,0.000000,0.000000,25.980000,26.299999,25.850000,26.070000,25.849500,27.416000,25.826600,27.439500,25.738391,26.291919,-0.553528,-0.694678,0.141150,47.996202,25.849500,28.104156,23.594844,0.548899,0.950885,0.036474,0.006564,0.051210,-0.098548,-0.052000,0.049517,-0.375419,0.345984,-0.532041,-0.421181,0.349379,273540.000000,4019994.000000,-0.107111
2016-06-01,25.850000,26.040001,25.260000,25.930000,218700,0.000000,0.000000,25.850000,26.040001,25.260000,25.930000,25.740500,27.339200,25.885400,27.361300,25.767869,26.265110,-0.497241,-0.655191,0.157950,46.955128,25.740500,27.730237,23.750764,0.547619,0.940821,0.036283,-0.005370,0.021268,-0.098401,-0.027382,0.057936,-0.369713,0.345980,-0.534554,-0.424290,0.342133,274320.000000,5670891.000000,-0.080286
2016-06-02,25.870001,25.870001,25.049999,25.629999,174700,0.000000,0.000000,25.870001,25.870001,25.049999,25.629999,25.680000,27.269200,25.942500,27.283450,25.746658,26.218065,-0.471406,-0.618434,0.147027,44.716795,25.680000,27.601381,23.758619,0.486988,0.936477,0.036538,-0.011570,-0.016878,-0.088225,-0.034652,0.042718,-0.383450,0.340858,-0.539939,-0.430950,0.326605,269805.000000,4477560.825300,-0.090721
2016-06-03,25.549999,25.910000,24.820000,25.690001,262500,0.000000,0.000000,25.549999,25.910000,24.820000,25.690001,25.641000,27.217000,25.999900,27.204400,25.737942,26.178949,-0.441007,-0.582949,0.141941,45.278652,25.641000,27.526188,23.755812,0.512996,0.947443,0.036880,0.002341,-0.009256,-0.042846,-0.041060,0.076697,-0.384228,0.306869,-0.538862,-0.429618,0.329710,272250.000000,6743625.262500,-0.088866
2016-06-06,25.750000,26.000000,25.440001,25.889999,171600,0.000000,0.000000,25.750000,26.000000,25.440001,25.889999,25.579500,27.165000,26.060800,27.131350,25.761335,26.157545,-0.396210,-0.545601,0.149391,47.204725,25.579500,27.337495,23.821505,0.588311,0.919768,0.035526,0.007785,-0.000386,-0.021912,-0.043237,0.108779,-0.394386,0.305440,-0.535272,-0.425178,0.340062,267180.000000,4442723.828400,-0.098557
2016-06-07,25.900000,26.090000,25.480000,25.790001,253100,0.000000,0.000000,25.900000,26.090000,25.480000,25.790001,25.523000,27.131000,26.120700,27.065800,25.765745,26.130320,-0.364574,-0.509396,0.144821,46.326718,25.523000,27.168640,23.877360,0.581124,0.897642,0.034806,-0.003862,-0.010740,-0.049041,-0.012634,0.169084,-0.379153,0.291155,-0.537067,-0.427398,0.334886,265935.000000,6527449.253100,-0.079948
2016-06-08,25.950001,26.770000,25.629999,26.770000,194700,0.000000,0.000000,25.950001,26.770000,25.629999,26.770000,25.504000,27.099200,26.193300,27.010300,25.920246,26.177703,-0.257457,-0.459008,0.201551,55.134115,25.504000,27.077750,23.930250,0.902224,0.914953,0.034178,0.037999,0.032395,-0.005572,0.024101,0.249183,-0.347232,0.321860,-0.519476,-0.405639,0.385611,258370.000000,5212119.000000,-0.040134
2016-06-09,26.530001,26.629999,26.139999,26.400000,172700,0.000000,0.000000,26.530001,26.629999,26.139999,26.400000,25.485500,27.061000,26.260600,26.957200,25.994054,26.194170,-0.200115,-0.407229,0.207114,51.685692,25.485500,27.004329,23.966671,0.801054,0.894600,0.033886,-0.013821,0.030043,-0.027624,0.006481,0.245871,-0.363855,0.323639,-0.526117,-0.413854,0.366460,242325.000000,4559280.000000,-0.057107
2016-06-10,25.990000,26.980000,25.370001,25.629999,139300,0.000000,0.000000,25.990000,26.980000,25.370001,25.629999,25.461000,27.010600,26.323700,26.906450,25.938046,26.152379,-0.214334,-0.368650,0.154317,45.331319,25.461000,26.952292,23.969708,0.556662,0.945700,0.036898,-0.029167,-0.002336,-0.042585,-0.063573,0.208392,-0.388743,0.335292,-0.539939,-0.430950,0.326605,232400.000000,3570258.860700,-0.094337
2016-06-13,25.559999,25.740000,25.260000,25.420000,125700,0.000000,0.000000,25.559999,25.740000,25.260000,25.420000,25.495000,26.953000,26.384300,26.850100,25.858346,26.098129,-0.239783,-0.342877,0.103094,43.751505,25.495000,26.947584,24.042416,0.474184,0.912435,0.035894,-0.008193,-0.018154,-0.026799,-0.061993,0.168736,-0.396486,0.326245,-0.543708,-0.435613,0.315735,226335.000000,3195294.000000,-0.082657
2016-06-14,25.280001,25.860001,25.190001,25.400000,163400,0.000000,0.000000,25.280001,25.860001,25.190001,25.400000,25.539000,26.907200,26.436300,26.789100,25.787832,26.046416,-0.258584,-0.326018,0.067434,43.595676,25.539000,26.918716,24.159284,0.449627,0.895119,0.035241,-0.000787,-0.015122,0.026677,-0.038243,0.189139,-0.389863,0.266604,-0.544067,-0.436057,0.314700,209715.000000,4150360.000000,-0.062537
2016-06-15,25.270000,25.500000,24.650000,24.940001,184900,0.000000,0.000000,25.270000,25.500000,24.650000,24.940001,25.580500,26.866200,26.476500,26.725750,25.657396,25.964459,-0.307063,-0.322227,0.015164,40.061454,25.580500,26.822272,24.338728,0.242103,0.891896,0.035762,-0.018110,-0.068360,0.017129,-0.079705,0.164332,-0.378829,0.272919,-0.552325,-0.446270,0.290890,184330.000000,4611406.184900,-0.094600
2016-06-16,24.799999,25.190001,24.410000,25.040001,173300,0.000000,0.000000,24.799999,25.190001,24.410000,25.040001,25.627000,26.830400,26.522500,26.663200,25.562412,25.895981,-0.333568,-0.324495,-0.009073,41.177852,25.627000,26.694315,24.559685,0.225011,0.883903,0.035300,0.004010,-0.051515,0.038573,-0.135956,0.133545,-0.371801,0.265351,-0.550530,-0.444050,0.296066,178685.000000,4339432.173300,-0.150601
2016-06-17,25.120001,26.080000,25.120001,25.860001,286400,0.000000,0.000000,25.120001,26.080000,25.120001,25.860001,25.686000,26.808600,26.562900,26.611950,25.608195,25.893316,-0.285120,-0.316620,0.031500,49.486311,25.686000,26.659207,24.712793,0.589396,0.895053,0.034611,0.032748,0.008974,0.072584,-0.110423,0.110348,-0.362269,0.285801,-0.535810,-0.425844,0.338509,183090.000000,7406304.286400,-0.111401
2016-06-20,26.260000,27.309999,26.260000,26.709999,167700,0.000000,0.000000,26.260000,27.309999,26.260000,26.709999,25.763000,26.796400,26.614100,26.566750,25.777703,25.953811,-0.176107,-0.288518,0.112411,56.366336,25.763000,26.805529,24.720471,0.954184,0.934692,0.034994,0.032869,0.050747,0.082253,-0.102788,0.138049,-0.337550,0.295616,-0.520553,-0.406972,0.382505,184880.000000,4479266.832300,-0.108681
2016-06-21,26.590000,26.590000,25.450001,25.559999,163900,0.000000,0.000000,26.590000,26.590000,25.450001,25.559999,25.801000,26.767800,26.661200,26.515800,25.744210,25.924639,-0.180429,-0.266900,0.086471,47.032797,25.801000,26.746636,24.855364,0.372572,0.957928,0.037478,-0.043055,0.006299,0.015495,-0.122554,0.130973,-0.364021,0.331123,-0.541195,-0.432504,0.322981,182360.000000,4189283.836100,-0.127137
2016-06-22,25.580000,25.580000,24.920000,25.309999,115700,0.000000,0.000000,25.580000,25.580000,24.920000,25.309999,25.797000,26.734600,26.700400,26.464000,25.677409,25.879110,-0.201702,-0.253860,0.052159,45.277557,25.797000,26.750599,24.843401,0.244651,0.936648,0.037007,-0.009781,0.014836,0.020565,-0.105654,0.151501,-0.364070,0.328625,-0.545683,-0.438055,0.310041,177970.000000,2928366.884300,-0.119171
2016-06-23,25.590000,26.030001,25.559999,26.010000,136500,0.000000,0.000000,25.590000,26.030001,25.559999,26.010000,25.794000,26.695800,26.742400,26.412150,25.728577,25.888806,-0.160229,-0.235134,0.074905,50.812735,25.794000,26.744355,24.843645,0.613642,0.921173,0.035416,0.027657,0.038738,0.024419,-0.087048,0.182273,-0.320888,0.332231,-0.533118,-0.422513,0.346273,177565.000000,3550365.000000,-0.115652
2016-06-24,24.740000,25.459999,24.360001,24.910000,960200,0.000000,0.000000,24.740000,25.459999,24.360001,24.910000,25.743000,26.640200,26.782300,26.354900,25.602642,25.816302,-0.213660,-0.230839,0.017179,43.386051,25.743000,26.769083,24.716917,0.094087,0.973232,0.039070,-0.042291,-0.036736,-0.044496,-0.093852,0.138483,-0.347051,0.351249,-0.552863,-0.446936,0.289337,218305.000000,23918582.000000,-0.081515
2016-06-27,24.480000,24.480000,23.549999,23.750000,168900,0.000000,0.000000,24.480000,24.480000,23.549999,23.750000,25.635500,26.557600,26.814700,26.289950,25.317620,25.663242,-0.345623,-0.253796,-0.091827,37.209742,25.635500,26.990203,24.280797,-0.195909,1.000858,0.042141,-0.046568,-0.110820,-0.084073,-0.162553,0.065500,-0.384874,0.383814,-0.573685,-0.472691,0.229296,219405.000000,4011375.000000,-0.110521
2016-06-28,24.200001,24.219999,23.270000,23.750000,231900,0.000000,0.000000,24.200001,24.219999,23.270000,23.750000,25.519500,26.465800,26.826900,26.227500,25.076448,25.521521,-0.445073,-0.292051,-0.153022,37.209742,25.519500,27.096605,23.942395,-0.060996,0.997225,0.041988,0.000000,-0.070814,-0.083012,-0.161074,0.080036,-0.381993,0.383938,-0.573685,-0.472691,0.229296,223290.000000,5507625.000000,-0.124637
2016-06-29,24.180000,24.990000,23.870001,24.740000,126100,0.000000,0.000000,24.180000,24.990000,23.870001,24.740000,25.460000,26.378600,26.819700,26.173050,25.024686,25.463630,-0.438944,-0.321430,-0.117514,44.964502,25.460000,27.061499,23.858501,0.275211,1.014566,0.041009,0.041684,-0.022521,-0.051016,-0.121137,0.122504,-0.370323,0.414024,-0.555915,-0.450710,0.280538,218660.000000,3119714.000000,-0.102532
2016-06-30,24.730000,25.280001,24.410000,25.139999,263500,0.000000,0.000000,24.730000,25.280001,24.410000,25.139999,25.435500,26.284600,26.807000,26.116550,25.042427,25.439658,-0.397231,-0.336590,-0.060641,47.771193,25.435500,27.041036,23.829964,0.407974,1.004240,0.039946,0.016168,-0.033449,-0.030467,-0.111661,0.164428,-0.359327,0.418621,-0.548735,-0.441830,0.301242,223100.000000,6624389.736500,-0.097037
2016-07-01,25.100000,25.780001,25.100000,25.750000,106800,0.000000,0.000000,25.100000,25.780001,25.100000,25.750000,25.438500,26.215600,26.790000,26.063200,25.151284,25.462646,-0.311362,-0.331544,0.020183,51.807528,25.438500,27.046261,23.830739,0.596874,0.981080,0.038100,0.024264,0.033721,0.004682,-0.070061,0.157303,-0.343112,0.425717,-0.537785,-0.428286,0.332816,215315.000000,2750100.000000,-0.064086
2016-07-05,25.840000,25.840000,24.459999,24.680000,176800,0.000000,0.000000,25.840000,25.840000,24.459999,24.680000,25.378000,26.119200,26.770300,26.009200,25.078779,25.404672,-0.325893,-0.330414,0.004521,45.207769,25.378000,27.005172,23.750828,0.285517,1.009575,0.040907,-0.041553,0.039158,-0.039315,-0.085587,0.132630,-0.368475,0.449880,-0.556992,-0.452043,0.277433,215575.000000,4363424.000000,-0.081246
2016-07-06,24.420000,24.610001,24.059999,24.510000,137400,0.000000,0.000000,24.420000,24.610001,24.059999,24.510000,25.314000,26.031800,26.745400,25.960450,24.991275,25.338400,-0.347126,-0.333756,-0.013369,44.243421,25.314000,26.973313,23.654686,0.257731,0.981748,0.040055,-0.006888,0.032000,-0.053302,-0.086470,0.092733,-0.382308,0.448925,-0.560043,-0.455817,0.268634,209790.000000,3367674.000000,-0.073960
2016-07-07,24.610001,25.070000,24.139999,24.410000,123600,0.000000,0.000000,24.610001,25.070000,24.139999,24.410000,25.196000,25.927000,26.721100,25.912300,24.901848,25.269630,-0.367782,-0.340562,-0.027221,43.653525,25.196000,26.751775,23.640225,0.247393,0.978052,0.040068,-0.004080,-0.013339,-0.053509,-0.094249,0.128004,-0.363494,0.448935,-0.561838,-0.458037,0.263458,206235.000000,3017076.000000,-0.100115
2016-07-08,24.709999,25.790001,24.709999,25.709999,119400,0.000000,0.000000,24.709999,25.790001,24.709999,25.709999,25.161500,25.801200,26.705100,25.876300,25.026179,25.302250,-0.276071,-0.327664,0.051592,52.516809,25.161500,26.633187,23.689813,0.686350,1.006762,0.039158,0.053257,0.022673,-0.039597,-0.058931,0.282294,-0.344968,0.468834,-0.538503,-0.429174,0.330745,203570.000000,3069773.880600,-0.080798
2016-07-11,25.870001,26.280001,25.850000,26.230000,92600,0.000000,0.000000,25.870001,26.280001,25.850000,26.230000,25.191500,25.724600,26.704700,25.845700,25.211382,25.370972,-0.159590,-0.294049,0.134459,55.530092,25.191500,26.726499,23.656501,0.838274,0.975565,0.037193,0.020226,0.018641,-0.006439,-0.028159,0.316767,-0.338128,0.472388,-0.529169,-0.417629,0.357660,201235.000000,2428898.000000,-0.060277
2016-07-12,26.250000,26.740000,25.850000,26.600000,152500,0.000000,0.000000,26.250000,26.740000,25.850000,26.600000,25.250500,25.678200,26.710700,25.822650,25.425015,25.462011,-0.036996,-0.242638,0.205643,57.592275,25.250500,26.908278,23.592721,0.907021,0.969453,0.036446,0.014106,0.077796,0.037846,-0.013719,0.333333,-0.349315,0.462266,-0.522527,-0.409414,0.376812,202575.000000,4056500.000000,-0.044656
2016-07-13,26.730000,27.170000,26.459999,27.160000,158100,0.000000,0.000000,26.730000,27.170000,26.459999,27.160000,25.338500,25.646200,26.723600,25.800050,25.691936,25.587788,0.104148,-0.173281,0.277429,60.572387,25.338500,27.203584,23.473416,0.988316,0.950921,0.035012,0.021053,0.108119,0.068450,-0.028265,0.371717,-0.306966,0.465094,-0.512475,-0.396980,0.405797,202310.000000,4293996.000000,-0.040051
2016-07-14,27.330000,27.350000,26.170000,26.200001,164900,0.000000,0.000000,27.330000,27.350000,26.170000,26.200001,25.401500,25.608000,26.717300,25.775650,25.770100,25.633137,0.136963,-0.111232,0.248195,53.616487,25.401500,27.294815,23.508185,0.710874,0.967284,0.036919,-0.035346,0.073331,0.031496,-0.053810,0.323232,-0.325785,0.484187,-0.529707,-0.418295,0.356108,201310.000000,4320380.164900,-0.071637
2016-07-15,26.330000,26.330000,25.709999,26.219999,173100,0.000000,0.000000,26.330000,26.330000,25.709999,26.219999,25.460500,25.595600,26.714000,25.751800,25.839315,25.676608,0.162707,-0.056444,0.219151,53.735673,25.460500,27.379748,23.541251,0.697864,0.942478,0.035945,0.000763,0.019837,0.051323,-0.059541,0.343926,-0.335193,0.478731,-0.529348,-0.417851,0.357143,201300.000000,4538681.826900,-0.078043
2016-07-18,26.000000,26.180000,25.719999,25.809999,209800,0.000000,0.000000,26.000000,26.180000,25.719999,25.809999,25.458000,25.582400,26.713900,25.726100,25.834805,25.686489,0.148316,-0.015492,0.163808,50.850707,25.458000,27.375186,23.540813,0.591801,0.910872,0.035291,-0.015637,-0.016012,0.030751,-0.089273,0.312150,-0.352159,0.482936,-0.536708,-0.426954,0.335921,197470.000000,5414937.790200,-0.108579
2016-07-19,25.750000,26.010000,25.260000,25.290001,159200,0.000000,0.000000,25.750000,26.010000,25.260000,25.290001,25.387000,25.545800,26.711200,25.698850,25.750989,25.657120,0.093869,0.006380,0.087489,47.376591,25.387000,27.211916,23.562083,0.473424,0.899382,0.035563,-0.020147,-0.049248,-0.022042,-0.130928,0.309006,-0.358122,0.475041,-0.546042,-0.438499,0.309006,197045.000000,4026168.159200,-0.150368
2016-07-20,25.549999,26.010000,25.139999,25.290001,111600,0.000000,0.000000,25.549999,26.010000,25.139999,25.290001,25.373500,25.513200,26.702600,25.670300,25.680068,25.629926,0.050142,0.015132,0.035010,47.376591,25.373500,27.197022,23.549978,0.477105,0.897283,0.035480,0.000000,-0.068851,-0.053164,-0.152480,0.306302,-0.367275,0.459214,-0.546042,-0.438499,0.309006,194430.000000,2822364.111600,-0.181137
2016-07-21,25.190001,25.350000,24.620001,24.760000,185000,0.000000,0.000000,25.190001,25.350000,24.620001,24.760000,25.346000,25.465400,26.687700,25.635600,25.538519,25.565487,-0.026968,0.006712,-0.033680,43.836401,25.346000,27.190027,23.501972,0.341109,0.885334,0.035757,-0.020957,-0.054962,-0.031299,-0.152055,0.225743,-0.364150,0.440438,-0.555556,-0.450266,0.281573,197895.000000,4580600.000000,-0.177937
2016-07-22,24.740000,25.860001,24.540001,25.809999,191700,0.000000,0.000000,24.740000,25.860001,24.540001,25.809999,25.336000,25.446200,26.670800,25.605850,25.580285,25.583599,-0.003314,0.004707,-0.008021,51.559142,25.336000,27.166989,23.505011,0.629438,0.916382,0.035505,0.042407,-0.015637,0.019755,-0.125085,0.233748,-0.326988,0.464018,-0.536708,-0.426954,0.335921,200655.000000,4947776.808300,-0.164612
2016-07-25,25.709999,26.870001,24.709999,24.910000,148400,0.000000,0.000000,25.709999,26.870001,24.709999,24.910000,25.336000,25.422000,26.653300,25.569900,25.477164,25.533703,-0.056538,-0.007542,-0.048996,45.751976,25.336000,27.166989,23.505011,0.383669,1.005212,0.040354,-0.034870,-0.034870,-0.042291,-0.137465,0.218689,-0.339958,0.469851,-0.552863,-0.446936,0.289337,160065.000000,3696644.000000,-0.178693
2016-07-26,25.000000,25.790001,24.799999,25.790001,188600,0.000000,0.000000,25.000000,25.790001,24.799999,25.790001,25.438000,25.443000,26.645700,25.534600,25.525293,25.552688,-0.027395,-0.011512,-0.015882,51.503640,25.438000,27.118045,23.757955,0.604759,1.004125,0.038935,0.035327,0.019771,0.035327,-0.130185,0.181943,-0.311164,0.462103,-0.537067,-0.427398,0.334886,161050.000000,4863994.188600,-0.175553
2016-07-27,25.809999,25.990000,25.670000,25.820000,128500,0.000000,0.000000,25.809999,25.990000,25.670000,25.820000,25.541500,25.469000,26.636000,25.497750,25.570633,25.572489,-0.001856,-0.009581,0.007725,51.691676,25.541500,27.027537,24.055463,0.593706,0.955259,0.036997,0.001163,0.020957,0.087158,-0.193125,0.195924,-0.318734,0.427072,-0.536528,-0.426732,0.336439,155880.000000,3317870.000000,-0.250016
2016-07-28,25.750000,26.799999,25.379999,26.730000,327900,0.000000,0.000000,25.750000,26.799999,25.379999,26.730000,25.641000,25.521400,26.632700,25.467650,25.748997,25.658230,0.090767,0.010488,0.080278,57.122652,25.641000,27.167025,24.114975,0.856809,0.988455,0.036979,0.035244,0.079564,0.125474,-0.110778,0.282014,-0.369278,0.439830,-0.520194,-0.406528,0.383540,165970.000000,8764767.000000,-0.183550
2016-07-29,25.100000,29.000000,24.760000,28.889999,528300,0.000000,0.000000,25.100000,29.000000,24.760000,28.889999,25.828500,25.617000,26.660400,25.452400,26.232228,25.897620,0.334607,0.075312,0.259295,66.694038,25.828500,27.914213,23.742787,1.233921,1.220708,0.042254,0.080808,0.119334,0.167745,-0.001037,0.350631,-0.320715,0.496982,-0.481422,-0.358570,0.495342,179210.000000,15262586.471700,-0.082030
2016-08-01,29.020000,29.740000,28.440001,28.920000,378700,0.000000,0.000000,29.020000,29.740000,28.440001,28.920000,25.987000,25.701800,26.688200,25.434400,26.645731,26.121500,0.524231,0.165096,0.359135,66.804875,25.987000,28.488040,23.485960,1.086356,1.226372,0.042406,0.001038,0.160980,0.150358,0.005563,0.325997,-0.333947,0.496563,-0.480883,-0.357904,0.496894,192805.000000,10952004.000000,-0.070535
2016-08-02,28.980000,28.980000,28.370001,28.820000,243800,0.000000,0.000000,28.980000,28.980000,28.370001,28.820000,26.194000,25.774800,26.714100,25.414050,26.980234,26.321389,0.658845,0.263846,0.394999,66.016259,26.194000,28.915179,23.472821,0.982511,1.182345,0.041025,-0.003458,0.117487,0.119223,0.025258,0.377629,-0.360124,0.493804,-0.482678,-0.347077,0.491718,196155.000000,7026316.000000,-0.053367
2016-08-03,28.920000,29.750000,28.809999,29.719999,272000,0.000000,0.000000,28.920000,29.750000,28.809999,29.719999,26.454500,25.873200,26.737600,25.399650,27.401736,26.573138,0.828598,0.376796,0.451802,69.505320,26.454500,29.477656,23.431344,1.040081,1.165035,0.039200,0.031228,0.151046,0.204214,0.107302,0.449049,-0.326535,0.469575,-0.466523,-0.326688,0.538302,202885.000000,8083839.728000,0.015442
2016-08-04,29.290001,29.879999,28.430000,29.299999,486000,0.000000,0.000000,29.290001,29.879999,28.430000,29.299999,26.699000,25.951400,26.759600,25.381400,27.693777,26.775128,0.918649,0.485167,0.433482,66.094979,26.699000,29.815468,23.582532,0.917299,1.185389,0.040457,-0.014132,0.096147,0.195430,0.106913,0.300488,-0.336203,0.473376,-0.474062,-0.323326,0.516563,221005.000000,14239799.514000,0.011694
2016-08-05,29.350000,30.690001,29.350000,30.530001,279400,0.000000,0.000000,29.350000,30.690001,29.350000,30.530001,26.940000,26.040600,26.800800,25.368800,28.130119,27.053267,1.076852,0.603504,0.473349,70.638560,26.940000,30.454499,23.425501,1.010742,1.200005,0.039306,0.041980,0.056767,0.250717,0.125737,0.199136,-0.294919,0.484165,-0.451983,-0.281309,0.580228,229005.000000,8530082.279400,0.023342
2016-08-08,30.510000,31.010000,30.040001,30.469999,160900,0.000000,0.000000,30.510000,31.010000,30.040001,30.469999,27.152000,26.131400,26.834500,25.354000,28.490101,27.306358,1.183743,0.719552,0.464191,70.144734,27.152000,30.983408,23.320592,0.933000,1.183576,0.038844,-0.001965,0.053596,0.185142,0.131872,0.153730,-0.267900,0.460877,-0.453060,-0.282721,0.577122,232420.000000,4902622.839100,0.034418
2016-08-09,30.469999,30.610001,29.740000,29.860001,130500,0.000000,0.000000,30.469999,30.610001,29.740000,29.860001,27.315000,26.210600,26.843300,25.335700,28.700854,27.495517,1.205338,0.816709,0.388629,65.157669,27.315000,31.320935,23.309065,0.817654,1.161177,0.038887,-0.020020,0.036086,0.138391,0.099816,0.087796,-0.297081,0.469007,-0.464010,-0.287861,0.545549,231320.000000,3896730.130500,0.013410
2016-08-10,29.950001,29.950001,29.049999,29.320000,108400,0.000000,0.000000,29.950001,29.950001,29.049999,29.320000,27.423000,26.275600,26.845800,25.317650,28.796108,27.630664,1.165444,0.886456,0.278988,61.021631,27.423000,31.526616,23.319384,0.731138,1.142522,0.038967,-0.018084,-0.013459,0.102256,0.095256,0.100188,-0.300739,0.475724,-0.473703,-0.294684,0.517598,228835.000000,3178288.000000,0.002015
2016-08-11,29.469999,29.690001,28.969999,29.360001,102800,0.000000,0.000000,29.469999,29.690001,28.969999,29.360001,27.581000,26.344200,26.841700,25.301450,28.882860,27.758763,1.124098,0.933984,0.190114,61.218016,27.581000,31.729440,23.432560,0.714418,1.112342,0.037886,0.001364,0.002048,0.081002,0.124043,0.087407,-0.290650,0.472264,-0.472985,-0.293721,0.519669,225730.000000,3018208.102800,0.020383
2016-08-12,29.360001,29.700001,29.090000,29.500000,186500,0.000000,0.000000,29.360001,29.700001,29.090000,29.500000,27.745000,26.421600,26.845400,25.298900,28.977805,27.887743,1.090062,0.965200,0.124862,61.940762,27.745000,31.926103,23.563897,0.709873,1.076461,0.036490,0.004768,-0.033737,0.125954,0.192401,0.099106,-0.285887,0.449932,-0.470472,-0.290354,0.526915,226400.000000,5501750.000000,0.083193
2016-08-15,29.690001,29.959999,29.389999,29.530001,106100,0.000000,0.000000,29.690001,29.959999,29.389999,29.530001,27.931000,26.498400,26.857700,25.327950,29.062758,28.009392,1.053366,0.982833,0.070533,62.103746,27.931000,32.080516,23.781485,0.692673,1.040285,0.035228,0.001017,-0.030850,0.126240,0.204323,0.081289,-0.289632,0.449895,-0.469934,-0.288434,0.528468,221215.000000,3133133.106100,0.102435
2016-08-16,29.500000,29.969999,29.309999,29.920000,120300,0.000000,0.000000,29.500000,29.969999,29.309999,29.920000,28.162500,26.579000,26.872000,25.363050,29.194642,28.150918,1.043723,0.995011,0.048712,64.247178,28.162500,32.206916,24.118084,0.717275,1.013122,0.033861,0.013207,0.002009,0.159241,0.240979,0.138942,-0.273786,0.443424,-0.462933,-0.279036,0.548654,219270.000000,3599376.000000,0.132537
2016-08-17,29.830000,30.510000,29.530001,29.870001,181100,0.000000,0.000000,29.830000,30.510000,29.530001,29.870001,28.391500,26.660600,26.895800,25.394350,29.298543,28.278258,1.020285,1.000066,0.020219,63.749359,28.391500,32.266186,24.516814,0.690790,1.010756,0.033838,-0.001671,0.018759,0.181099,0.238905,0.148846,-0.280241,0.433456,-0.463831,-0.262469,0.546066,222745.000000,5409457.181100,0.135607
2016-08-18,29.959999,30.360001,29.700001,30.139999,144600,0.000000,0.000000,29.959999,30.360001,29.700001,30.139999,28.660500,26.728000,26.913600,25.426700,29.427998,28.416165,1.011833,1.002419,0.009414,65.312419,28.660500,32.206733,25.114267,0.708602,0.985702,0.032704,0.009039,0.026567,0.191775,0.221232,0.165056,-0.255802,0.432404,-0.458984,-0.225193,0.560041,220725.000000,4358243.855400,0.109271
2016-08-19,29.969999,30.389999,29.969999,30.330000,101800,0.000000,0.000000,29.969999,30.389999,29.969999,30.330000,28.886500,26.806600,26.933800,25.456500,29.566767,28.557930,1.008837,1.003703,0.005134,66.410032,28.886500,32.238648,25.534352,0.715310,0.945294,0.031167,0.006304,0.028136,0.224960,0.205006,0.130451,-0.220309,0.418919,-0.455573,-0.199102,0.569876,216230.000000,3087594.000000,0.106712
2016-08-22,30.120001,30.389999,29.559999,30.020000,194500,0.000000,0.000000,30.120001,30.389999,29.559999,30.020000,29.142000,26.894400,26.952500,25.485950,29.636495,28.666232,0.970264,0.997015,-0.026751,62.912186,29.142000,31.953327,26.330673,0.656154,0.937059,0.031214,-0.010221,0.016593,0.163115,0.210484,0.130697,-0.207288,0.407179,-0.461138,-0.201808,0.553830,218535.000000,5838890.000000,0.110013
2016-08-23,30.250000,31.129999,29.950001,30.740000,339600,0.000000,0.000000,30.250000,31.129999,29.950001,30.740000,29.389500,27.000800,26.976900,25.519650,29.806265,28.819844,0.986421,0.994896,-0.008475,67.229429,29.389500,31.801509,26.977491,0.779953,0.954412,0.031048,0.023984,0.027406,0.234043,0.210713,0.190550,-0.169638,0.380105,-0.448214,-0.182664,0.591097,226085.000000,10439304.000000,0.128628
2016-08-24,30.740000,30.809999,27.990000,30.250000,191700,0.000000,0.000000,30.740000,30.809999,27.990000,30.250000,29.611000,27.097800,27.002500,25.548400,29.874532,28.925782,0.948751,0.985667,-0.036917,61.944644,29.611000,31.367335,27.854665,0.681913,1.087668,0.035956,-0.015940,0.012722,0.172935,0.160338,0.183490,-0.154556,0.379110,-0.457010,-0.195693,0.565735,229245.000000,5798925.000000,0.094391
2016-08-25,30.120001,30.240000,29.309999,29.549999,186500,0.000000,0.000000,30.120001,30.240000,29.309999,29.549999,29.752000,27.190000,27.028100,25.578350,29.824604,28.972020,0.852584,0.959051,-0.106466,55.261541,29.752000,30.871993,28.632007,0.409820,1.077120,0.036451,-0.023141,-0.019575,0.144462,0.139607,0.130019,-0.194603,0.393613,-0.469575,-0.214305,0.529503,222175.000000,5511074.813500,0.076276
2016-08-26,29.549999,29.940001,29.250000,29.420000,71800,0.000000,0.000000,29.549999,29.940001,29.250000,29.420000,29.778500,27.277600,27.054000,25.604800,29.762357,29.005204,0.757154,0.918671,-0.161518,54.094323,29.778500,30.835950,28.721050,0.330488,1.049469,0.035672,-0.004399,-0.030003,0.100636,0.135907,0.120762,-0.217553,0.381190,-0.471908,-0.217761,0.522774,199350.000000,2112356.000000,0.078054
2016-08-29,29.530001,29.680000,29.260000,29.500000,83500,0.000000,0.000000,29.530001,29.680000,29.260000,29.500000,29.807500,27.350400,27.079500,25.632600,29.721995,29.041855,0.680139,0.870965,-0.190825,54.728036,29.807500,30.795339,28.819661,0.344357,1.004507,0.034051,0.002719,-0.017322,0.021115,0.131569,0.072727,-0.215634,0.262666,-0.470472,-0.214381,0.526915,184590.000000,2463250.000000,0.074116
2016-08-30,29.440001,30.040001,29.440001,29.940001,213600,0.000000,0.000000,29.440001,30.040001,29.440001,29.940001,29.863500,27.415000,27.105700,25.665450,29.755534,29.108385,0.647150,0.826202,-0.179052,58.149965,29.863500,30.735866,28.991134,0.543847,0.975614,0.032586,0.014915,-0.026025,0.035270,0.154647,0.123031,-0.202663,0.266972,-0.462574,-0.185084,0.549689,183080.000000,6395184.213600,0.099977
2016-08-31,30.000000,30.860001,29.850000,30.430000,264200,0.000000,0.000000,30.000000,30.860001,29.850000,30.430000,29.899000,27.512400,27.140100,25.701000,29.859298,29.206282,0.653016,0.791565,-0.138549,61.628354,29.899000,30.803955,28.994045,0.793385,0.978070,0.032142,0.016366,0.005950,0.055864,0.187281,0.146139,-0.157297,0.270870,-0.453778,-0.171747,0.575052,182690.000000,8039606.000000,0.138630
2016-09-01,30.400000,30.559999,29.850000,30.520000,192600,0.000000,0.000000,30.400000,30.559999,29.850000,30.520000,29.960000,27.616600,27.175600,25.736300,29.960945,29.303594,0.657350,0.764722,-0.107372,62.248999,29.960000,30.859403,29.060597,0.811318,0.958922,0.031419,0.002958,0.032826,0.026918,0.188011,0.139231,-0.146294,0.250316,-0.452163,-0.169298,0.579710,168020.000000,5878152.000000,0.130411
2016-09-02,30.730000,30.969999,30.379999,30.660000,87100,0.000000,0.000000,30.730000,30.969999,30.379999,30.660000,29.966500,27.709600,27.202700,25.772250,30.068492,29.404069,0.664423,0.744662,-0.080239,63.244909,29.966500,30.884926,29.048074,0.877548,0.932570,0.030417,0.004587,0.042148,0.046416,0.184241,0.133038,-0.142378,0.244017,-0.449650,-0.165487,0.586957,158405.000000,2670486.000000,0.127649
2016-09-06,30.770000,30.860001,30.350000,30.420000,123000,0.000000,0.000000,30.770000,30.860001,30.350000,30.420000,29.964000,27.819800,27.230000,25.805850,30.122570,29.479323,0.643247,0.724379,-0.081132,60.307716,29.964000,30.876911,29.051089,0.749751,0.902387,0.029664,-0.007828,0.031186,-0.003603,0.179527,0.164625,-0.147182,0.198691,-0.453958,-0.172020,0.574534,156510.000000,3741660.000000,0.116211
2016-09-07,30.459999,31.160000,30.260000,30.790001,194500,0.000000,0.000000,30.459999,31.160000,30.260000,30.790001,30.010500,27.960600,27.259100,25.842100,30.225251,29.576410,0.648841,0.709271,-0.060430,63.149108,30.010500,30.993181,29.027819,0.896619,0.902216,0.029302,0.012163,0.028390,0.010502,0.150168,0.177888,-0.153656,0.202998,-0.447316,-0.161949,0.593685,159710.000000,5988655.194500,0.087995
2016-09-08,30.950001,31.809999,30.850000,31.730000,208300,0.000000,0.000000,30.950001,31.809999,30.850000,31.730000,30.131000,28.120200,27.293000,25.883750,30.456751,29.735935,0.720816,0.711580,0.009236,69.184478,30.131000,31.325406,28.936594,1.169370,0.910629,0.028699,0.030529,0.042721,0.062626,0.201894,0.209684,-0.127338,0.213625,-0.430443,-0.136364,0.642340,164705.000000,6609359.000000,0.141220
2016-09-09,31.500000,31.559999,29.930000,29.940001,255500,0.000000,0.000000,31.500000,31.559999,29.930000,29.940001,30.160000,28.224200,27.301400,25.913700,30.377251,29.751051,0.626200,0.694504,-0.068304,51.789987,30.160000,31.302629,29.017372,0.403731,0.974156,0.032537,-0.056413,-0.019004,0.021146,0.168162,0.093898,-0.185084,0.289160,-0.462574,-0.178375,0.549689,172340.000000,7649670.255500,0.120893
2016-09-12,29.730000,30.370001,29.620001,30.059999,286800,0.000000,0.000000,29.730000,30.370001,29.620001,30.059999,30.188000,28.322600,27.303600,25.942800,30.328443,29.773936,0.554507,0.666505,-0.111998,52.649463,30.188000,31.289226,29.086774,0.441882,0.958145,0.031874,0.004008,-0.019570,0.023842,0.182533,0.109225,-0.170530,0.289329,-0.460420,-0.175082,0.555901,177355.000000,8621207.713200,0.107571
2016-09-13,29.709999,29.959999,29.370001,29.400000,138300,0.000000,0.000000,29.709999,29.959999,29.370001,29.400000,30.181500,28.395600,27.305600,25.966750,30.185606,29.746237,0.439368,0.621077,-0.181709,47.620855,30.181500,31.300471,29.062529,0.150795,0.938991,0.031938,-0.021956,-0.033531,-0.003390,0.157480,0.113215,-0.174853,0.299891,-0.472267,-0.193194,0.521739,178965.000000,4066020.000000,0.093127
2016-09-14,29.440001,29.879999,29.180000,29.469999,125000,0.000000,0.000000,29.440001,29.879999,29.180000,29.469999,30.159000,28.491400,27.305300,25.989900,30.075512,29.725775,0.349737,0.566809,-0.217072,48.186096,30.159000,31.317509,29.000491,0.202635,0.921920,0.031283,0.002381,-0.042871,-0.002032,0.181636,0.087454,-0.191273,0.299986,-0.471011,-0.190829,0.525362,179200.000000,3683749.875000,0.111554
2016-09-15,29.350000,30.799999,29.299999,30.780001,214400,0.000000,0.000000,29.350000,30.799999,29.299999,30.780001,30.204500,28.616800,27.324300,26.021250,30.183895,29.803866,0.380029,0.529453,-0.149424,57.442037,30.204500,31.386461,29.022539,0.743452,0.963212,0.031293,0.044452,-0.029940,0.028743,0.229233,0.062112,-0.154860,0.334733,-0.447496,-0.132469,0.593168,180865.000000,6599232.214400,0.145688
2016-09-16,30.850000,31.360001,30.660000,30.690001,383300,0.000000,0.000000,30.850000,31.360001,30.660000,30.690001,30.232000,28.742400,27.334700,26.051800,30.261758,29.869506,0.392252,0.502013,-0.109761,56.692735,30.232000,31.433081,29.030919,0.690662,0.944411,0.030773,-0.002924,0.025050,0.027452,0.186775,0.055728,-0.135006,0.334913,-0.449111,-0.104203,0.588509,192800.000000,11763477.383300,0.094234
2016-09-19,30.950001,32.250000,30.639999,30.840000,138600,0.000000,0.000000,30.950001,32.250000,30.639999,30.840000,30.257500,28.845000,27.323100,26.086700,30.350718,29.941394,0.409324,0.483475,-0.074151,57.683493,30.257500,31.488621,29.026379,0.736573,0.991953,0.032165,0.004888,0.025948,0.023225,0.154624,0.035942,-0.099825,0.334044,-0.446419,-0.094007,0.596273,194640.000000,4274424.000000,0.072382
2016-09-20,30.990000,30.990000,30.139999,30.150000,123200,0.000000,0.000000,30.990000,30.990000,30.139999,30.150000,30.264000,28.923400,27.324000,26.120700,30.319838,29.956846,0.362992,0.459379,-0.096387,51.811588,30.264000,31.491208,29.036792,0.453553,0.981814,0.032564,-0.022374,0.025510,-0.005935,0.179578,0.035015,-0.114277,0.343282,-0.458805,-0.100537,0.560559,191075.000000,3714480.000000,0.097495
2016-09-21,30.290001,30.889999,30.040001,30.490000,105300,0.000000,0.000000,30.290001,30.889999,30.040001,30.490000,30.251500,29.001200,27.339700,26.162850,30.346017,29.996339,0.349678,0.437438,-0.087761,54.281244,30.251500,31.463290,29.039711,0.598408,0.972398,0.031892,0.011277,0.034612,0.015656,0.204662,0.077385,-0.073534,0.343342,-0.452701,-0.090394,0.578157,179360.000000,3210597.000000,0.109105
2016-09-22,30.870001,31.370001,30.500000,30.709999,138300,0.000000,0.000000,30.870001,31.370001,30.500000,30.709999,30.274500,29.072200,27.359200,26.209250,30.402014,30.049203,0.352811,0.420513,-0.067702,55.857676,30.274500,31.503509,29.045491,0.677175,0.965799,0.031449,0.007215,-0.002274,-0.000976,0.180700,0.077922,-0.050695,0.333962,-0.448752,-0.083831,0.589544,176690.000000,4247192.861700,0.093230
2016-09-23,30.680000,30.690001,30.000000,30.180000,211100,0.000000,0.000000,30.680000,30.690001,30.000000,30.180000,30.306000,29.151800,27.379900,26.254200,30.367858,30.058892,0.308967,0.398204,-0.089237,51.271061,30.306000,31.488227,29.123774,0.446711,0.947527,0.031396,-0.017258,-0.016618,-0.002314,0.211562,0.097854,-0.033002,0.334793,-0.458266,-0.099642,0.562112,177920.000000,6370998.000000,0.084592
2016-09-26,29.910000,30.110001,29.500000,29.559999,160300,0.000000,0.000000,29.910000,30.110001,29.500000,29.559999,30.313000,29.218600,27.407100,26.295950,30.243572,30.021937,0.221636,0.362890,-0.141255,46.464517,30.313000,31.474616,29.151384,0.175882,0.928418,0.031408,-0.020543,-0.041505,0.000338,0.244632,0.042313,-0.066919,0.332635,-0.469395,-0.118138,0.530021,182345.000000,4738467.839700,0.100316
2016-09-27,29.410000,29.590000,28.969999,29.020000,172000,0.000000,0.000000,29.410000,29.590000,28.969999,29.020000,30.289000,29.282800,27.432600,26.332300,30.055330,29.947719,0.107611,0.311834,-0.204223,42.709035,30.289000,31.537897,29.040103,-0.008048,0.906388,0.031233,-0.018268,-0.037479,-0.013596,0.221895,0.025080,-0.066281,0.338483,-0.479088,-0.134248,0.502070,186770.000000,4991440.000000,0.091064
2016-09-28,29.180000,29.580000,28.620001,29.549999,180900,0.000000,0.000000,29.180000,29.580000,28.620001,29.549999,30.269500,29.368000,27.456900,26.373250,29.977587,29.918258,0.059329,0.261333,-0.202004,47.218191,30.269500,31.553040,28.985960,0.219720,0.910218,0.030803,0.018263,-0.030830,0.001695,0.194422,0.049734,-0.046467,0.344536,-0.469575,-0.118437,0.529503,185135.000000,5345594.819100,0.081580
2016-09-29,29.459999,29.670000,29.190001,29.209999,132500,0.000000,0.000000,29.459999,29.670000,29.190001,29.209999,30.208500,29.446400,27.479800,26.412200,29.859497,29.865795,-0.006298,0.207807,-0.214105,44.783118,30.208500,31.573311,28.843689,0.134198,0.879488,0.030109,-0.011506,-0.048844,-0.024382,0.161893,0.032155,-0.056220,0.342572,-0.475678,-0.128580,0.511905,178550.000000,3870324.867500,0.073826
2016-09-30,29.370001,30.100000,29.340000,29.959999,164300,0.000000,0.000000,29.370001,30.100000,29.340000,29.959999,30.180500,29.550400,27.507900,26.451550,29.874958,29.872773,0.002186,0.166683,-0.164497,50.809429,30.180500,31.541374,28.819625,0.418986,0.880239,0.029380,0.025676,-0.007290,-0.015445,0.163495,0.081979,-0.025374,0.349941,-0.462215,-0.106205,0.550725,177135.000000,4922427.835700,0.071069
2016-10-03,29.799999,30.209999,29.430000,29.870001,160800,0.000000,0.000000,29.799999,30.209999,29.430000,29.870001,30.141000,29.631600,27.538900,26.484450,29.874196,29.872568,0.001628,0.133672,-0.132043,50.102790,30.141000,31.489074,28.792926,0.399487,0.873079,0.029229,-0.003004,0.010487,-0.021297,0.210292,0.106706,-0.036452,0.349806,-0.463831,-0.108890,0.546066,180820.000000,4803096.160800,0.111187
2016-10-04,30.040001,30.459999,29.629999,29.660000,224400,0.000000,0.000000,30.040001,30.459999,29.629999,29.660000,30.103000,29.726600,27.574300,26.515400,29.841243,29.856822,-0.015579,0.103822,-0.119401,48.410908,30.103000,31.460771,28.745229,0.336865,0.870002,0.029332,-0.007030,0.022054,-0.032616,0.210118,0.105479,-0.064353,0.349870,-0.467600,-0.115155,0.535197,185890.000000,6655704.000000,0.121523
2016-10-05,29.889999,30.180000,29.600000,29.860001,179400,0.000000,0.000000,29.889999,30.180000,29.600000,29.860001,30.056500,29.808000,27.625500,26.551700,29.844129,29.857057,-0.012929,0.080472,-0.093400,50.137838,30.056500,31.378433,28.734567,0.425677,0.849287,0.028442,0.006743,0.010491,-0.018409,0.223269,0.107978,-0.059824,0.350109,-0.464010,-0.109189,0.545549,185135.000000,5356884.179400,0.133208
2016-10-06,29.820000,30.049999,29.379999,29.850000,141900,0.000000,0.000000,29.820000,30.049999,29.379999,29.850000,29.962500,29.888600,27.678800,26.591050,29.845032,29.856535,-0.011503,0.062077,-0.073579,50.047619,29.962500,31.025364,28.899636,0.447077,0.836481,0.028023,-0.000335,0.021910,-0.030529,0.161027,0.092606,-0.070093,0.347009,-0.464190,-0.109487,0.545031,181815.000000,4235715.000000,0.090398
2016-10-07,29.799999,29.799999,27.959999,29.330000,151700,0.000000,0.000000,29.799999,29.799999,27.959999,29.330000,29.932000,29.940600,27.731000,26.627700,29.765796,29.817532,-0.051736,0.039314,-0.091050,45.466547,29.932000,31.031945,28.832055,0.226350,0.911732,0.031085,-0.017420,-0.021028,-0.075638,0.118185,0.086699,-0.107154,0.331073,-0.473524,-0.125000,0.518116,176625.000000,4449361.000000,0.057295
2016-10-10,29.480000,29.870001,29.480000,29.780001,119300,0.000000,0.000000,29.480000,29.870001,29.480000,29.780001,29.918000,29.958400,27.787700,26.667200,29.767982,29.814752,-0.046770,0.022097,-0.068868,49.752915,29.918000,31.018213,28.817787,0.437285,0.885180,0.029724,0.015343,-0.003013,-0.005344,0.119549,0.104190,-0.102742,0.275263,-0.465446,-0.111575,0.541408,168250.000000,3552754.119300,0.058657
2016-10-11,29.690001,29.900000,29.520000,29.700001,156300,0.000000,0.000000,29.690001,29.900000,29.520000,29.700001,29.933000,29.974000,27.837900,26.704250,29.757523,29.806252,-0.048729,0.007932,-0.056661,49.015317,29.933000,31.011442,28.854558,0.391974,0.849096,0.028589,-0.002686,0.001349,-0.011976,0.093520,0.062612,-0.093130,0.274977,-0.466882,-0.113962,0.537267,169150.000000,4642110.156300,0.045363
2016-10-12,29.750000,30.100000,29.450001,29.830000,131600,0.000000,0.000000,29.750000,30.100000,29.450001,29.830000,29.951000,29.994200,27.884500,26.743450,29.768673,29.808011,-0.039338,-0.001522,-0.037816,50.304610,29.951000,31.008722,28.893278,0.442802,0.834875,0.027988,0.004377,-0.001005,0.014626,0.138550,0.077284,-0.066061,0.263913,-0.464549,-0.110084,0.543996,169480.000000,3925628.000000,0.097835
2016-10-13,29.490000,29.660000,29.070000,29.180000,184600,0.000000,0.000000,29.490000,29.660000,29.070000,29.180000,29.871000,29.983400,27.928300,26.779150,29.678108,29.761492,-0.083383,-0.017894,-0.065489,44.275742,29.871000,30.906515,28.835485,0.166350,0.829526,0.028428,-0.021790,-0.022446,-0.009840,0.112891,0.046628,-0.102706,0.275157,-0.476216,-0.129475,0.510352,167990.000000,5386628.000000,0.076359
2016-10-14,29.200001,29.350000,28.760000,29.030001,127600,0.000000,0.000000,29.200001,29.350000,28.760000,29.030001,29.788000,29.978000,27.964700,26.816350,29.578399,29.707307,-0.128908,-0.040097,-0.088811,42.995160,29.788000,30.813169,28.762831,0.130305,0.812417,0.027985,-0.005140,-0.010228,-0.056855,0.124758,0.024347,-0.117361,0.221947,-0.478909,-0.133950,0.502588,155205.000000,3704228.127600,0.093431
2016-10-17,28.900000,29.180000,28.620001,29.000000,110400,0.000000,0.000000,28.900000,29.180000,28.620001,29.000000,29.696000,29.947400,27.994000,26.850100,29.489415,29.654914,-0.165499,-0.065177,-0.100322,42.728967,29.696000,30.651547,28.740453,0.135811,0.794388,0.027393,-0.001033,-0.026192,-0.055067,0.146698,-0.003436,-0.110429,0.222018,-0.479447,-0.134845,0.501035,153795.000000,3201600.000000,0.114244
2016-10-18,29.490000,29.490000,28.820000,29.110001,132600,0.000000,0.000000,29.490000,29.490000,28.820000,29.110001,29.644000,29.920200,28.025800,26.886700,29.431043,29.614550,-0.183507,-0.088843,-0.094663,44.095650,29.644000,30.608668,28.679332,0.223221,0.785503,0.026984,0.003793,-0.019865,-0.056096,0.151048,-0.024464,-0.116540,0.221585,-0.477473,-0.131563,0.506729,154265.000000,3859986.132600,0.120810
2016-10-19,29.180000,29.209999,28.740000,28.969999,72400,0.000000,0.000000,29.180000,29.209999,28.740000,28.969999,29.568000,29.902400,28.056500,26.919400,29.360114,29.566806,-0.206692,-0.112413,-0.094279,42.699047,29.568000,30.490619,28.645381,0.175922,0.762967,0.026336,-0.004809,-0.028830,-0.039138,0.170032,-0.007877,-0.123449,0.209936,-0.479986,-0.135740,0.499482,152620.000000,2097427.927600,0.136033
2016-10-20,28.820000,29.250000,28.820000,29.010000,100600,0.000000,0.000000,28.820000,29.250000,28.820000,29.010000,29.483000,29.896200,28.085900,26.956250,29.306250,29.525561,-0.219311,-0.133793,-0.085518,43.252076,29.483000,30.265173,28.700827,0.197637,0.739183,0.025480,0.001381,-0.005826,-0.048541,0.123983,-0.016610,-0.132217,0.204898,-0.479268,-0.134547,0.501553,150735.000000,2918406.000000,0.096205
2016-10-21,28.760000,29.450001,28.570000,29.290001,99600,0.000000,0.000000,28.760000,29.450001,28.570000,29.290001,29.438500,29.894800,28.119500,27.002450,29.303750,29.508112,-0.204362,-0.147906,-0.056455,47.100737,29.438500,30.151958,28.725042,0.395930,0.749242,0.025580,0.009652,0.008956,-0.046239,0.175833,0.014197,-0.126193,0.206489,-0.474242,-0.110537,0.516046,145160.000000,2917284.099600,0.144491
2016-10-24,29.450001,29.900000,29.200001,29.799999,99100,0.000000,0.000000,29.450001,29.900000,29.200001,29.799999,29.450500,29.900800,28.161200,27.051850,29.380096,29.529733,-0.149637,-0.148252,-0.001385,53.311731,29.450500,30.180445,28.720555,0.739401,0.745724,0.025024,0.017412,0.027586,-0.012591,0.155487,0.005059,-0.095050,0.209477,-0.465087,-0.085890,0.542443,142100.000000,2953179.900900,0.116391
2016-10-25,29.650000,30.000000,29.000000,29.150000,195700,0.000000,0.000000,29.650000,30.000000,29.000000,29.150000,29.457000,29.893200,28.195800,27.097850,29.344697,29.501605,-0.156908,-0.149984,-0.006924,45.912724,29.457000,30.172986,28.741014,0.285610,0.763887,0.026205,-0.021812,0.001374,-0.013870,0.128970,-0.089063,-0.105828,0.211046,-0.476755,-0.089063,0.508799,143285.000000,5704655.000000,0.101033
2016-10-26,31.900000,34.029999,31.000000,33.279999,705400,0.000000,0.000000,31.900000,34.029999,31.000000,33.279999,29.643500,29.960400,28.269700,27.165250,29.950128,29.781486,0.168642,-0.086258,0.254901,72.258236,29.643500,31.498567,27.788433,1.480153,1.057895,0.031788,0.141681,0.148775,0.146795,0.245043,0.107119,0.108964,0.529388,-0.402621,0.000000,0.722567,169510.000000,23475711.294600,0.226558
2016-10-27,33.849998,35.500000,33.549999,34.750000,652100,0.000000,0.000000,33.849998,35.500000,33.549999,34.750000,29.920500,30.058000,28.359300,27.240000,30.688570,30.149524,0.539046,0.038802,0.500243,76.622931,29.920500,32.847683,26.993318,1.324940,1.140903,0.032832,0.044171,0.197863,0.175973,0.202838,0.201591,0.465008,0.543724,-0.376234,0.000000,0.798654,195490.000000,22660475.000000,0.192409
2016-10-28,34.849998,35.549999,34.299999,35.500000,406400,0.000000,0.000000,34.849998,35.549999,34.299999,35.500000,30.197500,30.165200,28.446600,27.319950,31.428790,30.545855,0.882934,0.207629,0.675306,78.483004,30.197500,34.044428,26.350572,1.189186,1.148695,0.032358,0.021583,0.212018,0.215337,0.227524,0.234353,0.550218,0.540634,-0.362771,0.000000,0.837474,207595.000000,14427200.000000,0.226386
2016-10-31,35.349998,36.099998,34.910000,35.650002,237900,0.000000,0.000000,35.349998,36.099998,34.910000,35.650002,30.486500,30.271600,28.539100,27.399850,32.078207,30.923940,1.154267,0.396956,0.757310,78.845549,30.486500,35.034413,25.938588,1.067678,1.151645,0.032304,0.004225,0.196309,0.189920,0.236988,0.268232,0.509953,0.537819,-0.360079,0.000000,0.845238,211450.000000,8481135.475800,0.226982
2016-11-01,35.549999,36.000000,34.200001,35.000000,241600,0.000000,0.000000,35.549999,36.000000,34.200001,35.000000,30.753500,30.371200,28.632800,27.478250,32.527714,31.225871,1.301843,0.577934,0.723909,73.097932,30.753500,35.706106,25.800894,0.928714,1.197956,0.034227,-0.018233,0.200686,0.171744,0.177658,0.304024,0.478665,0.544584,-0.371747,-0.018233,0.811594,212310.000000,8456000.000000,0.178852
2016-11-02,34.799999,35.299999,34.500000,34.700001,182400,0.000000,0.000000,34.799999,35.299999,34.500000,34.700001,30.995500,30.450400,28.725600,27.554950,32.861912,31.483214,1.378698,0.738087,0.640611,70.542007,30.995500,36.229291,25.761709,0.853902,1.169531,0.033704,-0.008571,0.042668,0.169926,0.184300,0.310918,0.423882,0.545149,-0.377132,-0.026648,0.796066,212460.000000,6329280.182400,0.196046
2016-11-03,35.000000,35.950001,34.750000,35.299999,246200,0.000000,0.000000,35.000000,35.950001,34.750000,35.299999,31.268000,30.551400,28.824600,27.630450,33.237002,31.765939,1.471064,0.884682,0.586382,72.605138,31.268000,36.809160,25.726841,0.863823,1.175279,0.033294,0.017291,0.015827,0.182183,0.156240,0.301622,0.462909,0.546060,-0.366362,-0.009818,0.827122,217675.000000,8690859.753800,0.187403
2016-11-04,35.299999,36.049999,34.750000,34.900002,298200,0.000000,0.000000,35.299999,36.049999,34.750000,34.900002,31.546500,30.658400,28.924200,27.700350,33.492848,31.998091,1.494757,1.006697,0.488060,69.129163,31.546500,37.235464,25.857537,0.794737,1.184187,0.033931,-0.011331,-0.016901,0.169179,0.145389,0.296434,0.454167,0.549626,-0.373542,-0.021038,0.806418,225000.000000,10407180.596400,0.177379
2016-11-07,35.700001,37.500000,35.299999,37.400002,371200,0.000000,0.000000,35.700001,37.500000,35.299999,37.400002,31.927500,30.818000,29.047800,27.785150,34.093949,32.398233,1.695716,1.144501,0.551215,76.652593,31.927500,38.116969,25.738032,0.942082,1.285317,0.034367,0.071633,0.049088,0.275145,0.252512,0.377532,0.526531,0.583266,-0.328666,0.000000,0.935818,237595.000000,13882880.742400,0.263862
2016-11-08,37.099998,38.700001,36.450001,38.200001,328200,0.000000,0.000000,37.099998,38.700001,36.450001,38.200001,32.352500,30.992000,29.171200,27.867050,34.725649,32.827994,1.897656,1.295132,0.602524,78.461504,32.352500,39.044840,25.660160,0.936880,1.354223,0.035451,0.021390,0.091429,0.282740,0.302865,0.426971,0.621392,0.584047,-0.314306,0.000000,0.977226,246190.000000,12537240.328200,0.304996
2016-11-09,37.599998,40.099998,37.599998,39.549999,224400,0.000000,0.000000,37.599998,40.099998,37.599998,39.549999,32.838500,31.184200,29.299600,27.956850,35.467857,33.325920,2.141937,1.464493,0.677444,81.119853,32.838500,40.143254,25.533747,0.959393,1.436064,0.036310,0.035340,0.139769,0.331650,0.347071,0.514165,0.639039,0.586412,-0.290074,0.000000,1.047101,250830.000000,8875019.775600,0.342735
2016-11-10,40.099998,42.000000,39.150002,40.200001,369200,0.000000,0.000000,40.099998,42.000000,39.150002,40.200001,33.389500,31.379600,29.446000,28.053600,36.195879,33.835111,2.360768,1.643748,0.717020,82.255459,33.389500,41.178728,25.600273,0.937174,1.537059,0.038235,0.016435,0.138810,0.347637,0.362712,0.624899,0.679198,0.585316,-0.278406,0.000000,1.080745,260060.000000,14841840.369200,0.367316
2016-11-11,40.200001,41.450001,39.849998,40.549999,338800,0.000000,0.000000,40.200001,41.450001,39.849998,40.549999,33.965500,31.580200,29.598400,28.149400,36.865744,34.332510,2.533233,1.821645,0.711589,82.853504,33.965500,42.093740,25.837261,0.905038,1.541555,0.038016,0.008706,0.161891,0.389650,0.373180,0.653752,0.735130,0.570566,-0.272124,0.000000,1.098861,270620.000000,13738339.661200,0.377914
2016-11-14,41.099998,42.349998,41.099998,41.750000,260300,0.000000,0.000000,41.099998,42.349998,41.099998,41.750000,34.603000,31.802000,29.755800,28.249100,37.617168,34.881954,2.735214,2.004359,0.730855,84.751115,34.603000,43.083795,26.122205,0.921364,1.560015,0.037366,0.029593,0.116310,0.438167,0.395388,0.731647,0.790309,0.566741,-0.250583,0.000000,1.160973,278115.000000,10867525.000000,0.397054
2016-11-15,41.799999,42.049999,41.400002,41.799999,173500,0.000000,0.000000,41.799999,42.049999,41.400002,41.799999,35.237500,32.029600,29.924700,28.353500,38.260680,35.394402,2.866279,2.176743,0.689536,84.826465,35.237500,43.885109,26.589892,0.879440,1.495014,0.035766,0.001198,0.094241,0.441379,0.399397,0.733720,0.781756,0.565847,-0.249686,0.000000,1.163561,280160.000000,7252299.826500,0.390416
2016-11-16,41.549999,42.549999,41.549999,41.950001,208400,0.000000,0.000000,41.549999,42.549999,41.549999,41.950001,35.886500,32.252800,30.106700,28.460700,38.828268,35.880002,2.948266,2.331047,0.617219,85.064902,35.886500,44.501817,27.271184,0.851902,1.459656,0.034795,0.003589,0.060683,0.441086,0.391838,0.699757,0.787388,0.565913,-0.246993,0.000000,1.171325,286960.000000,8742380.208400,0.381451
2016-11-17,41.950001,42.400002,41.650002,42.000000,260800,0.000000,0.000000,41.950001,42.400002,41.650002,42.000000,36.536000,32.458200,30.289200,28.558050,39.316227,36.333335,2.982892,2.461416,0.521476,85.148675,36.536000,44.924138,28.147862,0.825698,1.408966,0.033547,0.001192,0.044776,0.449776,0.384768,0.668653,0.772152,0.563225,-0.246096,0.000000,1.173913,294970.000000,10953600.000000,0.366519
2016-11-18,42.000000,42.250000,40.650002,41.029999,343100,0.000000,0.000000,42.000000,42.250000,40.650002,41.029999,37.123000,32.680000,30.452100,28.635900,39.579884,36.681236,2.898648,2.548863,0.349785,76.216865,37.123000,45.003879,29.242121,0.747878,1.422611,0.034672,-0.023095,0.011837,0.414340,0.366755,0.654436,0.742991,0.578716,-0.263507,-0.023095,1.123706,307145.000000,14077392.656900,0.352091
2016-11-21,41.000000,41.349998,40.900002,41.000000,271500,0.000000,0.000000,41.000000,41.349998,40.900002,41.000000,37.683000,32.898800,30.610700,28.708850,39.798363,37.001144,2.797219,2.598534,0.198685,75.951516,37.683000,44.939895,30.426105,0.728541,1.353139,0.033003,-0.000731,-0.017964,0.399795,0.333767,0.614809,0.752137,0.581542,-0.264046,-0.023810,1.122153,315765.000000,11131500.000000,0.313087
2016-11-22,41.000000,41.450001,40.900002,41.299999,164200,0.000000,0.000000,41.000000,41.450001,40.900002,41.299999,38.290500,33.136800,30.766200,28.778100,40.029384,37.319578,2.709806,2.620788,0.089018,76.820608,38.290500,44.498076,32.082925,0.742405,1.295772,0.031375,0.007317,-0.011962,0.385906,0.365289,0.584196,0.724426,0.582447,-0.258661,-0.016667,1.137681,314190.000000,6781459.835800,0.332965
2016-11-23,41.400002,42.900002,41.299999,42.349998,193400,0.000000,0.000000,41.400002,42.900002,41.299999,42.349998,38.744000,33.394400,30.942900,28.856600,40.386402,37.692202,2.694200,2.635471,0.058729,79.599507,38.744000,44.731665,32.756335,0.801119,1.317502,0.031110,0.025424,0.009535,0.452830,0.433164,0.633243,0.747112,0.566299,-0.239813,0.000000,1.192029,288590.000000,8190489.613200,0.400840
2016-11-25,42.299999,42.650002,41.500000,42.400002,60700,0.000000,0.000000,42.299999,42.650002,41.500000,42.400002,39.126500,33.626800,31.121800,28.933600,40.696186,38.040928,2.655259,2.639428,0.015830,79.724173,39.126500,45.016470,33.236530,0.777888,1.305538,0.030791,0.001181,0.009524,0.274039,0.441197,0.637066,0.722877,0.348561,-0.238916,0.000000,1.194617,259020.000000,2573680.121400,0.406707
2016-11-28,42.299999,42.349998,41.500000,42.000000,124300,0.000000,0.000000,42.299999,42.349998,41.500000,42.000000,39.451500,33.853000,31.297700,29.009400,40.896773,38.334192,2.562581,2.624059,-0.061478,75.737051,39.451500,45.214884,33.688117,0.721094,1.276571,0.030395,-0.009434,0.023641,0.208633,0.423729,0.611047,0.690821,0.335084,-0.246096,-0.009434,1.173913,244915.000000,5220600.000000,0.397645
2016-11-29,41.799999,42.250000,41.599998,41.700001,161400,0.000000,0.000000,41.799999,42.250000,41.599998,41.700001,39.754000,34.070200,31.457600,29.081350,41.020347,38.583511,2.436835,2.586614,-0.149779,72.796541,39.754000,45.308572,34.199428,0.675171,1.231816,0.029540,-0.007143,0.017073,0.174648,0.392786,0.608176,0.701346,0.336558,-0.251481,-0.016509,1.158385,241090.000000,6730380.161400,0.362740
2016-11-30,42.099998,42.799999,41.529999,41.750000,172000,0.000000,0.000000,42.099998,42.799999,41.529999,41.750000,40.091500,34.302200,31.612800,29.158750,41.132601,38.818066,2.314535,2.532198,-0.217663,72.984797,40.091500,45.234885,34.948116,0.661227,1.234544,0.029570,0.001199,0.010896,0.171108,0.372001,0.628951,0.698535,0.337137,-0.250583,-0.015330,1.160973,237610.000000,7181000.000000,0.350813
2016-12-01,41.950001,43.200001,41.950001,43.099998,234100,0.000000,0.000000,41.950001,43.200001,41.950001,43.099998,40.511500,34.554400,31.777800,29.244250,41.435277,39.135246,2.300031,2.485765,-0.185734,77.510281,40.511500,45.148042,35.874958,0.779141,1.249934,0.029001,0.032335,0.017710,0.231429,0.412189,0.677695,0.806370,0.333504,-0.226351,0.000000,1.230849,240195.000000,10089709.531800,0.407616
2016-12-02,43.299999,44.049999,42.900002,43.549999,134500,0.000000,0.000000,43.299999,44.049999,42.900002,43.549999,40.924000,34.811200,31.941700,29.332650,41.760619,39.462265,2.298354,2.448283,-0.149928,78.785971,40.924000,45.047944,36.800056,0.818384,1.242795,0.028537,0.010441,0.027123,0.255043,0.420417,0.682117,0.865096,0.326473,-0.218273,0.000000,1.254141,234610.000000,5857474.865500,0.419322
2016-12-05,43.849998,44.200001,43.250000,44.049999,190600,0.000000,0.000000,43.849998,44.200001,43.250000,44.049999,41.381500,35.088600,32.120200,29.418750,42.112832,39.802097,2.310734,2.420773,-0.110039,80.134329,41.381500,44.628523,38.134476,0.910915,1.221881,0.027739,0.011481,0.048809,0.247875,0.448060,0.708026,0.996827,0.325698,-0.209298,0.000000,1.280021,229230.000000,8395929.809400,0.441809
2016-12-06,44.099998,45.500000,43.400002,45.349998,214700,0.000000,0.000000,44.099998,45.500000,43.400002,45.349998,41.779000,35.404400,32.311500,29.512750,42.610857,40.213053,2.397804,2.416179,-0.018375,83.135634,41.779000,44.918445,38.639554,1.068731,1.284604,0.028326,0.029512,0.087530,0.299427,0.472881,0.694060,1.116192,0.321438,-0.185963,0.000000,1.347308,221405.000000,9736644.570600,0.463594
2016-12-07,45.200001,47.430000,44.849998,46.700001,308500,0.000000,0.000000,45.200001,47.430000,44.849998,46.700001,42.204000,35.758000,32.520400,29.617150,43.239956,40.693567,2.546389,2.442221,0.104168,85.573184,42.204000,45.594732,38.813267,1.162984,1.377132,0.029489,0.029769,0.118563,0.248663,0.471793,0.768939,1.203870,0.249446,-0.161730,0.000000,1.417184,220420.000000,14406950.308500,0.446262
2016-12-08,46.849998,48.150002,46.330002,47.799999,318900,0.000000,0.000000,46.849998,48.150002,46.330002,47.799999,42.616500,36.123000,32.745500,29.728350,43.941501,41.219970,2.721531,2.498083,0.223448,87.197002,42.616500,46.602777,38.630222,1.150168,1.408766,0.029472,0.023555,0.109049,0.251309,0.596526,0.865002,1.253654,0.250719,-0.141985,0.000000,1.474120,225145.000000,15243419.681100,0.539668
2016-12-09,47.799999,48.849998,47.299999,47.549999,285300,0.000000,0.000000,47.799999,48.849998,47.299999,47.549999,42.984000,36.489800,32.968100,29.835350,44.496655,41.688861,2.807794,2.560025,0.247769,84.859248,42.984000,47.367660,38.600339,1.020798,1.418854,0.029839,-0.005230,0.091848,0.202276,0.581836,0.870574,1.186207,0.239946,-0.146473,-0.005230,1.461180,220950.000000,13566014.714700,0.537206
2016-12-12,47.599998,47.599998,46.849998,47.349998,207600,0.000000,0.000000,47.599998,47.599998,46.849998,47.349998,43.323999,36.837600,33.194000,29.940850,44.935631,42.108204,2.827426,2.613506,0.213921,82.943423,43.323999,47.960329,38.687670,0.934180,1.371079,0.028956,-0.004206,0.074915,0.177861,0.610544,0.864173,1.216760,0.242440,-0.150063,-0.009414,1.450828,214390.000000,9829859.584800,0.560636
2016-12-13,47.599998,47.650002,45.049999,45.950001,381400,0.000000,0.000000,47.599998,47.650002,45.049999,45.950001,43.534000,37.159200,33.395400,30.033100,45.091688,42.392782,2.698906,2.630586,0.068320,70.880249,43.534000,48.249936,38.818063,0.756153,1.458859,0.031749,-0.029567,0.013230,0.133169,0.559213,0.842422,1.145191,0.274976,-0.175193,-0.038703,1.378364,220445.000000,17525330.381400,0.503149
2016-12-14,45.700001,47.299999,45.349998,46.500000,403200,0.000000,0.000000,45.700001,47.299999,45.349998,46.500000,43.769000,37.496000,33.611300,30.132300,45.308351,42.697020,2.611331,2.626735,-0.015404,72.568177,43.769000,48.588394,38.949605,0.783334,1.493941,0.032128,0.011970,-0.004283,0.113772,0.510721,0.857029,1.105025,0.262510,-0.165320,-0.027197,1.406832,231930.000000,18748800.000000,0.475104
2016-12-15,46.549999,48.049999,46.000000,47.750000,404800,0.000000,0.000000,46.549999,48.049999,46.000000,47.750000,44.059000,37.853800,33.830900,30.238300,45.683989,43.071315,2.612674,2.623923,-0.011248,75.976462,44.059000,49.109977,39.008022,0.865375,1.533659,0.032119,0.026882,-0.001046,0.142345,0.555881,0.846481,1.050236,0.272377,-0.142883,-0.001046,1.471532,241750.000000,19329200.000000,0.515405
2016-12-16,48.450001,48.590000,46.599998,46.650002,854500,0.000000,0.000000,48.450001,48.590000,46.599998,46.650002,44.291500,38.189800,34.039200,30.337600,45.832607,43.336403,2.496204,2.598379,-0.102175,67.972895,44.291500,49.371418,39.211581,0.732140,1.566255,0.033575,-0.023037,-0.018927,0.112038,0.512646,0.746537,0.987644,0.290942,-0.162628,-0.024059,1.414596,271435.000000,39862426.709000,0.474035
2016-12-19,46.650002,47.150002,45.950001,46.250000,197100,0.000000,0.000000,46.650002,47.150002,45.950001,46.250000,44.552500,38.528200,34.234400,30.433550,45.896821,43.552225,2.344596,2.547622,-0.203026,65.279880,44.552500,49.460332,39.644668,0.672938,1.540094,0.033299,-0.008575,-0.023231,0.101190,0.533997,0.809468,1.046460,0.294594,-0.169808,-0.032427,1.393892,264135.000000,9115875.000000,0.492769
2016-12-20,46.650002,46.900002,46.049999,46.400002,127100,0.000000,0.000000,46.650002,46.900002,46.049999,46.400002,44.822500,38.860600,34.409500,30.534950,45.974233,43.763171,2.211062,2.480310,-0.269248,65.826657,44.822500,49.495995,40.149005,0.668771,1.490802,0.032129,0.003243,0.009793,0.130880,0.521810,0.833268,1.111010,0.276801,-0.167115,-0.029289,1.401656,256915.000000,5897440.254200,0.486163
2016-12-21,46.200001,46.500000,45.599998,45.849998,147800,0.000000,0.000000,46.200001,46.500000,45.599998,45.849998,45.050000,39.183600,34.578800,30.633500,45.955120,43.917751,2.037369,2.391722,-0.354353,61.972901,45.050000,49.435622,40.664377,0.591207,1.448602,0.031594,-0.011854,-0.013979,0.118293,0.492999,0.762783,1.084091,0.282834,-0.176988,-0.040795,1.373188,256095.000000,6776629.704400,0.468295
2016-12-22,45.950001,46.400002,44.900002,44.900002,163600,0.000000,0.000000,45.950001,46.400002,44.900002,44.900002,45.177500,39.485000,34.739600,30.726850,45.792794,43.990510,1.802284,2.273834,-0.471550,55.886888,45.177500,49.376933,40.978067,0.466960,1.452273,0.032345,-0.020720,-0.059686,0.087167,0.487740,0.802489,1.052103,0.296877,-0.194041,-0.060669,1.324017,254605.000000,7345640.327200,0.461039
2016-12-23,45.000000,45.349998,44.450001,45.000000,131200,0.000000,0.000000,45.000000,45.349998,44.450001,45.000000,45.307500,39.801400,34.892400,30.815000,45.670826,44.065287,1.605539,2.140175,-0.534637,56.372562,45.307500,49.300820,41.314180,0.461498,1.412825,0.031396,0.002227,-0.035370,0.062574,0.522328,0.894737,1.018842,0.286635,-0.192246,-0.058577,1.329193,258130.000000,5904000.000000,0.483298
2016-12-27,44.849998,45.900002,44.750000,45.450001,106800,0.000000,0.000000,44.849998,45.900002,44.750000,45.450001,45.480000,40.129800,35.053900,30.906750,45.636853,44.167859,1.468994,2.005939,-0.536945,58.582442,45.480000,49.157299,41.802701,0.495921,1.394052,0.030672,0.010000,-0.017297,0.071934,0.566161,0.913684,1.066849,0.287537,-0.184168,-0.049163,1.352485,257255.000000,4854060.106800,0.531910
2016-12-28,45.450001,45.450001,44.299999,44.700001,132800,0.000000,0.000000,45.450001,45.450001,44.299999,44.700001,45.630000,40.443800,35.195600,30.998200,45.492722,44.207277,1.285445,1.861840,-0.576395,53.700221,45.630000,48.877736,42.382264,0.356824,1.376620,0.030797,-0.016502,-0.036638,0.064286,0.512690,0.806791,1.028131,0.292532,-0.197631,-0.064854,1.313665,255825.000000,5936160.132800,0.490126
2016-12-29,44.650002,45.099998,44.400002,44.650002,81400,0.000000,0.000000,44.650002,45.099998,44.400002,44.650002,45.775000,40.754600,35.337400,31.085950,45.363073,44.240071,1.123001,1.714072,-0.591071,53.380832,45.775000,48.512171,43.037829,0.294496,1.328289,0.029749,-0.001119,-0.026172,0.070743,0.528586,0.776054,1.068087,0.290604,-0.198528,-0.065900,1.311077,251295.000000,3634510.162800,0.497663
2016-12-30,44.849998,45.900002,43.900002,44.150002,122100,0.000000,0.000000,44.849998,45.900002,43.900002,44.150002,45.827500,41.058200,35.480300,31.161800,45.176446,44.233399,0.943047,1.559867,-0.616820,50.167470,45.827500,48.382881,43.272119,0.171771,1.376269,0.031173,-0.011198,-0.016704,0.057485,0.473632,0.714563,0.984270,0.294939,-0.207503,-0.076360,1.285197,245695.000000,5390715.244200,0.460243
2017-01-03,44.599998,45.200001,44.400002,44.900002,404200,0.000000,0.000000,44.599998,45.200001,44.400002,44.900002,45.895000,41.376000,35.636100,31.240950,45.133917,44.282777,0.851139,1.418122,-0.566983,54.583795,45.895000,48.261409,43.528592,0.289766,1.352964,0.030133,0.016988,-0.002222,0.041763,0.503180,0.819287,1.060578,0.280006,-0.194041,-0.060669,1.324017,259180.000000,18148580.808400,0.478994
2017-01-04,45.250000,45.500000,43.900002,45.049999,193500,0.000000,0.000000,45.250000,45.500000,43.900002,45.049999,45.945000,41.691200,35.793000,31.317350,45.121006,44.339609,0.781397,1.290777,-0.509379,55.434450,45.945000,48.186216,43.703785,0.300331,1.370609,0.030424,0.003341,-0.008801,0.034443,0.518881,0.838025,1.008471,0.278416,-0.191348,-0.057531,1.331780,259325.000000,8717174.806500,0.483464
2017-01-05,44.900002,45.150002,43.750000,43.950001,171600,0.000000,0.000000,44.900002,45.150002,43.750000,43.950001,45.875000,41.974200,35.937500,31.391450,44.940851,44.310749,0.630103,1.158642,-0.528539,48.291076,45.875000,48.276205,43.473796,0.099160,1.372708,0.031233,-0.024417,-0.016779,-0.002270,0.471869,0.800492,1.030961,0.290148,-0.211093,-0.080544,1.274845,257170.000000,7541820.171600,0.439529
2017-01-06,44.450001,45.200001,44.000000,44.880001,269700,0.000000,0.000000,44.450001,45.200001,44.000000,44.880001,45.784001,42.288800,36.091000,31.474350,44.931490,44.352916,0.578574,1.042628,-0.464054,53.720883,45.784001,48.191500,43.376501,0.312253,1.363944,0.030391,0.021160,0.005151,-0.010364,0.503518,0.745624,1.238404,0.280754,-0.194400,-0.061088,1.322981,255230.000000,12104136.269700,0.463153
2017-01-09,44.650002,44.700001,43.700001,44.099998,280000,0.000000,0.000000,44.650002,44.700001,43.700001,44.099998,45.599000,42.505200,36.232800,31.552400,44.803568,44.334181,0.469387,0.927980,-0.458593,49.067089,45.599000,47.921357,43.276644,0.177267,1.350805,0.030630,-0.017380,-0.001133,-0.055675,0.503580,0.681281,1.213855,0.264039,-0.208401,-0.077406,1.282609,253285.000000,12347999.440000,0.458341
2017-01-10,44.150002,45.500000,44.000000,44.799999,144000,0.000000,0.000000,44.150002,45.500000,44.000000,44.799999,45.461500,42.706200,36.382100,31.638950,44.803019,44.368686,0.434333,0.829251,-0.394918,53.001963,45.461500,47.617141,43.305859,0.346565,1.361462,0.030390,0.015873,-0.002227,-0.062762,0.504365,0.684210,1.245614,0.255662,-0.195836,-0.062762,1.318841,246220.000000,6451199.856000,0.462488
2017-01-11,44.950001,46.049999,44.500000,46.049999,162600,0.000000,0.000000,44.950001,46.049999,44.500000,46.049999,45.396501,42.917200,36.541200,31.727400,44.994862,44.493228,0.501634,0.763727,-0.262093,59.081227,45.396501,47.384234,43.408767,0.664383,1.374929,0.029857,0.027902,0.022198,-0.031546,0.550505,0.695508,1.325758,0.276837,-0.173398,-0.036611,1.383540,243970.000000,7487729.837400,0.490114
2017-01-12,45.849998,46.250000,45.450001,46.099998,131200,0.000000,0.000000,45.849998,46.250000,45.450001,46.099998,45.404000,43.126200,36.698900,31.816350,45.164883,44.612248,0.552635,0.721509,-0.168874,59.307961,45.404000,47.401634,43.406366,0.674205,1.333862,0.028934,0.001086,0.048919,-0.026399,0.545424,0.759542,1.328283,0.276764,-0.172500,-0.035565,1.386128,231460.000000,6048319.737600,0.486545
2017-01-13,46.450001,47.200001,46.299999,47.150002,125100,0.000000,0.000000,46.450001,47.200001,46.299999,47.150002,45.436500,43.369200,36.870200,31.911350,45.470286,44.800230,0.670056,0.711218,-0.041162,63.839474,45.436500,47.528151,43.344850,0.909605,1.317158,0.027935,0.022777,0.050579,0.026115,0.615833,0.798246,1.416709,0.268261,-0.153653,-0.013598,1.440476,217555.000000,5898465.250200,0.546628
2017-01-17,46.849998,47.400002,45.849998,46.950001,271000,0.000000,0.000000,46.849998,47.400002,45.849998,46.950001,45.396501,43.614200,37.032300,32.004600,45.697934,44.959472,0.738462,0.716667,0.021795,62.413736,45.396501,47.326194,43.466807,0.902525,1.333790,0.028409,-0.004242,0.064626,0.009677,0.617292,0.819062,1.386884,0.266055,-0.157243,-0.017782,1.430124,210865.000000,12723450.271000,0.555045
2017-01-18,47.099998,47.700001,46.750000,47.700001,230400,0.000000,0.000000,47.099998,47.700001,46.750000,47.700001,45.449000,43.862200,37.206800,32.104650,46.005945,45.162474,0.843471,0.742028,0.101443,65.523237,45.449000,47.569943,43.328058,1.030660,1.306376,0.027387,0.015974,0.064732,-0.001047,0.644828,0.886121,1.468944,0.254925,-0.143780,-0.002092,1.463843,179660.000000,10990080.230400,0.576396
2017-01-19,47.750000,48.250000,47.200001,47.450001,180100,0.000000,0.000000,47.750000,48.250000,47.200001,47.450001,45.509000,44.113200,37.385800,32.206950,46.228107,45.331920,0.896187,0.772860,0.123327,63.633460,45.509000,47.787402,43.230599,0.925957,1.288064,0.027146,-0.005241,0.030402,0.017149,0.630024,0.876236,1.450930,0.241710,-0.148268,-0.007322,1.349010,178810.000000,8545745.180100,0.573531
2017-01-20,47.349998,47.750000,46.830002,47.549999,163000,0.000000,0.000000,47.349998,47.750000,46.830002,47.549999,45.566500,44.316200,37.567100,32.310550,46.431475,45.496223,0.935253,0.805338,0.129914,64.079723,45.566500,47.992823,43.140178,0.908746,1.261773,0.026536,0.002107,0.031453,0.028108,0.641353,0.920436,1.353960,0.239243,-0.146473,-0.005230,1.326321,180605.000000,7750649.837000,0.582471
2017-01-23,47.549999,47.860001,47.049999,47.400002,139500,0.000000,0.000000,47.549999,47.860001,47.049999,47.400002,45.644001,44.500200,37.746100,32.412800,46.580479,45.637243,0.943236,0.832918,0.110318,62.834174,45.644001,48.203798,43.084203,0.842996,1.229504,0.025939,-0.003155,0.005302,0.021552,0.633919,0.836498,1.265774,0.239658,-0.149165,-0.008368,1.318982,180190.000000,6612300.279000,0.574568
2017-01-24,47.549999,49.099998,47.400002,49.049999,218900,0.000000,0.000000,47.549999,49.099998,47.400002,49.049999,45.851500,44.690200,37.937200,32.521450,46.960405,45.890040,1.070365,0.880407,0.189958,69.790357,45.851500,48.800572,42.902429,1.042289,1.263110,0.025751,0.034810,0.044728,0.069793,0.674633,0.969089,1.399706,0.261352,-0.119548,0.000000,1.391516,182955.000000,10737044.781100,0.609285
2017-01-25,49.400002,50.799999,49.400002,50.299999,391500,0.000000,0.000000,49.400002,50.799999,49.400002,50.299999,46.116500,44.892200,38.135900,32.638000,47.474189,46.216704,1.257485,0.955823,0.301662,73.792274,46.116500,49.639969,42.593032,1.093662,1.297888,0.025803,0.025484,0.054507,0.120267,0.687919,0.950368,1.305225,0.256713,-0.097110,0.000000,1.452462,195970.000000,19692449.608500,0.622661
2017-01-26,50.200001,50.200001,48.980000,49.299999,268500,0.000000,0.000000,50.200001,50.200001,48.980000,49.299999,46.309000,45.067200,38.323700,32.749650,47.755083,46.445096,1.309987,1.026656,0.283331,66.233133,46.309000,50.090388,42.527612,0.895490,1.299468,0.026358,-0.019881,0.038988,0.095556,0.691252,0.909373,1.283465,0.271322,-0.115060,-0.019881,1.403705,204055.000000,13237049.731500,0.620884
2017-01-27,49.250000,50.000000,48.849998,49.750000,400800,0.000000,0.000000,49.250000,50.000000,48.849998,49.750000,46.561500,45.227200,38.514600,32.858650,48.061993,46.689904,1.372090,1.095742,0.276347,67.830147,46.561500,50.558769,42.564232,0.898835,1.288791,0.025905,0.009128,0.046267,0.094609,0.494892,0.861205,1.386091,0.271116,-0.106983,-0.010934,1.425646,217455.000000,19939800.000000,0.416704
2017-01-30,49.349998,49.349998,48.500000,48.849998,202100,0.000000,0.000000,49.349998,49.349998,48.500000,48.849998,46.771500,45.368200,38.698900,32.964450,48.183225,46.849911,1.333314,1.143257,0.190057,61.559298,46.771500,50.787196,42.755804,0.758797,1.286021,0.026326,-0.018090,0.030591,0.092841,0.405755,0.690896,1.283777,0.272715,-0.123138,-0.028827,1.381765,223490.000000,9872584.595800,0.329501
2017-01-31,48.750000,48.849998,47.500000,48.049999,343100,0.000000,0.000000,48.750000,48.849998,47.500000,48.049999,46.966500,45.490200,38.871500,33.065300,48.162728,46.938806,1.223922,1.159390,0.064532,56.554342,46.966500,50.821761,43.111239,0.640522,1.290590,0.026859,-0.016377,-0.020387,0.076148,0.353521,0.661480,1.203118,0.281567,-0.137498,-0.044732,1.342760,234540.000000,16485954.656900,0.271694
2017-02-01,48.500000,49.799999,47.950001,48.700001,194200,0.000000,0.000000,48.500000,49.799999,47.950001,48.700001,47.156500,45.624200,39.041200,33.167100,48.245386,47.069265,1.176121,1.162736,0.013385,59.439812,47.156500,50.957111,43.355889,0.703060,1.330548,0.027321,0.013528,-0.031809,0.103058,0.366059,0.689799,1.327916,0.278145,-0.125830,-0.031809,1.374452,224040.000000,9457540.194200,0.278663
2017-02-02,48.349998,49.049999,47.549999,47.849998,237700,0.000000,0.000000,48.349998,49.049999,47.549999,47.849998,47.296500,45.760600,39.220300,33.260850,48.184557,47.127097,1.057460,1.141681,-0.084221,54.355801,47.296500,50.974704,43.618295,0.575240,1.342652,0.028060,-0.017454,-0.029412,0.065701,0.367143,0.610027,1.333008,0.284684,-0.141088,-0.048708,1.123835,226250.000000,11373944.524600,0.273495
2017-02-03,47.000000,49.650002,45.009998,49.450001,290500,0.000000,0.000000,47.000000,49.650002,45.009998,49.450001,47.571500,45.929600,39.414200,33.358900,48.379241,47.299164,1.080077,1.129360,-0.049283,61.100440,47.571500,51.010890,44.132110,0.773086,1.578177,0.031915,0.033438,-0.006030,0.097669,0.425072,0.687713,1.194851,0.303367,-0.112368,-0.016899,1.082105,232195.000000,14365225.290500,0.315153
2017-02-06,49.349998,49.349998,46.500000,47.000000,476400,0.000000,0.000000,49.349998,49.349998,46.500000,47.000000,47.677500,46.043600,39.590200,33.447900,48.167050,47.277004,0.890046,1.081497,-0.191451,49.129115,47.677500,50.890873,44.464127,0.394581,1.676164,0.035663,-0.049545,-0.037871,0.069397,0.331445,0.539469,0.846033,0.343505,-0.156345,-0.065606,0.978947,242530.000000,22390800.000000,0.211814
2017-02-07,47.099998,47.549999,45.700001,46.349998,259500,0.000000,0.000000,47.099998,47.549999,45.700001,46.349998,47.790000,46.123600,39.759000,33.532150,47.887503,47.208337,0.679167,1.001031,-0.321864,46.524675,47.790000,50.609406,44.970593,0.244627,1.688581,0.036431,-0.013830,-0.035380,0.032754,0.328080,0.521168,0.755017,0.342123,-0.168013,-0.078529,0.951579,241505.000000,12027824.481000,0.203664
2017-02-08,46.200001,46.799999,45.450001,46.599998,210000,0.000000,0.000000,46.200001,46.799999,45.450001,46.599998,47.880000,46.207600,39.917200,33.620750,47.689426,47.163274,0.526151,0.906055,-0.379904,47.673638,47.880000,50.396137,45.363862,0.245642,1.664397,0.035717,0.005394,-0.043121,0.056689,0.245989,0.560616,0.697632,0.335095,-0.163525,-0.073559,0.962105,244805.000000,9785999.580000,0.146054
2017-02-09,46.799999,47.799999,46.049999,47.650002,285300,0.000000,0.000000,46.799999,47.799999,46.049999,47.650002,47.960000,46.320600,40.086800,33.710750,47.683360,47.199328,0.484032,0.821651,-0.337618,52.308425,47.960000,50.328566,45.591434,0.434560,1.670511,0.035058,0.022532,-0.004180,0.063616,0.247382,0.625171,0.787993,0.339128,-0.144678,-0.052684,1.006316,250940.000000,13594545.570600,0.146931
2017-02-10,47.799999,48.650002,47.549999,48.549999,150500,0.000000,0.000000,47.799999,48.650002,47.549999,48.549999,48.082500,46.457600,40.263900,33.793500,47.816689,47.299378,0.517311,0.760783,-0.243471,55.913004,48.082500,50.294256,45.870743,0.605685,1.629761,0.033569,0.018888,-0.018200,0.054289,0.227560,0.653610,0.798148,0.332208,-0.128523,-0.034791,1.044210,251905.000000,7306774.849500,0.135567
2017-02-13,48.799999,49.200001,48.330002,48.799999,104400,0.000000,0.000000,48.799999,49.200001,48.330002,48.799999,48.165000,46.598600,40.450400,33.887200,47.967968,47.410535,0.557433,0.720113,-0.162680,56.887763,48.165000,50.353270,45.976730,0.645092,1.575492,0.032285,0.005149,0.038298,0.058568,0.213930,0.654237,0.818182,0.332253,-0.124035,-0.029821,1.054737,250870.000000,5094719.895600,0.107349
2017-02-14,48.500000,48.599998,47.599998,47.599998,147800,0.000000,0.000000,48.500000,48.599998,47.599998,47.599998,48.197500,46.688600,40.621500,33.980600,47.911357,47.424569,0.486788,0.673448,-0.186660,51.052868,48.197500,50.328345,46.066655,0.359797,1.548671,0.032535,-0.024590,0.026969,0.009544,0.173859,0.611920,0.742951,0.337073,-0.145575,-0.053678,1.004210,244710.000000,7035279.704400,0.069707
2017-02-15,47.450001,48.450001,47.450001,48.150002,142200,0.000000,0.000000,47.450001,48.450001,47.450001,48.150002,48.220000,46.780600,40.795900,34.077550,47.948072,47.478305,0.469767,0.632711,-0.162945,53.411509,48.220000,50.338192,46.101808,0.483477,1.509480,0.031350,0.011555,0.033262,0.025559,0.153293,0.609292,0.832889,0.338612,-0.135703,-0.042743,1.027369,240300.000000,6846930.284400,0.038116
2017-02-16,48.200001,48.650002,47.849998,48.549999,155000,0.000000,0.000000,48.200001,48.650002,47.849998,48.549999,48.274999,46.870600,40.979600,34.179750,48.040676,47.557690,0.482986,0.602766,-0.119780,55.105846,48.274999,50.365958,46.184041,0.565759,1.458803,0.030047,0.008307,0.018888,0.017820,0.161483,0.625377,0.867308,0.335487,-0.128523,-0.034791,1.044210,239045.000000,7525249.845000,0.059262
2017-02-17,48.450001,48.950001,48.099998,48.599998,96400,0.000000,0.000000,48.450001,48.950001,48.099998,48.599998,48.327499,46.935600,41.170000,34.288550,48.126725,47.634898,0.491828,0.580579,-0.088751,55.324561,48.327499,50.394400,46.260598,0.565920,1.415318,0.029122,0.001030,0.001030,0.024236,0.158522,0.612475,0.878624,0.334706,-0.127625,-0.033797,1.046316,235715.000000,4685039.807200,0.055775
2017-02-21,48.849998,49.549999,48.799999,49.400002,178500,0.000000,0.000000,48.849998,49.549999,48.799999,49.400002,48.427499,46.989600,41.373800,34.403200,48.322614,47.765646,0.556968,0.575856,-0.018889,58.784479,48.427499,50.498979,46.356019,0.734736,1.382081,0.027977,0.016461,0.012295,0.038906,0.176191,0.628750,0.841223,0.338782,-0.113265,-0.017893,1.080000,237665.000000,8817900.357000,0.076456
2017-02-22,49.250000,49.549999,48.650002,48.950001,213600,0.000000,0.000000,49.250000,49.549999,48.650002,48.950001,48.422500,47.012600,41.567800,34.512350,48.419135,47.853376,0.565759,0.573837,-0.008078,56.150244,48.422500,50.488128,46.356872,0.627685,1.347646,0.027531,-0.009109,0.028361,0.032700,0.193030,0.630580,0.843691,0.340555,-0.121343,-0.026839,1.061053,237400.000000,10455720.213600,0.091720
2017-02-23,49.150002,49.150002,47.400002,48.250000,174200,0.000000,0.000000,49.150002,49.150002,47.400002,48.250000,48.320000,47.026600,41.758200,34.619000,48.393114,47.882756,0.510359,0.561141,-0.050783,52.229422,48.320000,50.187281,46.452718,0.481256,1.376386,0.028526,-0.014300,0.002077,-0.016310,0.176829,0.569616,0.868706,0.322505,-0.133908,-0.040755,1.031579,226535.000000,8405150.000000,0.089911
2017-02-24,47.549999,48.500000,47.080002,48.299999,147500,0.000000,0.000000,47.549999,48.500000,47.080002,48.299999,48.270000,47.045600,41.941600,34.724750,48.378789,47.913663,0.465126,0.541938,-0.076812,52.484638,48.270000,50.079450,46.460550,0.508290,1.379501,0.028561,0.001036,-0.005149,-0.039761,0.169492,0.596694,0.889671,0.308417,-0.133010,-0.039761,1.033684,220485.000000,7124249.852500,0.084284
2017-02-27,48.200001,49.150002,48.099998,48.900002,135700,0.000000,0.000000,48.200001,49.150002,48.099998,48.900002,48.227500,47.104600,42.131900,34.835400,48.458976,47.986725,0.472251,0.528001,-0.055750,55.553389,48.227500,49.927184,46.527816,0.697832,1.355965,0.027729,0.012422,0.006173,-0.008114,0.154664,0.654822,0.869981,0.304768,-0.122240,-0.027833,1.058947,207230.000000,6635730.271400,0.065229
2017-02-28,48.650002,49.099998,48.099998,48.349998,144300,0.000000,0.000000,48.650002,49.099998,48.099998,48.349998,48.202500,47.141600,42.318800,34.946550,48.442210,48.013634,0.428576,0.508116,-0.079540,52.223781,48.202500,49.878171,46.526829,0.544012,1.330539,0.027519,-0.011248,-0.021255,-0.028141,0.140330,0.643440,0.841905,0.305074,-0.132113,-0.038767,1.035789,204340.000000,6976904.711400,0.061329
2017-03-01,49.450001,50.049999,48.849998,50.000000,211800,0.000000,0.000000,49.450001,50.049999,48.849998,50.000000,48.300000,47.186600,42.520200,35.072850,48.681870,48.160772,0.521098,0.510712,0.010385,59.974211,48.300000,50.155576,46.444424,0.958079,1.356929,0.027139,0.034126,0.021450,0.023541,0.190476,0.694915,0.818182,0.321774,-0.102495,-0.005964,1.105263,197775.000000,10590000.000000,0.090786
2017-03-02,49.900002,49.900002,48.099998,48.200001,171800,0.000000,0.000000,49.900002,49.900002,48.099998,48.200001,48.275000,47.217600,42.703700,35.191250,48.607736,48.163678,0.444058,0.497381,-0.053323,50.373775,48.275000,50.121335,46.428665,0.479690,1.395720,0.028957,-0.036000,-0.001036,0.003122,0.155875,0.609886,0.807952,0.341912,-0.134805,-0.041749,1.029474,196655.000000,8280760.171800,0.066413
2017-03-03,48.150002,48.150002,46.650002,47.950001,166800,0.000000,0.000000,48.150002,48.150002,46.650002,47.950001,48.280000,47.251600,42.889900,35.310450,48.506546,48.147850,0.358696,0.469644,-0.110948,49.195877,48.280000,50.122025,46.437975,0.410425,1.406740,0.029338,-0.005187,-0.007246,-0.015400,0.148503,0.575748,0.806026,0.338971,-0.139293,-0.046720,1.018947,193110.000000,7998060.166800,0.045741
2017-03-06,47.349998,48.000000,46.900002,47.650002,111000,0.000000,0.000000,47.349998,48.000000,46.900002,47.650002,48.190000,47.276600,43.068600,35.428150,48.374770,48.110973,0.263798,0.428475,-0.164677,47.752875,48.190000,49.966040,46.413960,0.347977,1.384830,0.029063,-0.006256,-0.025562,-0.004180,0.105569,0.561271,0.778649,0.334108,-0.144678,-0.052684,1.006316,184135.000000,5289150.222000,-0.008326
2017-03-07,47.599998,48.250000,46.650002,46.799999,173200,0.000000,0.000000,47.599998,48.250000,46.650002,46.799999,48.180000,47.295600,43.239600,35.538750,48.132498,48.013863,0.118634,0.366507,-0.247873,43.830077,48.180000,49.986247,46.373752,0.117992,1.400199,0.029919,-0.017838,-0.032058,-0.053590,0.074627,0.526419,0.729490,0.316210,-0.159935,-0.069583,0.970526,168975.000000,8105759.826800,-0.035403
2017-03-08,46.950001,47.099998,45.950001,46.099998,200100,0.000000,0.000000,46.950001,47.099998,45.950001,46.099998,48.167500,47.319600,43.402300,35.643400,47.819805,47.872096,-0.052290,0.282747,-0.335038,40.853682,48.167500,50.029666,46.305334,-0.055134,1.382328,0.029985,-0.014957,-0.078000,-0.019149,0.046538,0.515450,0.764931,0.270698,-0.172500,-0.083499,0.941053,166005.000000,9224609.599800,-0.053042
2017-03-09,46.049999,46.599998,45.000000,45.000000,119700,0.000000,0.000000,46.049999,46.599998,45.000000,45.000000,48.087500,47.319600,43.560500,35.744400,47.385989,47.659348,-0.273359,0.171526,-0.444885,36.642698,48.087500,50.331528,45.843472,-0.187937,1.397876,0.031064,-0.023861,-0.066390,-0.029126,-0.007718,0.461513,0.721500,0.278897,-0.192246,-0.105368,0.894737,161490.000000,5386500.000000,-0.102563
2017-03-10,45.549999,45.950001,44.650002,45.750000,117800,0.000000,0.000000,45.549999,45.950001,44.650002,45.750000,47.992500,47.325600,43.727700,35.846200,47.134299,47.517915,-0.383616,0.060498,-0.444114,41.100474,47.992500,50.463868,45.521132,0.046304,1.390884,0.030402,0.016667,-0.045881,-0.018240,-0.020343,0.441853,0.744186,0.284953,-0.178783,-0.090457,0.926316,153115.000000,5389350.000000,-0.107104
2017-03-13,45.799999,45.950001,45.450001,45.650002,170900,0.000000,0.000000,45.799999,45.950001,45.450001,45.650002,47.847500,47.344600,43.894200,35.944100,46.905945,47.379551,-0.473605,-0.046323,-0.427283,40.689402,47.847500,50.513756,45.181244,0.087906,1.327250,0.029074,-0.002186,-0.041973,-0.041973,-0.044979,0.524716,0.667885,0.272112,-0.180578,-0.092445,0.922105,154135.000000,7801585.341800,-0.129600
2017-03-14,45.299999,45.750000,44.099998,44.750000,158900,0.000000,0.000000,45.299999,45.750000,44.099998,44.750000,47.645000,47.346600,44.050600,36.038200,46.574261,47.184769,-0.610508,-0.159160,-0.451348,37.093518,47.645000,50.605601,44.684399,0.011079,1.350303,0.030174,-0.019715,-0.043803,-0.078270,-0.058885,0.488689,0.651292,0.267778,-0.196733,-0.110338,0.884211,156860.000000,7110775.000000,-0.134617
2017-03-15,44.950001,45.950001,44.599998,45.650002,218800,0.000000,0.000000,44.950001,45.950001,44.599998,45.650002,47.547500,47.376600,44.217400,36.136950,46.432068,47.071083,-0.639015,-0.255131,-0.383884,42.560179,47.547500,50.639847,44.455154,0.193194,1.350282,0.029579,0.020112,-0.009761,-0.064549,-0.035903,0.552721,0.728512,0.278824,-0.180578,-0.092445,0.922105,160410.000000,9988220.437600,-0.125973
2017-03-16,45.950001,45.950001,44.950001,45.200001,179600,0.000000,0.000000,45.950001,45.950001,44.950001,45.200001,47.400000,47.382600,44.379300,36.232600,46.242519,46.932484,-0.689965,-0.342098,-0.347867,40.657682,47.400000,50.648806,44.151195,0.161414,1.325262,0.029320,-0.009858,0.004444,-0.050420,-0.016322,0.533763,0.667897,0.268963,-0.188656,-0.101392,0.903158,162280.000000,8117920.179600,-0.096290
2017-03-17,45.049999,45.900002,45.049999,45.650002,390600,0.000000,0.000000,45.049999,45.900002,45.049999,45.650002,47.255000,47.394600,44.542900,36.331200,46.151362,46.837485,-0.686123,-0.410903,-0.275220,43.383209,47.255000,50.546281,43.963720,0.256174,1.291315,0.028287,0.009956,-0.002186,-0.051921,-0.018280,0.483106,0.575224,0.267979,-0.180578,-0.092445,0.922105,174060.000000,17830890.781200,-0.103687
2017-03-20,45.549999,46.250000,44.549999,45.500000,172500,0.000000,0.000000,45.549999,46.250000,44.549999,45.500000,47.100001,47.425600,44.699900,36.430550,46.051153,46.738412,-0.687260,-0.466174,-0.221085,42.679531,47.100001,50.416467,43.783534,0.258779,1.320507,0.029022,-0.003286,-0.003286,-0.062822,-0.047120,0.482568,0.565187,0.265136,-0.183270,-0.095427,0.915789,177865.000000,7848750.000000,-0.128611
2017-03-21,45.900002,45.900002,43.549999,43.650002,112500,0.000000,0.000000,45.900002,45.900002,43.549999,43.650002,46.812500,47.401000,44.844900,36.520350,45.681745,46.509641,-0.827896,-0.538519,-0.289378,35.114688,46.812500,50.282806,43.342195,0.044349,1.394042,0.031937,-0.040659,-0.024581,-0.101852,-0.064309,0.415370,0.466241,0.294907,-0.216478,-0.132207,0.837895,174565.000000,4910625.225000,-0.129907
2017-03-22,43.549999,43.599998,42.580002,42.799999,218100,0.000000,0.000000,43.549999,43.599998,42.580002,42.799999,46.505000,47.375000,44.940100,36.604900,45.238399,46.234853,-0.996453,-0.630106,-0.366348,32.283344,46.505000,50.256337,42.753664,0.006176,1.370896,0.032030,-0.019473,-0.062432,-0.133603,-0.074595,0.419569,0.469276,0.288250,-0.231736,-0.149105,0.802105,174790.000000,9334679.781900,-0.141329
2017-03-23,42.849998,43.650002,42.349998,42.750000,125100,0.000000,0.000000,42.849998,43.650002,42.349998,42.750000,46.230000,47.334000,45.020100,36.689700,44.855569,45.976716,-1.121147,-0.728314,-0.392833,32.119286,46.230000,50.240172,42.219829,0.066103,1.365833,0.031949,-0.001168,-0.054204,-0.126660,-0.078664,0.402099,0.510601,0.288708,-0.232633,-0.150099,0.800000,172335.000000,5348025.000000,-0.139523
2017-03-24,43.000000,43.299999,42.200001,42.700001,230500,0.000000,0.000000,43.000000,43.299999,42.200001,42.700001,45.950001,47.267000,45.092100,36.769350,44.523943,45.733996,-1.210053,-0.824662,-0.385391,31.944464,45.950001,50.130028,41.769973,0.111247,1.346844,0.031542,-0.001170,-0.064622,-0.115026,-0.068702,0.390427,0.498772,0.287688,-0.233531,-0.151093,0.797895,176485.000000,9842350.230500,-0.134007
2017-03-27,42.000000,43.000000,41.599998,42.700001,159300,0.000000,0.000000,42.000000,43.000000,41.599998,42.700001,45.640000,47.199000,45.162600,36.850850,44.243337,45.509256,-1.265919,-0.912913,-0.353006,31.944464,45.640000,49.818466,41.461535,0.148196,1.350641,0.031631,0.000000,-0.061538,-0.115942,-0.048998,0.414844,0.553292,0.287407,-0.233531,-0.151093,0.797895,177665.000000,6802110.159300,-0.121133
2017-03-28,42.650002,44.349998,42.430000,44.250000,157400,0.000000,0.000000,42.650002,44.349998,42.430000,44.250000,45.435001,47.141000,45.255100,36.943950,44.244362,45.415977,-1.171616,-0.964654,-0.206962,43.082669,45.435001,49.452869,41.417132,0.352534,1.391310,0.031442,0.036300,0.013746,-0.095092,-0.016667,0.496955,0.560296,0.316773,-0.205708,-0.120278,0.863158,178320.000000,6964950.000000,-0.092170
2017-03-29,43.950001,44.450001,43.599998,44.049999,104100,0.000000,0.000000,43.950001,44.450001,43.599998,44.049999,45.137501,47.083000,45.348600,37.037100,44.214460,45.314794,-1.100334,-0.991790,-0.108544,42.124651,45.137501,48.570755,41.704246,0.341622,1.352645,0.030707,-0.004520,0.029206,-0.088935,-0.030803,0.517919,0.555987,0.315839,-0.209298,-0.124254,0.854737,172935.000000,4585604.895900,-0.105539
2017-03-30,44.150002,44.779999,44.150002,44.400002,145600,0.000000,0.000000,44.150002,44.779999,44.150002,44.400002,44.947501,47.017000,45.439600,37.132100,44.243005,45.247032,-1.004027,-0.994237,-0.009790,44.452525,44.947501,48.074038,41.820963,0.412443,1.308170,0.029463,0.007946,0.038597,-0.112000,-0.006711,0.502538,0.577265,0.287522,-0.203016,-0.117296,0.869474,171625.000000,6464640.291200,-0.094194
2017-03-31,44.299999,44.849998,44.099998,44.299999,169000,0.000000,0.000000,44.299999,44.849998,44.099998,44.299999,44.765000,46.954000,45.533600,37.228900,44.251773,45.176881,-0.925108,-0.980411,0.055303,43.909092,44.765000,47.562387,41.967614,0.416886,1.268301,0.028630,-0.002252,0.037471,-0.080913,-0.007839,0.516604,0.565371,0.265299,-0.204811,-0.119284,0.865263,171735.000000,7486699.831000,-0.096138
2017-04-03,44.400002,44.700001,43.349998,43.349998,94900,0.000000,0.000000,44.400002,44.700001,43.349998,43.349998,44.550000,46.870000,45.593100,37.320450,44.113038,45.041556,-0.928518,-0.970033,0.041515,39.027951,44.550000,47.059980,42.040020,0.260954,1.274137,0.029392,-0.021445,0.015222,-0.095933,-0.018120,0.446929,0.565547,0.272199,-0.221863,-0.138171,0.825263,170930.000000,4113914.810200,-0.113151
2017-04-04,43.200001,44.150002,43.150002,43.900002,161600,0.000000,0.000000,43.200001,44.150002,43.150002,43.900002,44.405000,46.800000,45.650100,37.410650,44.080264,44.956997,-0.876733,-0.951373,0.074640,42.979985,44.405000,46.692932,42.117068,0.389639,1.254556,0.028578,0.012688,-0.007910,-0.078699,-0.022272,0.469702,0.626528,0.278625,-0.211991,-0.127237,0.848421,170350.000000,7094240.323200,-0.108756
2017-04-05,44.299999,45.049999,43.450001,43.500000,138300,0.000000,0.000000,44.299999,45.049999,43.450001,43.500000,44.275000,46.689000,45.689600,37.494600,43.990992,44.849071,-0.858079,-0.932714,0.074635,40.903489,44.275000,46.450100,42.099901,0.321847,1.279230,0.029408,-0.009112,-0.012486,-0.070513,-0.034406,0.466622,0.621319,0.274677,-0.219171,-0.135189,0.831579,167260.000000,6016050.000000,-0.105153
2017-04-06,43.599998,43.950001,43.200001,43.799999,141000,0.000000,0.000000,43.599998,43.950001,43.200001,43.799999,44.215000,46.559000,45.725600,37.585800,43.961609,44.771362,-0.809753,-0.908122,0.098369,43.122934,44.215000,46.372022,42.057979,0.403802,1.241428,0.028343,0.006897,-0.013514,-0.049892,-0.003413,0.466845,0.625232,0.273453,-0.213786,-0.129225,0.844210,168325.000000,6175799.859000,-0.074662
2017-04-07,43.650002,44.029999,43.250000,43.400002,228200,0.000000,0.000000,43.650002,44.029999,43.250000,43.400002,44.097501,46.441000,45.754100,37.676250,43.875208,44.669780,-0.794572,-0.885412,0.090840,40.916443,44.097501,46.156238,42.038763,0.330600,1.208469,0.027845,-0.009132,-0.020316,-0.035556,-0.032977,0.453936,0.588580,0.263390,-0.220966,-0.137177,0.827369,173845.000000,9903880.456400,-0.097593
2017-04-10,43.650002,45.150002,43.650002,44.500000,222200,0.000000,0.000000,43.650002,45.150002,43.650002,44.500000,44.040000,46.336000,45.781600,37.768700,43.971330,44.657204,-0.685874,-0.845504,0.159630,48.691491,44.040000,45.976792,42.103209,0.618753,1.247150,0.028026,0.025346,0.026528,-0.027322,0.009070,0.517218,0.648759,0.272528,-0.201221,-0.115308,0.873684,176410.000000,9887900.000000,-0.054039
2017-04-11,44.200001,45.049999,43.349998,43.900002,128200,0.000000,0.000000,44.200001,45.049999,43.349998,43.900002,43.997501,46.237000,45.802600,37.863650,43.960356,44.601115,-0.640758,-0.804555,0.163797,45.197711,43.997501,45.905786,42.089215,0.474454,1.279496,0.029146,-0.013483,0.000000,-0.038335,-0.020089,0.474144,0.627735,0.275844,-0.211991,-0.127237,0.848421,174875.000000,5627980.256400,-0.076818
2017-04-12,43.799999,43.849998,42.299999,42.299999,120200,0.000000,0.000000,43.799999,43.849998,42.299999,42.299999,43.830000,46.122000,45.806100,37.956400,43.704917,44.430662,-0.725745,-0.788793,0.063048,37.475444,43.830000,45.715514,41.944487,0.094275,1.302389,0.030789,-0.036447,-0.027586,-0.054749,-0.081433,0.424242,0.513417,0.295023,-0.240711,-0.159046,0.781053,169945.000000,5084459.879800,-0.130414
2017-04-13,42.150002,42.549999,41.580002,41.599998,104700,0.000000,0.000000,42.150002,42.549999,41.580002,41.599998,43.650000,45.980000,45.802100,38.045650,43.381083,44.220983,-0.839900,-0.799014,-0.040885,34.683457,43.650000,45.667556,41.632445,-0.008041,1.278647,0.030737,-0.016548,-0.050228,-0.088719,-0.097614,0.394569,0.502347,0.286819,-0.253276,-0.172962,0.751579,166200.000000,4355519.790600,-0.144060
2017-04-17,42.000000,42.750000,41.750000,42.750000,98800,0.000000,0.000000,42.000000,42.750000,41.750000,42.750000,43.505000,45.878000,45.819300,38.135700,43.283993,44.112021,-0.828028,-0.804817,-0.023211,42.290231,43.505000,45.324457,41.685543,0.292520,1.269458,0.029695,0.027644,-0.014977,-0.054204,-0.093319,0.465045,0.533357,0.306349,-0.232633,-0.150099,0.800000,151610.000000,4223700.000000,-0.144030
2017-04-18,42.450001,42.880001,42.099998,42.799999,93100,0.000000,0.000000,42.450001,42.880001,42.099998,42.799999,43.370000,45.745000,45.837300,38.224000,43.209533,44.014834,-0.805302,-0.804914,-0.000388,42.603208,43.370000,44.951273,41.788727,0.319765,1.234497,0.028843,0.001170,-0.038202,-0.062432,-0.088392,0.474337,0.510233,0.303355,-0.231736,-0.149105,0.802105,147640.000000,3984679.906900,-0.144495
2017-04-19,43.099998,43.549999,42.799999,42.900002,83600,0.000000,0.000000,43.099998,43.549999,42.799999,42.900002,43.332500,45.663000,45.853300,38.309750,43.161912,43.932254,-0.770342,-0.798000,0.027658,43.265948,43.332500,44.921368,41.743632,0.363897,1.199890,0.027969,0.002337,-0.022779,-0.057143,-0.100629,0.479310,0.474227,0.303888,-0.229941,-0.147117,0.806316,146195.000000,3586440.167200,-0.155956
2017-04-20,43.250000,44.200001,43.049999,44.150002,135800,0.000000,0.000000,43.250000,44.200001,43.049999,44.150002,43.400000,45.619000,45.871300,38.407100,43.313926,43.948384,-0.634457,-0.765291,0.130834,50.897925,43.400000,45.008204,41.791797,0.733180,1.207041,0.027340,0.029138,0.043735,0.011455,-0.069547,0.516661,0.479558,0.289665,-0.207503,-0.122266,0.858947,142080.000000,5995570.271600,-0.137542
2017-04-21,44.150002,45.750000,43.599998,45.299999,197900,0.000000,0.000000,44.150002,45.750000,43.599998,45.299999,43.527500,45.593000,45.900300,38.511050,43.619476,44.048503,-0.429027,-0.698038,0.269011,56.672597,43.527500,45.313256,41.741745,0.996288,1.274395,0.028132,0.026047,0.088942,0.058411,-0.047319,0.563687,0.551370,0.292625,-0.186861,-0.099404,0.907368,145720.000000,8964869.802100,-0.111255
2017-04-24,46.450001,47.849998,46.000000,47.299999,211300,0.000000,0.000000,46.450001,47.849998,46.000000,47.299999,43.757500,45.586000,45.953300,38.625500,44.185710,44.289355,-0.103645,-0.579160,0.475515,64.493447,43.757500,46.169591,41.345409,1.234321,1.365510,0.028869,0.044150,0.106433,0.106433,-0.002110,0.630472,0.603390,0.325061,-0.150960,-0.059642,0.991579,144760.000000,9994489.788700,-0.079705
2017-04-25,47.599998,47.849998,47.000000,47.549999,322100,0.000000,0.000000,47.599998,47.849998,47.000000,47.549999,44.000000,45.566000,46.011800,38.734700,44.703293,44.530884,0.172409,-0.428846,0.601255,65.335749,44.000000,46.891912,41.108088,1.113781,1.328687,0.027943,0.005285,0.110981,0.113583,-0.030581,0.623421,0.646468,0.324279,-0.146473,-0.054672,1.002105,152900.000000,15315854.677900,-0.106377
2017-04-26,47.400002,47.950001,46.700001,47.549999,237100,0.000000,0.000000,47.400002,47.950001,46.700001,47.549999,44.165000,45.541000,46.069800,38.841300,45.141248,44.754522,0.386726,-0.265731,0.652457,65.335749,44.165000,47.464776,40.865224,1.012913,1.323067,0.027825,0.000000,0.108392,0.113583,-0.054672,0.595638,0.603710,0.324279,-0.146473,-0.054672,1.002105,156885.000000,11274104.762900,-0.119889
2017-04-27,47.650002,48.599998,47.549999,48.250000,187100,0.000000,0.000000,47.650002,48.599998,47.549999,48.250000,44.375000,45.554000,46.121300,38.949550,45.619517,45.013446,0.606071,-0.091371,0.697442,67.815108,44.375000,48.145034,40.604966,1.013921,1.303562,0.027017,0.014721,0.092865,0.090395,-0.021298,0.655232,0.507812,0.306441,-0.133908,-0.040755,1.031579,161035.000000,9027575.000000,-0.090926
2017-04-28,48.700001,48.750000,46.900002,48.150002,265700,0.000000,0.000000,48.700001,48.750000,46.900002,48.150002,44.562500,45.554000,46.167300,39.054500,46.008823,45.245784,0.763039,0.079511,0.683528,67.077019,44.562500,48.693497,40.431503,0.934218,1.342593,0.027884,-0.002072,0.062914,0.093076,-0.032161,0.446815,0.601797,0.305669,-0.135703,-0.042743,1.027369,167040.000000,12793455.531400,-0.100496
2017-05-01,48.549999,48.549999,45.619999,47.150002,339800,0.000000,0.000000,48.549999,48.549999,45.619999,47.150002,44.705000,45.526000,46.198300,39.159250,46.184389,45.386837,0.797552,0.223119,0.574433,60.039601,44.705000,48.991565,40.418436,0.785194,1.455979,0.030880,-0.020768,-0.003171,0.061937,-0.034800,0.356835,0.630360,0.317456,-0.153653,-0.062624,0.985263,175580.000000,16021570.679600,-0.119929
2017-05-02,47.250000,47.400002,46.150002,46.599998,206200,0.000000,0.000000,47.250000,47.400002,46.150002,46.599998,44.867500,45.486000,46.210800,39.261150,46.248329,45.476701,0.771628,0.332821,0.438807,56.526869,44.867500,49.184087,40.550913,0.700679,1.441267,0.030928,-0.011665,-0.019979,0.051919,-0.030177,0.312676,0.620306,0.321093,-0.163525,-0.073559,0.962105,181145.000000,9608919.587600,-0.115769
2017-05-03,46.250000,46.250000,45.099998,45.599998,164200,0.000000,0.000000,46.250000,46.250000,45.099998,45.599998,44.952500,45.410000,46.199800,39.360100,46.148585,45.485834,0.662752,0.398807,0.263945,50.716840,44.952500,49.255800,40.649200,0.575233,1.445462,0.031699,-0.021459,-0.041009,0.051903,-0.063655,0.279102,0.622198,0.321106,-0.181476,-0.093439,0.920000,181275.000000,7487519.671600,-0.139843
2017-05-04,45.750000,45.830002,44.650002,45.349998,261700,0.000000,0.000000,45.750000,45.830002,44.650002,45.349998,45.045000,45.338000,46.175300,39.460400,46.025726,45.475772,0.549954,0.429036,0.120917,49.351171,45.045000,49.296055,40.793944,0.535873,1.426500,0.031455,-0.005482,-0.060104,0.033030,-0.052247,0.295714,0.689642,0.320086,-0.185963,-0.098410,0.909474,187445.000000,11868094.476600,-0.130161
2017-05-05,45.500000,45.580002,44.549999,45.099998,218500,0.000000,0.000000,45.500000,45.580002,44.549999,45.099998,45.110000,45.275000,46.150800,39.559450,45.883306,45.447937,0.435369,0.430303,0.005066,47.960384,45.110000,49.320463,40.899537,0.498812,1.398179,0.031002,-0.005513,-0.063344,0.036782,-0.087968,0.299712,0.703816,0.318789,-0.190451,-0.103380,0.898947,191320.000000,9854349.563000,-0.164553
2017-05-08,45.049999,45.669998,44.200001,44.299999,149200,0.000000,0.000000,45.049999,45.669998,44.200001,44.299999,45.155000,45.195000,46.120300,39.657150,45.639720,45.362904,0.276816,0.399606,-0.122790,43.714903,45.155000,49.307349,41.002651,0.397046,1.403309,0.031677,-0.017738,-0.060445,0.011416,-0.057447,0.254958,0.633481,0.325292,-0.204811,-0.119284,0.865263,187370.000000,6609559.850800,-0.134980
2017-05-09,44.349998,44.750000,44.000000,44.349998,117800,0.000000,0.000000,44.349998,44.750000,44.000000,44.349998,45.147500,45.104000,46.104300,39.749850,45.441302,45.287874,0.153427,0.350370,-0.196943,44.048264,45.147500,49.305368,40.989631,0.404097,1.356644,0.030589,0.001129,-0.048283,0.021889,-0.043150,0.270774,0.647474,0.323304,-0.203913,-0.118290,0.867368,182150.000000,5224429.764400,-0.121816
2017-05-10,44.250000,44.450001,43.599998,44.450001,103300,0.000000,0.000000,44.250000,44.450001,43.599998,44.450001,45.174999,45.026000,46.083800,39.847550,45.288794,45.225810,0.062984,0.292893,-0.229909,44.753063,45.174999,49.305311,41.044688,0.412234,1.320455,0.029707,0.002255,-0.025219,-0.001124,-0.046137,0.188503,0.637201,0.311272,-0.202118,-0.116302,0.871579,180905.000000,4591685.103300,-0.124746
2017-05-11,44.150002,44.150002,43.000000,43.650002,99700,0.000000,0.000000,44.150002,44.150002,43.000000,43.650002,45.242500,44.899000,46.042800,39.936850,45.036672,45.109083,-0.072411,0.219832,-0.292243,40.371875,45.242500,49.216133,41.268866,0.299617,1.329709,0.030463,-0.017998,-0.037486,-0.005695,-0.083945,0.142670,0.630557,0.314139,-0.216478,-0.132207,0.837895,179880.000000,4351905.199400,-0.154071
2017-05-12,43.500000,43.650002,42.799999,42.799999,122500,0.000000,0.000000,43.500000,43.650002,42.799999,42.799999,45.302500,44.791000,46.004300,40.021750,44.692568,44.938040,-0.245471,0.126771,-0.372243,36.305080,45.302500,49.075740,41.529260,0.168388,1.295444,0.030267,-0.019473,-0.050998,0.011820,-0.118435,0.082174,0.638591,0.294258,-0.231736,-0.149105,0.802105,180770.000000,5242999.877500,-0.185943
2017-05-15,43.000000,43.500000,42.650002,43.200001,87600,0.000000,0.000000,43.000000,43.500000,42.650002,43.200001,45.325000,44.696000,45.973800,40.104100,44.462943,44.809296,-0.346354,0.032146,-0.378500,39.398799,45.325000,49.039055,41.610944,0.213925,1.263626,0.029251,0.009346,-0.024831,0.038462,-0.114754,0.074627,0.746160,0.288730,-0.224556,-0.141153,0.818947,180210.000000,3784320.087600,-0.181672
2017-05-16,43.200001,43.950001,42.549999,43.900002,177100,0.000000,0.000000,43.200001,43.950001,42.549999,43.900002,45.380000,44.621000,45.948800,40.179150,44.376336,44.741941,-0.365605,-0.047404,-0.318201,44.480863,45.380000,48.967023,41.792977,0.293701,1.273367,0.029006,0.016204,-0.010146,0.026901,-0.077731,0.082614,0.790375,0.278440,-0.211991,-0.127237,0.848421,184410.000000,7774690.354200,-0.144708
2017-05-17,42.799999,43.049999,41.279999,42.000000,168000,0.000000,0.000000,42.799999,43.049999,41.279999,42.000000,45.335000,44.525000,45.910300,40.244550,44.010746,44.538834,-0.528088,-0.143541,-0.384547,35.723831,45.335000,49.072449,41.597551,0.053840,1.369556,0.032608,-0.043280,-0.055118,-0.018692,-0.127726,0.005988,0.742016,0.318603,-0.246096,-0.165010,0.768421,188630.000000,7056000.000000,-0.160684
2017-05-18,41.950001,43.349998,41.799999,42.849998,108800,0.000000,0.000000,41.950001,43.349998,41.799999,42.849998,45.270000,44.460000,45.889800,40.314700,43.832170,44.413735,-0.581566,-0.231146,-0.350420,41.292200,45.270000,49.137190,41.402810,0.187111,1.382445,0.032262,0.020238,-0.018328,-0.001166,-0.117405,0.025120,0.777271,0.326690,-0.230838,-0.148111,0.804210,187280.000000,4662079.782400,-0.158718
2017-05-19,42.950001,44.099998,42.450001,43.650002,164200,0.000000,0.000000,42.950001,44.099998,42.450001,43.650002,45.187500,44.433000,45.876300,40.384350,43.804144,44.357163,-0.553019,-0.295520,-0.257498,46.031131,45.187500,49.121812,41.253187,0.304604,1.401555,0.032109,0.018670,0.019860,-0.011325,-0.101852,0.040524,0.768639,0.316849,-0.216478,-0.132207,0.837895,185595.000000,7167330.328400,-0.143835
2017-05-22,43.599998,44.150002,43.000000,44.150002,77900,0.000000,0.000000,43.599998,44.150002,43.000000,44.150002,45.030000,44.401000,45.863300,40.458600,43.857353,44.341817,-0.484465,-0.333309,-0.151155,48.812211,45.030000,48.859030,41.200970,0.385089,1.383587,0.031338,0.011455,0.021991,-0.025386,-0.106275,0.051191,0.754072,0.305353,-0.207503,-0.122266,0.858947,178925.000000,3439285.155800,-0.151906
2017-05-23,44.299999,45.349998,43.700001,45.200001,113300,0.000000,0.000000,44.299999,45.349998,43.700001,45.200001,44.912500,44.392000,45.868300,40.531950,44.063914,44.405386,-0.341472,-0.334942,-0.006531,54.154974,44.912500,48.555644,41.269356,0.539458,1.402617,0.031031,0.023783,0.029613,-0.044397,-0.076609,0.101633,0.822581,0.273899,-0.188656,-0.101392,0.903158,168485.000000,5121160.113300,-0.124058
2017-05-24,45.250000,46.049999,45.200001,45.750000,142200,0.000000,0.000000,45.250000,46.049999,45.200001,45.750000,44.822500,44.412000,45.879300,40.608350,44.323312,44.504987,-0.181676,-0.304289,0.122613,56.704170,44.822500,48.275260,41.369740,0.634313,1.363144,0.029795,0.012168,0.089286,-0.037855,-0.051813,0.115854,0.801891,0.277228,-0.178783,-0.090457,0.926316,163740.000000,6505650.000000,-0.107937
2017-05-25,46.099998,46.950001,45.950001,46.900002,220900,0.000000,0.000000,46.099998,46.950001,45.950001,46.900002,44.755000,44.437000,45.906800,40.693550,44.719726,44.682396,0.037330,-0.235965,0.273295,61.521936,44.755000,47.970244,41.539756,0.833568,1.351491,0.028816,0.025137,0.094516,-0.013670,-0.028985,0.135593,0.799003,0.292418,-0.158140,-0.067594,0.974737,165430.000000,10360210.441800,-0.090565
2017-05-26,46.900002,46.900002,46.000000,46.200001,89100,0.000000,0.000000,46.900002,46.900002,46.000000,46.200001,44.657500,44.457000,45.919800,40.777950,44.947460,44.794811,0.152649,-0.158242,0.310891,57.339419,44.657500,47.540349,41.774651,0.767531,1.319242,0.028555,-0.014925,0.058419,-0.042487,-0.055215,0.090909,0.781720,0.291013,-0.170705,-0.081511,0.945263,156600.000000,4116420.089100,-0.114631
2017-05-30,46.099998,46.549999,45.549999,46.250000,104300,0.000000,0.000000,46.099998,46.549999,45.549999,46.250000,44.612500,44.469000,45.931800,40.862400,45.147851,44.902603,0.245248,-0.077544,0.322792,57.561350,44.612500,47.356273,41.868727,0.798403,1.296439,0.028031,0.001082,0.047565,-0.039460,-0.043433,0.090802,0.785714,0.291196,-0.169808,-0.080517,0.947368,144825.000000,4823875.000000,-0.108278
2017-05-31,46.549999,46.599998,45.150002,46.200001,96500,0.000000,0.000000,46.549999,46.599998,45.150002,46.200001,44.592500,44.483000,45.954300,40.945900,45.309720,44.998706,0.311014,0.000168,0.310846,57.240664,44.592500,47.280539,41.904461,0.799010,1.307407,0.028299,-0.001081,0.022124,-0.020148,-0.076000,0.100000,0.772152,0.282865,-0.170705,-0.081511,0.945263,139340.000000,4458300.096500,-0.125880
2017-06-01,46.750000,47.400002,46.049999,47.049999,182300,0.000000,0.000000,46.750000,47.400002,46.049999,47.049999,44.665000,44.551000,45.976000,41.033500,45.577455,45.150654,0.426801,0.085494,0.341307,61.198336,44.665000,47.539223,41.790777,0.914895,1.310450,0.027852,0.018398,0.028415,0.009657,-0.023859,0.128297,0.814501,0.287471,-0.155448,-0.064612,0.981053,140245.000000,8577214.817700,-0.089649
2017-06-02,47.000000,49.299999,47.000000,48.849998,145200,0.000000,0.000000,47.000000,49.299999,47.000000,48.849998,44.840000,44.672000,46.023500,41.128150,46.080924,45.424680,0.656244,0.199644,0.456600,67.961116,44.840000,48.263541,41.416460,1.085651,1.381132,0.028273,0.038257,0.041578,0.071272,0.018769,0.170060,0.905970,0.303667,-0.123138,-0.028827,1.056842,134420.000000,7093019.709600,-0.055335
2017-06-05,48.799999,49.700001,48.549999,49.250000,129100,0.000000,0.000000,48.799999,49.700001,48.549999,49.250000,45.047500,44.802000,46.068000,41.225050,46.568474,45.708037,0.860437,0.331803,0.528634,69.243977,45.047500,48.999645,41.095356,1.031673,1.364622,0.027708,0.008188,0.066017,0.085998,0.033578,0.142691,0.917088,0.302285,-0.115958,-0.020875,1.073684,129950.000000,6358175.000000,-0.042757
2017-06-06,49.000000,49.900002,48.900002,49.400002,73800,0.000000,0.000000,49.000000,49.900002,48.900002,49.400002,45.302500,44.936000,46.101500,41.321350,47.004094,45.981516,1.022578,0.469958,0.552620,69.733402,45.302500,49.686139,40.918862,0.967363,1.338578,0.027097,0.003046,0.068108,0.095344,0.055556,0.134328,0.908073,0.300300,-0.113265,-0.017893,1.080000,126180.000000,3645720.147600,-0.020059
2017-06-07,49.549999,50.049999,49.299999,49.900002,222100,0.000000,0.000000,49.549999,50.049999,49.299999,49.900002,45.580001,45.080000,46.139500,41.419200,47.449618,46.271774,1.177844,0.611535,0.566309,71.368903,45.580001,50.391544,40.768457,0.948921,1.296537,0.025983,0.010121,0.080087,0.126411,0.082430,0.132804,0.934858,0.289602,-0.104290,-0.007952,1.101053,131395.000000,11082790.444200,0.003659
2017-06-08,49.950001,50.549999,49.400002,50.500000,99600,0.000000,0.000000,49.950001,50.549999,49.400002,50.500000,45.882501,45.205000,46.173000,41.521600,47.918907,46.584976,1.333932,0.756014,0.577917,73.237753,45.882501,51.135397,40.629604,0.939519,1.286070,0.025467,0.012024,0.073326,0.138670,0.122222,0.113561,0.886440,0.289826,-0.093520,0.000000,1.126316,131210.000000,5029800.000000,0.039509
2017-06-09,50.750000,51.450001,50.279999,50.450001,277800,0.000000,0.000000,50.750000,51.450001,50.279999,50.450001,46.222501,45.333000,46.208000,41.620150,48.308306,46.871274,1.437033,0.892218,0.544814,72.811241,46.222501,51.740555,40.704446,0.883061,1.277779,0.025328,-0.000990,0.032753,0.134983,0.102732,0.080300,0.910985,0.290622,-0.094417,-0.000990,1.124211,140115.000000,14015010.277800,0.043673
2017-06-12,50.299999,51.650002,50.299999,51.049999,183500,0.000000,0.000000,50.299999,51.650002,50.299999,51.049999,46.635001,45.466000,46.241500,41.724150,48.730105,47.180809,1.549296,1.023634,0.525663,74.714267,46.635001,52.307102,40.962899,0.889185,1.282938,0.025131,0.011893,0.036548,0.169530,0.118291,0.067992,0.991807,0.277398,-0.083647,0.000000,1.149474,143165.000000,9367674.816500,0.067289
2017-06-13,51.250000,52.349998,51.000000,52.099998,320500,0.000000,0.000000,51.250000,52.349998,51.000000,52.099998,47.080000,45.622000,46.288000,41.836900,49.248550,47.545193,1.703357,1.159578,0.543779,77.661012,47.080000,53.008113,41.151888,0.923406,1.287728,0.024716,0.020568,0.054656,0.217290,0.164246,0.095689,1.049567,0.262374,-0.064800,0.000000,1.193684,154810.000000,16698049.359000,0.102173
2017-06-14,52.049999,52.349998,50.049999,50.599998,205400,0.000000,0.000000,52.049999,52.349998,50.049999,50.599998,47.415000,45.767000,46.318500,41.942800,49.456465,47.771475,1.684990,1.264661,0.420329,65.854086,47.415000,53.343708,41.486293,0.768608,1.360033,0.026878,-0.028791,0.014028,0.171296,0.108434,0.068638,0.992126,0.294071,-0.091725,-0.028791,1.130526,156225.000000,10393239.589200,0.058461
2017-06-15,49.700001,50.950001,49.509998,50.500000,80800,0.000000,0.000000,49.700001,50.950001,49.509998,50.500000,47.840000,45.899000,46.349500,42.047800,49.617009,47.973588,1.643421,1.340413,0.303008,65.143059,47.840000,53.337233,42.342767,0.741940,1.365745,0.027044,-0.001976,0.000000,0.150342,0.117257,0.099021,1.024860,0.294207,-0.093520,-0.030710,1.126316,151865.000000,4080400.000000,0.072391
2017-06-16,50.299999,50.849998,49.549999,49.750000,188500,0.000000,0.000000,50.299999,50.849998,49.549999,49.750000,48.185000,46.024000,46.356500,42.146850,49.637469,48.105174,1.532295,1.378789,0.153506,59.917726,48.185000,53.209371,43.160630,0.655741,1.361049,0.027358,-0.014851,-0.013875,0.184524,0.089814,0.069892,0.986821,0.245638,-0.106983,-0.045106,1.094737,155850.000000,9377875.000000,0.047319
2017-06-19,49.750000,51.049999,49.250000,49.450001,183800,0.000000,0.000000,49.750000,51.049999,49.250000,49.450001,48.475000,46.137000,46.348000,42.241950,49.608628,48.204791,1.403837,1.383799,0.020038,57.916522,48.475000,53.046363,43.903637,0.606642,1.392403,0.028158,-0.006030,-0.031342,0.154026,0.086813,0.035602,0.912220,0.246285,-0.112368,-0.050864,1.082105,156830.000000,9088910.183800,0.029628
2017-06-20,49.349998,49.349998,47.549999,47.700001,146700,0.000000,0.000000,49.349998,49.349998,47.549999,47.700001,48.652500,46.223000,46.332000,42.327850,49.314993,48.167399,1.147594,1.336558,-0.188964,47.872165,48.652500,52.769917,44.535083,0.384333,1.428660,0.029951,-0.035389,-0.084453,0.092783,0.092783,0.022508,0.785848,0.282439,-0.143780,-0.084453,1.008421,160270.000000,6997590.146700,0.024746
2017-06-21,47.799999,48.000000,46.849998,47.049999,133500,0.000000,0.000000,47.799999,48.000000,46.849998,47.049999,48.745000,46.274000,46.305000,42.409800,48.966532,48.084629,0.881904,1.245627,-0.363723,44.766637,48.745000,52.611305,44.878696,0.280798,1.408756,0.029942,-0.013627,-0.070158,0.065685,0.099299,0.017297,0.840767,0.287841,-0.155448,-0.096929,0.981053,161280.000000,6281174.866500,0.028475
2017-06-22,47.000000,47.150002,45.799999,46.549999,109900,0.000000,0.000000,47.000000,47.150002,45.799999,46.549999,48.785000,46.327000,46.282000,42.490450,48.594758,47.970953,0.623806,1.121263,-0.497457,42.483597,48.785000,52.535663,45.034338,0.202052,1.404559,0.030173,-0.010627,-0.078218,0.029867,0.088889,0.003233,0.839194,0.281434,-0.164423,-0.106526,0.960000,159665.000000,5115844.890100,0.016867
2017-06-23,46.549999,47.750000,46.250000,47.250000,514800,0.000000,0.000000,46.549999,47.750000,46.250000,47.250000,48.802500,46.426000,46.274000,42.572750,48.387872,47.917549,0.470324,0.991075,-0.520751,46.590294,48.802500,52.519243,45.085757,0.291148,1.411376,0.029870,0.015038,-0.050251,0.032787,0.106557,0.030534,0.816609,0.282969,-0.151858,-0.093090,0.989474,174360.000000,24324300.000000,0.031668
2017-06-26,47.650002,48.000000,47.099998,47.849998,76400,0.000000,0.000000,47.650002,48.000000,47.099998,47.849998,48.885000,46.551000,46.265500,42.653350,48.305122,47.912545,0.392577,0.871375,-0.478798,49.892752,48.885000,52.427687,45.342313,0.353924,1.374849,0.028732,0.012698,-0.032356,0.020256,0.120609,0.065701,0.920915,0.273091,-0.141088,-0.081574,1.014737,173725.000000,3655739.847200,0.050959
2017-06-27,47.799999,49.150002,47.500000,49.000000,247000,0.000000,0.000000,47.799999,49.150002,47.500000,49.000000,49.022500,46.676000,46.277000,42.748650,48.412027,47.993097,0.418929,0.780886,-0.361957,55.564081,49.022500,52.340945,45.704055,0.496610,1.394503,0.028459,0.024033,0.027254,0.060606,0.107345,0.088889,1.063158,0.277601,-0.120445,-0.059501,1.063158,180860.000000,12103000.000000,0.061136
2017-06-28,49.150002,50.400002,49.080002,50.279999,152100,0.000000,0.000000,49.150002,50.400002,49.080002,50.279999,49.226500,46.825600,46.285300,42.849750,48.699407,48.162497,0.536910,0.732091,-0.195181,60.872467,49.226500,52.307506,46.145493,0.670967,1.394896,0.027743,0.026122,0.068650,0.087135,0.141430,0.106271,1.117053,0.288802,-0.097469,-0.034933,1.059812,183640.000000,7647587.847900,0.084312
2017-06-29,50.299999,51.049999,49.849998,50.849998,166900,0.000000,0.000000,50.299999,51.049999,49.849998,50.849998,49.416500,46.984600,46.323800,42.957000,49.030267,48.361571,0.668696,0.719412,-0.050716,62.992613,49.416500,52.399485,46.433515,0.740279,1.380975,0.027158,0.011336,0.092374,0.100649,0.145270,0.137584,1.055376,0.289175,-0.087237,-0.023992,1.083163,182870.000000,8486864.666200,0.106380
2017-06-30,50.950001,51.599998,50.700001,51.299999,167000,0.000000,0.000000,50.950001,51.599998,50.700001,51.299999,49.539000,47.127600,46.373300,43.066150,49.379457,48.579233,0.800224,0.735574,0.064650,64.622418,49.539000,52.623527,46.454472,0.785457,1.346619,0.026250,0.008850,0.085714,0.090329,0.158014,0.148936,1.040573,0.285357,-0.079160,-0.015355,1.101598,183960.000000,8567099.833000,0.119331
2017-07-03,51.700001,52.349998,51.150002,52.099998,69400,0.000000,0.000000,51.700001,52.349998,51.150002,52.099998,49.681500,47.263600,46.428300,43.172750,49.798001,48.840030,0.957971,0.780054,0.177918,67.373353,49.681500,52.966619,46.396380,0.868099,1.336146,0.025646,0.015595,0.088819,0.066530,0.201845,0.180068,1.023301,0.261128,-0.064800,0.000000,1.134371,180975.000000,3615739.861200,0.165307
2017-07-05,52.099998,53.250000,51.349998,52.750000,204700,0.000000,0.000000,52.099998,53.250000,51.349998,52.750000,49.849000,47.372600,46.479300,43.283050,50.252155,49.129658,1.122498,0.848542,0.273955,69.451839,49.849000,53.404199,46.293800,0.907994,1.376422,0.026093,0.012476,0.076531,0.071066,0.201594,0.174833,1.137358,0.262578,-0.053132,0.000000,1.161000,187520.000000,10797925.000000,0.158830
2017-07-06,52.250000,52.549999,51.349998,51.950001,162800,0.000000,0.000000,52.250000,52.549999,51.349998,51.950001,49.951499,47.460600,46.513300,43.388600,50.513362,49.338572,1.174790,0.913792,0.260998,64.044128,49.951499,53.628994,46.274005,0.771721,1.378106,0.026528,-0.015166,0.033214,0.051619,0.194253,0.153163,1.119543,0.270356,-0.067492,-0.015166,1.128226,184555.000000,8457460.162800,0.155890
2017-07-07,52.250000,53.000000,51.650002,52.950001,65600,0.000000,0.000000,52.250000,53.000000,51.650002,52.950001,50.073999,47.568600,46.554800,43.502600,50.888230,49.606085,1.282145,0.987463,0.294682,67.455311,50.073999,53.984280,46.163719,0.867749,1.376098,0.025989,0.019249,0.041298,0.061122,0.208904,0.204778,1.169193,0.275384,-0.049542,0.000000,1.138530,182855.000000,3473520.065600,0.162275
2017-07-10,53.000000,53.650002,52.250000,53.099998,154000,0.000000,0.000000,53.000000,53.650002,52.250000,53.099998,50.206499,47.665600,46.609800,43.615650,51.228502,49.864893,1.363608,1.062692,0.300917,67.946533,50.206499,54.343446,46.069553,0.849714,1.377806,0.025947,0.002833,0.035088,0.051485,0.223502,0.183155,1.065344,0.273411,-0.046850,0.000000,1.144588,176665.000000,8177399.692000,0.172704
2017-07-11,53.150002,53.330002,51.680000,51.849998,154400,0.000000,0.000000,53.150002,53.330002,51.680000,51.849998,50.246499,47.739600,46.646800,43.721350,51.324117,50.011938,1.312178,1.112589,0.199589,59.840560,50.246499,54.432960,46.060039,0.691510,1.397248,0.026948,-0.023540,-0.004798,0.027750,0.165168,0.175737,0.976744,0.287853,-0.069287,-0.023540,1.094103,175210.000000,8005639.691200,0.112053
2017-07-12,52.599998,54.299999,51.900002,54.099998,151200,0.000000,0.000000,52.599998,54.299999,51.900002,54.099998,50.346499,47.878600,46.702300,43.840950,51.751175,50.314758,1.436418,1.177355,0.259063,67.383384,50.346499,54.806016,45.886982,0.920841,1.472445,0.027217,0.043394,0.025592,0.059745,0.232346,0.207589,1.033835,0.321012,-0.028900,0.000000,1.184976,166745.000000,8179919.697600,0.165120
2017-07-13,54.099998,54.130001,52.900002,53.299999,111300,0.000000,0.000000,54.099998,54.130001,52.900002,53.299999,50.481499,48.012600,46.749300,43.959650,51.989456,50.535887,1.453569,1.232598,0.220972,62.862439,50.481499,55.132680,45.830319,0.802988,1.455127,0.027301,-0.014787,0.025986,0.023033,0.260047,0.157438,0.962445,0.319941,-0.043260,-0.014787,1.152666,162040.000000,5932289.888700,0.184950
2017-07-14,53.450001,53.950001,53.000000,53.549999,125100,0.000000,0.000000,53.450001,53.950001,53.000000,53.549999,50.633999,48.171600,46.790800,44.082300,52.229539,50.759154,1.470385,1.280155,0.190230,63.682466,50.633999,55.483508,45.784490,0.800649,1.419047,0.026499,0.004690,0.011331,0.058300,0.287260,0.161605,1.043893,0.300739,-0.038772,-0.010166,1.162762,164255.000000,6699104.874900,0.199868
2017-07-17,53.599998,53.599998,52.500000,52.599998,122700,0.000000,0.000000,53.599998,53.599998,52.500000,52.599998,50.776499,48.316600,46.827300,44.197550,52.286533,50.895513,1.391020,1.302328,0.088692,58.404912,50.776499,55.683783,45.869215,0.685795,1.396258,0.026545,-0.017740,-0.009416,0.041584,0.230409,0.115588,1.006102,0.308792,-0.055825,-0.027726,1.124394,160965.000000,6454019.754600,0.152271
2017-07-18,52.450001,52.549999,51.490002,51.849998,114100,0.000000,0.000000,52.450001,52.549999,51.490002,51.849998,50.896499,48.451600,46.863300,44.310750,52.219374,50.966216,1.253158,1.292494,-0.039336,54.560640,50.896499,55.784543,46.008455,0.597534,1.375810,0.026534,-0.014259,0.000000,0.042211,0.211449,0.104366,1.008911,0.308388,-0.069287,-0.041590,1.094103,157480.000000,5916084.771800,0.126853
2017-07-19,51.750000,52.599998,51.599998,52.299999,142500,0.000000,0.000000,51.750000,52.599998,51.599998,52.299999,51.126499,48.611600,46.903300,44.422450,52.231778,51.065014,1.166763,1.267348,-0.100585,56.414364,51.126499,55.809859,46.443139,0.625284,1.348967,0.025793,0.008679,-0.033272,0.057634,0.219114,0.096436,1.068011,0.307680,-0.061210,-0.033272,1.112278,157270.000000,7452749.857500,0.130080
2017-07-20,52.250000,52.250000,51.599998,51.650002,103100,0.000000,0.000000,52.250000,52.250000,51.599998,51.650002,51.356499,48.757600,46.930800,44.531350,52.142274,51.108347,1.033927,1.220664,-0.186737,53.047976,51.356499,55.630879,47.082119,0.534333,1.302612,0.025220,-0.012428,-0.030957,0.082809,0.169875,0.088514,1.042309,0.280833,-0.072877,-0.045286,1.086026,155750.000000,5325115.206200,0.089896
2017-07-21,51.950001,52.049999,51.150002,51.849998,123800,0.000000,0.000000,51.950001,52.049999,51.150002,51.849998,51.621499,48.905600,46.965800,44.642300,52.097308,51.163284,0.934024,1.163336,-0.229312,53.958350,51.621499,55.249479,47.993519,0.531491,1.273854,0.024568,0.003872,-0.031746,0.102019,0.144592,0.090431,1.094103,0.273484,-0.069287,-0.041590,1.081493,156445.000000,6419029.752400,0.063849
2017-07-24,51.900002,52.450001,51.529999,52.200001,81700,0.000000,0.000000,51.900002,52.450001,51.529999,52.200001,51.868999,49.076600,46.987800,44.754000,52.113107,51.240078,0.873029,1.105275,-0.232245,55.581522,51.868999,54.860924,48.877074,0.555316,1.248579,0.023919,0.006750,-0.007605,0.121375,0.103594,0.101266,1.022472,0.267716,-0.063005,-0.035120,1.095544,134790.000000,4264740.081700,0.032237
2017-07-25,52.650002,53.849998,52.500000,53.700001,173800,0.000000,0.000000,52.650002,53.849998,52.500000,53.700001,52.161499,49.294600,47.042800,44.873250,52.357245,51.422294,0.934950,1.071210,-0.136259,61.797502,52.161499,54.589808,49.733190,0.816785,1.277251,0.023785,0.028736,0.035680,0.136508,0.129338,0.094801,1.155761,0.277812,-0.036080,-0.007394,1.082202,139660.000000,9333060.173800,0.065164
2017-07-26,54.000000,54.000000,52.139999,53.599998,78100,0.000000,0.000000,54.000000,54.000000,52.139999,53.599998,52.391499,49.502600,47.099300,44.994600,52.548437,51.583606,0.964832,1.049934,-0.085102,61.182776,52.391499,54.392838,50.390160,0.801923,1.318876,0.024606,-0.001862,0.024857,0.120167,0.127234,0.065606,1.078325,0.278137,-0.037875,-0.009242,1.075910,131215.000000,4186159.843800,0.061259
2017-07-27,54.099998,54.099998,51.049999,51.799999,323700,0.000000,0.000000,54.099998,54.099998,51.049999,51.799999,52.467499,49.660600,47.140800,45.104700,52.433293,51.599635,0.833658,1.006679,-0.173021,51.292500,52.467499,54.232741,50.702257,0.310932,1.442528,0.027848,-0.033582,0.002904,0.057143,0.073575,0.050710,1.006197,0.300629,-0.070185,-0.042514,0.937897,139795.000000,16767659.676300,0.018483
2017-07-28,53.049999,56.599998,51.560001,54.700001,386700,0.000000,0.000000,53.049999,56.599998,51.560001,54.700001,52.659999,49.914600,47.219800,45.229700,52.782017,51.829292,0.952726,0.995888,-0.043163,61.961301,52.659999,54.519711,50.800288,1.048473,1.699490,0.031069,0.055985,0.054966,0.087908,0.136033,0.099498,1.046390,0.344405,-0.018130,0.000000,0.897988,150785.000000,21152490.386700,0.081951
2017-07-31,55.299999,55.299999,53.549999,54.349998,253600,0.000000,0.000000,55.299999,55.299999,53.549999,54.349998,52.812499,50.144600,47.302300,45.352300,53.023245,52.016011,1.007235,0.998158,0.009077,60.246131,52.812499,54.702605,50.922394,0.906723,1.703098,0.031336,-0.006399,0.041188,0.068830,0.152704,0.112590,0.881274,0.345280,-0.024412,-0.006399,0.885843,155115.000000,13783159.492800,0.110594
2017-08-01,54.549999,58.000000,53.200001,53.750000,331700,0.000000,0.000000,54.549999,58.000000,53.200001,53.750000,52.894999,50.346600,47.389800,45.475150,53.135054,52.144454,0.990599,0.996646,-0.006047,57.317039,52.894999,54.798155,50.991844,0.724627,1.924305,0.035801,-0.011040,0.000931,0.047758,0.153434,0.118626,0.858575,0.348185,-0.035182,-0.017367,0.865024,168230.000000,17828875.000000,0.109536
2017-08-02,53.750000,55.000000,53.549999,53.700001,285900,0.000000,0.000000,53.750000,55.000000,53.549999,53.700001,52.942499,50.537600,47.469300,45.598500,53.221969,52.259680,0.962289,0.989775,-0.027486,57.068043,52.942499,54.877570,51.007428,0.695730,1.890426,0.035203,-0.000930,0.001866,0.030710,0.177632,0.102669,0.863289,0.345016,-0.036080,-0.018282,0.853642,172290.000000,15352830.285900,0.129859
2017-08-03,53.750000,53.900002,53.000000,53.099998,175500,0.000000,0.000000,53.750000,53.900002,53.000000,53.099998,52.999999,50.695600,47.543800,45.719000,53.203204,52.321926,0.881278,0.968075,-0.086797,54.034453,52.999999,54.878409,51.121590,0.526618,1.819682,0.034269,-0.011173,0.025097,0.006635,0.170893,0.109718,0.786676,0.345403,-0.046850,-0.029251,0.832931,172925.000000,9319049.649000,0.127274
2017-08-04,53.349998,53.650002,52.900002,53.450001,165600,0.000000,0.000000,53.349998,53.650002,52.900002,53.450001,53.024999,50.849600,47.630800,45.840700,53.241173,52.405487,0.835686,0.941597,-0.105912,55.519819,53.024999,54.913887,51.136112,0.612501,1.743276,0.032615,0.006591,-0.022852,0.028874,0.185144,0.080890,0.824232,0.341137,-0.040567,-0.022852,0.845012,177925.000000,8851320.165600,0.144035
2017-08-07,53.400002,53.950001,52.560001,53.650002,139700,0.000000,0.000000,53.400002,53.950001,52.560001,53.650002,53.052499,50.984600,47.710800,45.964100,53.304069,52.497673,0.806396,0.914557,-0.108161,56.387102,53.052499,54.961888,51.143111,0.656464,1.718042,0.032023,0.003742,-0.012879,0.013220,0.211061,0.141489,0.757288,0.335190,-0.036977,-0.019196,0.851916,177210.000000,7494905.279400,0.164998
2017-08-08,53.299999,53.750000,52.830002,52.950001,194400,0.000000,0.000000,53.299999,53.750000,52.830002,52.950001,53.107500,51.119600,47.788300,46.083800,53.249597,52.531179,0.718419,0.875329,-0.156911,52.526756,53.107500,54.932552,51.282447,0.456851,1.661039,0.031370,-0.013048,-0.014884,-0.002825,0.193912,0.142395,0.737775,0.338495,-0.049542,-0.031993,0.827753,179210.000000,10293480.194400,0.153088
2017-08-09,52.700001,53.549999,52.549999,53.299999,193200,0.000000,0.000000,52.700001,53.549999,52.549999,53.299999,53.067500,51.260600,47.864800,46.203850,53.257352,52.588129,0.669223,0.834108,-0.164885,54.214573,53.067500,54.835126,51.299874,0.565766,1.613822,0.030278,0.006610,-0.007449,0.027965,0.199100,0.143777,0.784997,0.327936,-0.043260,-0.025594,0.839834,181310.000000,10297559.806800,0.162686
2017-08-10,52.950001,53.700001,52.779999,52.950001,202200,0.000000,0.000000,52.950001,53.700001,52.779999,52.950001,53.050000,51.395600,47.939300,46.319600,53.210067,52.614934,0.595133,0.786313,-0.191180,52.215359,53.050000,54.814862,51.285138,0.471670,1.564263,0.029542,-0.006567,-0.002825,-0.021257,0.213058,0.111228,0.805935,0.291149,-0.049542,-0.031993,0.827753,185855.000000,10706490.202200,0.196559
2017-08-11,53.299999,53.849998,52.849998,53.799999,209000,0.000000,0.000000,53.299999,53.849998,52.849998,53.799999,53.062500,51.530600,48.040800,46.442850,53.300826,52.702716,0.598109,0.748672,-0.150563,56.418575,53.062500,54.845719,51.279281,0.706789,1.523959,0.028326,0.016053,0.006548,0.009381,0.257009,0.108136,0.832425,0.292166,-0.034285,-0.016453,0.857094,190050.000000,11244199.791000,0.234901
2017-08-14,54.349998,54.549999,53.700001,54.000000,337100,0.000000,0.000000,54.349998,54.549999,53.700001,54.000000,53.132500,51.633600,48.152800,46.546450,53.408391,52.798812,0.609579,0.720854,-0.111274,57.368786,53.132500,54.948880,51.316119,0.738799,1.475819,0.027330,0.003717,0.006524,0.008403,0.250000,0.106557,0.830508,0.292014,-0.030695,-0.012797,0.863997,200770.000000,18203400.000000,0.219013
2017-08-15,54.049999,54.799999,53.900002,54.599998,225200,0.000000,0.000000,54.049999,54.799999,53.900002,54.599998,53.270000,51.740600,48.271300,46.645700,53.591715,52.932233,0.659482,0.708579,-0.049097,60.174131,53.270000,55.093934,51.446066,0.864596,1.434688,0.026276,0.011111,0.031161,0.038023,0.243736,0.147059,0.848967,0.286282,-0.019925,-0.001828,0.884708,206325.000000,12295919.549600,0.217294
2017-08-16,54.750000,55.000000,53.000000,53.250000,198000,0.000000,0.000000,54.750000,55.000000,53.000000,53.250000,53.317500,51.817600,48.376800,46.734450,53.539144,52.955771,0.583372,0.683538,-0.100166,51.898825,53.317500,55.083636,51.551364,0.480891,1.475068,0.027701,-0.024725,-0.000938,0.027001,0.267857,0.105919,0.779746,0.295875,-0.044157,-0.026508,0.838108,209100.000000,10543500.000000,0.212316
2017-08-17,53.000000,53.200001,51.900002,52.799999,213800,0.000000,0.000000,53.000000,53.200001,51.900002,52.799999,53.375000,51.875599,48.477800,46.820200,53.425429,52.944232,0.481197,0.643070,-0.161873,49.457254,53.375000,54.980090,51.769909,0.320882,1.466134,0.027768,-0.008451,-0.002833,0.009560,0.232205,0.087539,0.767660,0.296539,-0.052235,-0.034735,0.822575,214635.000000,11288639.786200,0.204662
2017-08-18,52.799999,52.900002,52.250000,52.650002,151000,0.000000,0.000000,52.799999,52.900002,52.250000,52.650002,53.415000,51.918600,48.561800,46.908450,53.306133,52.922438,0.383695,0.591195,-0.207500,48.635915,53.415000,54.895078,51.934922,0.241568,1.407839,0.026740,-0.002841,-0.021375,0.019361,0.206186,0.083333,0.746848,0.293064,-0.054927,-0.037477,0.817397,215995.000000,7950150.302000,0.184352
2017-08-21,52.700001,54.560001,51.500000,51.950001,100900,0.000000,0.000000,52.700001,54.560001,51.500000,51.950001,53.402500,51.948600,48.640800,46.994700,53.097497,52.850405,0.247092,0.522374,-0.275282,44.889323,53.402500,54.929269,51.875731,0.024323,1.525851,0.029372,-0.013295,-0.037963,0.001929,0.176670,0.051619,0.712826,0.297006,-0.067492,-0.050274,0.793234,216955.000000,5241755.100900,0.163707
2017-08-22,52.000000,53.250000,51.650002,52.150002,155000,0.000000,0.000000,52.000000,53.250000,51.650002,52.150002,53.325000,51.970600,48.718300,47.078950,52.951728,52.798524,0.153205,0.448540,-0.295335,46.165348,53.325000,54.942827,51.707173,0.136859,1.531147,0.029360,0.003850,-0.044872,-0.000958,0.153761,0.065373,0.737175,0.296376,-0.063902,-0.046618,0.800138,216015.000000,8083250.310000,0.127897
2017-08-23,51.900002,52.150002,51.450001,51.849998,123700,0.000000,0.000000,51.900002,52.150002,51.450001,51.849998,53.237500,51.965600,48.793800,47.163700,52.782231,52.728262,0.053969,0.369626,-0.315657,44.500894,53.237500,54.977395,51.497605,0.101269,1.471779,0.028385,-0.005753,-0.026291,-0.034451,0.133333,0.074611,0.686727,0.277922,-0.069287,-0.052102,0.789783,218295.000000,6413844.752600,0.114610
2017-08-24,51.950001,52.000000,51.099998,51.349998,122200,0.000000,0.000000,51.950001,52.000000,51.099998,51.349998,53.215000,51.980600,48.873800,47.233450,52.561888,52.626169,-0.064281,0.282845,-0.347126,41.796187,53.215000,55.042595,51.387405,-0.010234,1.430938,0.027866,-0.009643,-0.027462,-0.041978,0.094883,0.063147,0.697521,0.279345,-0.078262,-0.061243,0.772523,208220.000000,6274969.755600,0.084235
2017-08-25,51.650002,52.700001,51.400002,52.650002,147400,0.000000,0.000000,51.650002,52.700001,51.400002,52.650002,53.112500,52.023600,48.961300,47.305700,52.575444,52.627934,-0.052490,0.215778,-0.268268,50.260842,53.112500,54.815091,51.409909,0.364178,1.425157,0.027069,0.025317,0.000000,0.016409,0.139610,0.076687,0.781726,0.269500,-0.054927,-0.037477,0.817397,196255.000000,7760610.294800,0.130682
2017-08-28,52.950001,53.799999,52.450001,53.650002,267400,0.000000,0.000000,52.950001,53.799999,52.450001,53.650002,53.077500,52.101600,49.062800,47.376200,52.740761,52.703643,0.037118,0.180046,-0.142928,55.608873,53.077500,54.699869,51.455132,0.676440,1.419789,0.026464,0.018993,0.032724,-0.019196,0.160000,0.109617,0.823589,0.194193,-0.036977,-0.019196,0.851916,196945.000000,14346010.534800,0.147131
2017-08-29,53.299999,54.500000,53.299999,54.400002,281600,0.000000,0.000000,53.299999,54.500000,53.299999,54.400002,53.110000,52.200600,49.168800,47.447200,52.996028,52.829299,0.166729,0.177382,-0.010653,59.155948,53.110000,54.813125,51.406876,0.878716,1.404089,0.025810,0.013979,0.043145,0.000920,0.177489,0.088000,0.844068,0.199613,-0.023515,-0.005484,0.877805,194440.000000,15319040.563200,0.160813
2017-08-30,54.500000,56.599998,54.500000,56.150002,217200,0.000000,0.000000,54.500000,56.599998,54.500000,56.150002,53.232500,52.369600,49.296300,47.525200,53.481255,53.075277,0.405978,0.223102,0.182877,65.985598,53.232500,55.402700,51.062301,1.172174,1.460940,0.026019,0.032169,0.082932,0.044651,0.193411,0.164938,0.875418,0.223829,0.000000,0.000000,0.938212,191005.000000,12195780.434400,0.173965
2017-08-31,56.299999,56.599998,55.930000,56.549999,129700,0.000000,0.000000,56.299999,56.599998,55.930000,56.549999,53.405000,52.559600,49.416800,47.599200,53.953370,53.332664,0.620706,0.302622,0.318083,67.330276,53.405000,56.031365,50.778636,1.098736,1.404444,0.024835,0.007124,0.101266,0.053073,0.157625,0.179353,0.858363,0.224159,0.000000,0.000000,0.952019,188715.000000,7334534.870300,0.138142
2017-09-01,56.750000,57.650002,56.200001,57.549999,162400,0.000000,0.000000,56.750000,57.650002,56.200001,57.549999,53.610000,52.779600,49.553300,47.677950,54.506697,53.645059,0.861638,0.414426,0.447213,70.472978,53.610000,56.825194,50.394806,1.112716,1.407698,0.024460,0.017683,0.093067,0.083804,0.168528,0.207765,0.885649,0.224172,0.000000,0.000000,0.986538,188555.000000,9346119.837600,0.146346
2017-09-05,57.349998,57.900002,56.110001,57.700001,154000,0.000000,0.000000,57.349998,57.900002,56.110001,57.700001,53.812500,52.988600,49.707300,47.756700,54.997975,53.945425,1.052550,0.542050,0.510499,70.924795,53.812500,57.511985,50.113016,1.025411,1.435005,0.024870,0.002606,0.075489,0.079514,0.168016,0.232906,0.881931,0.224002,0.000000,0.000000,0.991716,189270.000000,8885800.154000,0.151999
2017-09-06,57.700001,58.400002,57.000000,58.250000,228500,0.000000,0.000000,57.700001,58.400002,57.000000,58.250000,54.077500,53.196600,49.873800,47.837950,55.498286,54.264283,1.234004,0.680441,0.553563,72.581467,54.077500,58.246367,49.908634,1.000436,1.432505,0.024592,0.009532,0.070772,0.085741,0.167335,0.263558,0.914859,0.224897,0.000000,0.000000,1.010701,190975.000000,13310125.000000,0.152101
2017-09-07,58.349998,59.250000,58.250000,58.299999,246700,0.000000,0.000000,58.349998,59.250000,58.250000,58.299999,54.327500,53.382600,50.029300,47.924300,55.929319,54.563225,1.366094,0.817572,0.548523,72.733565,54.327500,58.881905,49.773095,0.936116,1.401612,0.024041,0.000858,0.038290,0.101039,0.154455,0.295556,0.893472,0.216606,0.000000,0.000000,1.012427,193650.000000,14382609.753300,0.142416
2017-09-08,57.950001,58.650002,57.450001,58.299999,180300,0.000000,0.000000,57.950001,58.650002,57.450001,58.299999,54.595000,53.543000,50.184300,48.010800,56.294039,54.840023,1.454016,0.944861,0.509156,72.733565,54.595000,59.428643,49.761357,0.883251,1.387211,0.023794,0.000000,0.030946,0.093809,0.155600,0.274317,0.837378,0.217075,0.000000,0.000000,1.012427,192555.000000,10511489.819700,0.131071
2017-09-11,58.299999,58.700001,56.650002,57.400002,253100,0.000000,0.000000,58.299999,58.700001,56.650002,57.400002,54.775000,53.674000,50.329300,48.091300,56.464187,55.029651,1.434536,1.042796,0.391741,65.184779,54.775000,59.750043,49.799957,0.763817,1.434553,0.024992,-0.015437,-0.002606,0.084042,0.124388,0.257393,0.917168,0.224744,-0.015437,-0.015437,0.981360,194760.000000,14527940.506200,0.082804
2017-09-12,57.549999,57.849998,57.250000,57.599998,246100,0.000000,0.000000,57.549999,57.849998,57.250000,57.599998,54.955000,53.800000,50.463800,48.167550,56.638927,55.220047,1.418880,1.118013,0.300868,66.028544,54.955000,60.070497,49.839503,0.758528,1.374942,0.023871,0.003484,-0.001733,0.070632,0.105566,0.287151,0.916168,0.220388,-0.012007,-0.012007,0.988264,190210.000000,14175359.507800,0.067962
2017-09-13,57.250000,57.400002,56.900002,57.099998,176300,0.000000,0.000000,57.250000,57.400002,56.900002,57.099998,55.080000,53.900000,50.581800,48.241050,56.709861,55.359302,1.350559,1.164522,0.186037,61.984038,55.080000,60.280445,49.879556,0.694214,1.326732,0.023235,-0.008681,-0.019743,0.057407,0.128459,0.250821,0.942177,0.224275,-0.020583,-0.020583,0.971004,187765.000000,10066729.647400,0.085633
2017-09-14,56.849998,57.650002,56.830002,57.549999,181800,0.000000,0.000000,56.849998,57.650002,56.830002,57.549999,55.295000,53.996000,50.684300,48.318800,56.839113,55.521576,1.317537,1.195125,0.122412,64.114533,55.295000,60.532305,50.057695,0.715282,1.290537,0.022425,0.007881,-0.012864,0.054029,0.139604,0.273230,0.952833,0.223035,-0.012864,-0.012864,0.986538,186955.000000,10462589.818200,0.096853
2017-09-15,57.599998,58.750000,57.049999,58.700001,323900,0.000000,0.000000,57.599998,58.750000,57.049999,58.700001,55.590000,54.131000,50.795800,48.403800,57.125404,55.757015,1.368388,1.229778,0.138611,68.909752,55.590000,60.899732,50.280268,0.792859,1.319784,0.022484,0.019983,0.006861,0.102347,0.179900,0.285871,0.907082,0.207224,0.000000,0.000000,1.026234,192460.000000,19012930.323900,0.131668
2017-09-18,58.950001,60.500000,58.950001,59.349998,234900,0.000000,0.000000,58.950001,60.500000,58.950001,59.349998,55.925000,54.259000,50.913800,48.491800,57.467649,56.023162,1.444487,1.272719,0.171767,71.248323,55.925000,61.298766,50.551234,0.818678,1.354085,0.022815,0.011073,0.033972,0.124053,0.200202,0.304396,0.933855,0.202559,0.000000,0.000000,1.048671,196655.000000,13941314.530200,0.165641
2017-09-19,59.349998,60.049999,58.779999,59.250000,106300,0.000000,0.000000,59.349998,60.049999,58.779999,59.250000,56.290000,54.382000,51.023800,48.572550,57.741857,56.262187,1.479670,1.314110,0.165560,70.371349,56.290000,61.516611,51.063389,0.783166,1.348079,0.022752,-0.001685,0.028646,0.125356,0.242138,0.357388,0.921206,0.201986,-0.001685,-0.001685,1.045219,196925.000000,6298275.000000,0.197974
2017-09-20,59.200001,60.029999,59.029999,59.700001,119900,0.000000,0.000000,59.200001,60.029999,59.029999,59.700001,56.667500,54.539000,51.139300,48.653300,58.043110,56.516840,1.526270,1.356542,0.169728,72.039241,56.667500,61.722906,51.612094,0.799927,1.323216,0.022164,0.007595,0.045534,0.149182,0.268863,0.394860,0.980100,0.189808,0.000000,0.000000,1.060753,195170.000000,7158030.119900,0.233237
2017-09-21,59.650002,60.410000,59.250000,60.200001,110200,0.000000,0.000000,59.650002,60.410000,59.250000,60.200001,57.085000,54.661000,51.269800,48.734050,58.374939,56.789667,1.585272,1.402288,0.182985,73.803798,57.085000,61.835191,52.334809,0.827882,1.311558,0.021787,0.008375,0.046047,0.154362,0.293233,0.408187,0.974418,0.189596,0.000000,0.000000,1.078012,194495.000000,6634040.110200,0.263410
2017-09-22,60.250000,61.250000,60.250000,60.900002,179200,0.000000,0.000000,60.250000,61.250000,60.250000,60.900002,57.562500,54.813000,51.412800,48.811800,58.763410,57.094136,1.669274,1.455685,0.213589,76.079763,57.562500,61.774872,53.350129,0.896155,1.292875,0.021229,0.011628,0.037479,0.174542,0.288889,0.426230,0.983068,0.184440,0.000000,0.000000,1.102175,197345.000000,10913280.358400,0.263085
2017-09-25,60.549999,60.950001,59.730000,60.500000,161000,0.000000,0.000000,60.549999,60.950001,59.730000,60.500000,57.955000,54.952000,51.561800,48.880800,59.030578,57.346422,1.684156,1.501379,0.182777,72.218546,57.955000,61.674069,54.235932,0.842156,1.287670,0.021284,-0.006568,0.019377,0.178189,0.264368,0.416862,1.004639,0.181062,-0.006568,-0.006568,1.088367,198025.000000,9740500.000000,0.244608
2017-09-26,60.549999,61.049999,59.950001,60.500000,166400,0.000000,0.000000,60.549999,61.049999,59.950001,60.500000,58.297500,55.110000,51.713300,48.944300,59.256643,57.580021,1.676622,1.536428,0.140195,72.218546,58.297500,61.583751,55.011249,0.835108,1.274265,0.021062,0.000000,0.021097,0.149098,0.234694,0.367232,1.046685,0.171358,-0.006568,-0.006568,1.088367,192975.000000,10067200.000000,0.196699
2017-09-27,60.900002,62.200001,60.250000,61.900002,204600,0.000000,0.000000,60.900002,62.200001,60.250000,61.900002,58.672500,55.311000,51.881300,49.016050,59.663314,57.900019,1.763294,1.581801,0.181493,76.964183,58.672500,61.793647,55.551353,1.017038,1.322532,0.021366,0.023141,0.036851,0.153774,0.231106,0.405221,1.133012,0.175657,0.000000,0.000000,1.136693,189125.000000,12664740.409200,0.196002
2017-09-28,61.950001,62.650002,61.480000,61.950001,112300,0.000000,0.000000,61.950001,62.650002,61.480000,61.950001,58.962500,55.504000,52.057800,49.089050,60.015112,58.200018,1.815094,1.628460,0.186634,77.114537,58.962500,62.173318,55.751682,0.965224,1.311637,0.021173,0.000808,0.029070,0.138787,0.218289,0.395270,1.096447,0.174885,0.000000,0.000000,1.138419,183880.000000,6956985.112300,0.167983
2017-09-29,62.049999,62.799999,61.750000,62.650002,195400,0.000000,0.000000,62.049999,62.799999,61.750000,62.650002,59.267500,55.724000,52.240800,49.172550,60.420479,58.529646,1.890833,1.680934,0.209899,79.164899,59.267500,62.666770,55.868230,0.997534,1.292948,0.020638,0.011299,0.028736,0.115761,0.221248,0.414221,1.144814,0.148957,0.000000,0.000000,1.162582,187165.000000,12241810.390800,0.163346
2017-10-02,62.750000,63.049999,61.849998,62.799999,97200,0.000000,0.000000,62.750000,63.049999,61.849998,62.799999,59.530000,55.943000,52.424300,49.254050,60.786559,58.845969,1.940591,1.732866,0.207725,79.586934,59.530000,63.172932,55.887068,0.948814,1.286309,0.020483,0.002394,0.038017,0.110522,0.205374,0.448674,1.096128,0.149117,0.000000,0.000000,1.167760,183905.000000,6104159.902800,0.138818
2017-10-03,62.599998,63.049999,61.900002,62.150002,209800,0.000000,0.000000,62.599998,63.049999,61.900002,62.150002,59.752500,56.142000,52.609300,49.326050,60.996320,59.090712,1.905608,1.767414,0.138194,72.713401,59.752500,63.467687,56.037313,0.822662,1.276573,0.020540,-0.010350,0.027273,0.079931,0.178199,0.415718,1.080683,0.150794,-0.010350,-0.010350,1.145323,186695.000000,13039070.419600,0.116281
2017-10-04,62.099998,62.330002,60.500000,61.049999,228300,0.000000,0.000000,62.099998,62.330002,60.500000,61.049999,59.892500,56.289000,52.791800,49.398050,61.004578,59.235844,1.768734,1.767678,0.001056,62.824767,59.892500,63.580216,56.204784,0.656940,1.316103,0.021558,-0.017699,-0.013732,0.058059,0.175168,0.403448,1.058328,0.168083,-0.027866,-0.027866,1.107352,186685.000000,13937714.771700,0.102063
2017-10-05,61.150002,61.750000,59.450001,59.750000,226000,0.000000,0.000000,61.150002,61.750000,59.450001,59.750000,59.965000,56.412000,52.957300,49.465550,60.811566,59.273930,1.537636,1.721670,-0.184033,53.555238,59.965000,63.577130,56.352870,0.470239,1.386381,0.023203,-0.021294,-0.035513,0.025751,0.128423,0.364155,1.001005,0.185424,-0.048567,-0.048567,1.062478,185650.000000,13503500.000000,0.058169
2017-10-06,59.000000,60.049999,58.660000,59.650002,163300,0.000000,0.000000,59.000000,60.049999,58.660000,59.650002,60.032500,56.569000,53.114800,49.531800,60.632864,59.301787,1.331077,1.643551,-0.312474,52.908564,60.032500,63.563161,56.501840,0.445832,1.386640,0.023246,-0.001674,-0.047885,0.023156,0.123352,0.374424,0.998325,0.185703,-0.050159,-0.050159,1.059027,184800.000000,9740845.326600,0.056357
2017-10-09,59.599998,60.250000,59.150002,59.450001,143700,0.000000,0.000000,59.599998,60.250000,59.150002,59.450001,60.135000,56.664000,53.289300,49.599800,60.450885,59.312766,1.138119,1.542465,-0.404346,51.567392,60.135000,63.456717,56.813284,0.396891,1.366165,0.022980,-0.003353,-0.053344,0.019726,0.146577,0.335955,1.026935,0.186329,-0.053344,-0.053344,1.052123,179330.000000,8542965.143700,0.084182
2017-10-10,59.450001,59.549999,58.650002,58.950001,121200,0.000000,0.000000,59.450001,59.549999,58.650002,58.950001,60.202500,56.756000,53.450300,49.670050,60.219980,59.285894,0.934085,1.420789,-0.486703,48.272928,60.202500,63.358027,57.046974,0.301539,1.332868,0.022610,-0.008410,-0.051488,0.027003,0.089649,0.342825,0.979516,0.180002,-0.061306,-0.061306,1.034864,173085.000000,7144740.121200,0.037569
2017-10-11,58.900002,59.549999,58.849998,59.400002,116000,0.000000,0.000000,58.900002,59.549999,58.849998,59.400002,60.317501,56.869000,53.607800,49.742050,60.093829,59.294347,0.799482,1.296528,-0.497045,51.289151,60.317501,63.147840,57.487162,0.337917,1.287663,0.021678,0.007634,-0.027027,0.031250,0.114447,0.404255,1.000000,0.181198,-0.054140,-0.054140,1.050397,170070.000000,6890400.232000,0.061994
2017-10-12,59.200001,60.200001,59.150002,59.700001,138500,0.000000,0.000000,59.200001,60.200001,59.150002,59.700001,60.425001,56.989000,53.763300,49.813300,60.033240,59.324395,0.708845,1.178991,-0.470146,53.246423,60.425001,62.960745,57.889256,0.357044,1.270687,0.021285,0.005050,-0.000837,0.045534,0.114846,0.435096,1.001341,0.177659,-0.049363,-0.049363,1.060753,167905.000000,8268450.138500,0.070641
2017-10-13,60.099998,61.490002,57.299999,57.400002,131200,0.000000,0.000000,60.099998,61.490002,57.299999,57.400002,60.360001,57.075000,53.885300,49.876800,59.628127,59.181848,0.446279,1.032449,-0.586170,39.982131,60.360001,63.137087,57.582914,-0.032932,1.479210,0.025770,-0.038526,-0.037720,-0.002606,0.091255,0.342690,0.967101,0.225259,-0.085987,-0.085987,0.981360,158270.000000,7530880.262400,0.045111
2017-10-16,57.200001,57.400002,55.849998,56.650002,127500,0.000000,0.000000,57.200001,57.400002,55.849998,56.650002,60.225001,57.139000,53.994300,49.936800,59.169954,58.994304,0.175650,0.861089,-0.685439,36.765833,60.225001,63.437230,57.012772,-0.056467,1.484266,0.026201,-0.013066,-0.047098,-0.034923,0.092575,0.323598,0.951430,0.217216,-0.097930,-0.097930,0.955471,152900.000000,7222875.255000,0.048490
2017-10-17,56.549999,57.000000,55.160000,56.750000,107700,0.000000,0.000000,56.549999,57.000000,55.160000,56.750000,60.100001,57.201000,54.092800,49.999800,58.797653,58.828059,-0.030406,0.682790,-0.713196,37.487886,60.100001,63.648907,56.551095,0.028023,1.509676,0.026602,0.001765,-0.037320,-0.043808,0.085086,0.322844,0.956897,0.212720,-0.096338,-0.096338,0.958923,152970.000000,6111975.000000,0.047714
2017-10-18,57.150002,58.299999,56.599998,58.150002,119100,0.000000,0.000000,57.150002,58.299999,56.599998,58.150002,60.022501,57.305000,54.212300,50.066050,58.698015,58.777832,-0.079818,0.530268,-0.610086,46.669431,60.022501,63.674389,56.370613,0.243626,1.523270,0.026196,0.024670,-0.021044,-0.018565,0.125847,0.317101,0.997595,0.231999,-0.074045,-0.074045,1.007249,152930.000000,6925665.238200,0.089193
2017-10-19,57.650002,60.799999,56.349998,60.549999,311400,0.000000,0.000000,57.650002,60.799999,56.349998,60.549999,60.040001,57.450000,54.355300,50.143550,58.982935,58.909104,0.073831,0.438981,-0.365150,58.045596,60.040001,63.698818,56.381184,0.569694,1.732323,0.028610,0.041273,0.014238,0.014238,0.167792,0.336645,1.090093,0.273037,-0.035828,-0.035828,1.087211,162990.000000,18855269.688600,0.133770
2017-10-20,60.849998,63.099998,60.799999,62.500000,200700,0.000000,0.000000,60.849998,63.099998,60.799999,62.500000,60.120001,57.641000,54.518300,50.236300,59.524022,59.175096,0.348926,0.420970,-0.072044,64.644674,60.120001,63.925038,56.314963,0.812743,1.790728,0.028652,0.032205,0.088850,0.038206,0.197318,0.321353,1.154430,0.293094,-0.004777,-0.004777,1.144082,164065.000000,12543750.000000,0.163276
2017-10-23,62.450001,62.450001,59.849998,60.450001,119600,0.000000,0.000000,62.450001,62.450001,59.849998,60.450001,60.117501,57.774000,54.652300,50.314150,59.666480,59.269534,0.396947,0.416165,-0.019219,54.873020,60.117501,63.921553,56.313449,0.543703,1.852105,0.030639,-0.032800,0.067079,-0.007389,0.125698,0.271293,1.063844,0.314251,-0.037420,-0.037420,1.073756,161995.000000,7229820.119600,0.098459
2017-10-24,60.799999,61.700001,60.799999,60.900002,187000,0.000000,0.000000,60.799999,61.700001,60.799999,60.900002,60.137501,57.912000,54.772800,50.398150,59.856253,59.390309,0.465944,0.426121,0.039823,56.429946,60.137501,63.954205,56.320797,0.599890,1.809097,0.029706,0.007444,0.073128,0.006612,0.136194,0.280757,1.043624,0.314403,-0.030255,-0.030255,1.089194,163025.000000,11388300.374000,0.108841
2017-10-25,60.849998,61.380001,60.099998,60.900002,94300,0.000000,0.000000,60.849998,61.380001,60.099998,60.900002,60.087501,58.038001,54.889300,50.478650,60.016830,59.502138,0.514692,0.443835,0.070856,56.429946,60.087501,63.832515,56.342487,0.608478,1.771305,0.029085,0.000000,0.047291,0.006612,0.175676,0.262176,1.089194,0.314403,-0.030255,-0.030255,0.829928,157510.000000,5742870.188600,0.147206
2017-10-26,61.200001,63.000000,61.200001,62.549999,330200,0.000000,0.000000,61.200001,63.000000,61.200001,62.549999,60.117501,58.224001,55.020800,50.561150,60.406548,59.727906,0.678642,0.490797,0.187846,62.004419,60.117501,63.934260,56.300742,0.818660,1.794783,0.028694,0.027094,0.033031,0.010501,0.143510,0.299065,0.879507,0.318264,-0.003981,-0.003981,0.802594,168405.000000,20654009.669800,0.114945
2017-10-27,60.549999,66.529999,60.400002,66.300003,293200,0.000000,0.000000,60.549999,66.529999,60.400002,66.300003,60.300001,58.494001,55.184800,50.662150,61.313233,60.214728,1.098506,0.612338,0.486167,71.065261,60.300001,64.896109,55.703893,1.152726,2.104441,0.031741,0.059952,0.060800,0.070218,0.219871,0.406151,0.907914,0.378743,0.000000,0.000000,0.910663,173295.000000,19439160.879600,0.164242
2017-10-30,66.650002,67.349998,63.450001,64.349998,225700,0.000000,0.000000,66.650002,67.349998,63.450001,64.349998,60.377501,58.728001,55.323300,50.748150,61.780428,60.521044,1.259384,0.741748,0.517636,62.692992,60.377501,65.197904,55.557098,0.912050,2.232695,0.034696,-0.029412,0.064516,0.027135,0.197209,0.380901,0.812676,0.394130,-0.029412,-0.029412,0.854467,179720.000000,14523794.548600,0.144400
2017-10-31,64.550003,65.150002,63.599998,64.800003,210000,0.000000,0.000000,64.550003,65.150002,63.599998,64.800003,60.510001,58.985001,55.466800,50.837400,62.244978,60.838004,1.406974,0.874793,0.532181,63.754222,60.510001,65.669315,55.350687,0.915753,2.183931,0.033703,0.006993,0.064039,0.031847,0.206704,0.421053,0.817672,0.394574,-0.022624,-0.022624,0.867435,179730.000000,13608000.630000,0.149335
2017-11-01,65.650002,65.650002,64.099998,64.400002,195700,0.000000,0.000000,65.650002,65.650002,64.099998,64.400002,60.677501,59.230001,55.600300,50.920900,62.576520,61.101856,1.474664,0.994767,0.479897,62.064214,60.677501,66.120360,55.234642,0.841962,2.138651,0.033209,-0.006173,0.057471,0.036203,0.212806,0.420066,0.840000,0.393218,-0.028658,-0.028658,0.855908,178100.000000,12603080.391400,0.153473
2017-11-02,64.400002,65.900002,64.400002,65.349998,148200,0.000000,0.000000,64.400002,65.900002,64.400002,65.349998,60.957501,59.500001,55.732800,51.010400,63.003209,61.416533,1.586676,1.113149,0.473527,64.472925,60.957501,66.763511,55.151491,0.878272,2.093033,0.032028,0.014751,0.044764,0.070434,0.222638,0.449002,0.883285,0.388793,-0.014329,-0.014329,0.872493,174210.000000,9684869.703600,0.165427
2017-11-03,65.250000,65.849998,64.650002,64.900002,107100,0.000000,0.000000,65.250000,65.849998,64.650002,64.900002,61.220001,59.771001,55.875800,51.097150,63.295023,61.674568,1.620456,1.214610,0.405845,62.450181,61.220001,67.247604,55.192398,0.805262,2.029245,0.031267,-0.006886,-0.021116,0.086193,0.209692,0.465011,0.838527,0.380314,-0.021116,-0.021116,0.859599,171400.000000,6950790.214200,0.150062
2017-11-06,64.949997,65.050003,63.799999,64.300003,81600,0.000000,0.000000,64.949997,65.050003,63.799999,64.300003,61.462501,60.004001,56.013800,51.181650,63.449636,61.869044,1.580591,1.287807,0.292785,59.758108,61.462501,67.579851,55.345151,0.731922,1.973585,0.030693,-0.009245,-0.000777,0.077955,0.214353,0.449831,0.842407,0.382688,-0.030166,-0.030166,0.719251,168295.000000,5246880.244800,0.149055
2017-11-07,64.000000,64.400002,61.910000,63.549999,168200,0.000000,0.000000,64.000000,64.400002,61.910000,63.549999,61.692501,60.202001,56.151800,51.254150,63.465076,61.993559,1.471517,1.324549,0.146968,56.480554,61.692501,67.757784,55.627218,0.653125,2.010472,0.031636,-0.011664,-0.019290,0.068965,0.192308,0.429696,0.699198,0.385731,-0.041478,-0.041478,0.663612,170645.000000,10689109.831800,0.126907
2017-11-08,63.099998,63.099998,61.660000,62.650002,141300,0.000000,0.000000,63.099998,63.099998,61.660000,62.650002,61.855001,60.367001,56.283800,51.315900,63.339680,62.042185,1.297495,1.319138,-0.021643,52.742257,61.855001,67.835223,55.874779,0.566469,2.001866,0.031953,-0.014162,-0.027174,0.062765,0.183192,0.435281,0.640052,0.388466,-0.055053,-0.055053,0.584071,171910.000000,8852445.282600,0.091144
2017-11-09,62.450001,62.700001,61.450001,61.900002,128200,0.000000,0.000000,62.450001,62.700001,61.450001,61.900002,61.965001,60.482001,56.425800,51.378900,63.118191,62.031653,1.086538,1.272618,-0.186080,49.785069,61.965001,67.858628,56.071374,0.494486,1.948162,0.031473,-0.011971,-0.052793,0.042088,0.150558,0.446262,0.565108,0.391562,-0.066365,-0.066365,0.539801,171395.000000,7935580.256400,0.071682
2017-11-10,61.599998,62.400002,61.029999,61.150002,152100,0.000000,0.000000,61.599998,62.400002,61.029999,61.150002,62.152501,60.574001,56.566800,51.435900,62.815393,61.966345,0.849048,1.187904,-0.338856,46.950142,62.152501,67.660627,56.644376,0.408998,1.906865,0.031183,-0.012116,-0.057781,0.024288,0.132407,0.415509,0.521144,0.394521,-0.077677,-0.077677,0.508015,172440.000000,9300915.304200,0.067629
2017-11-13,60.900002,61.299999,60.700001,61.150002,138600,0.000000,0.000000,60.900002,61.299999,60.700001,61.150002,62.377501,60.646001,56.712800,51.497400,62.559179,61.905875,0.653303,1.080984,-0.427680,46.950142,62.377501,67.272770,57.482232,0.374624,1.813517,0.029657,0.000000,-0.048989,0.065331,0.119963,0.392938,0.508015,0.366963,-0.077677,-0.077677,0.491463,172995.000000,8475390.277200,0.052919
2017-11-14,60.750000,62.549999,60.750000,62.549999,228500,0.000000,0.000000,60.750000,62.549999,60.750000,62.549999,62.667501,60.743001,56.865800,51.569900,62.557767,61.953588,0.604178,0.985623,-0.381444,52.772189,62.667501,66.784382,58.550620,0.485729,1.812551,0.028978,0.022894,-0.015736,0.104148,0.174648,0.489286,0.498204,0.367935,-0.056561,-0.056561,0.525610,179035.000000,14292674.771500,0.112748
2017-11-15,62.200001,62.250000,60.599998,60.599998,97000,0.000000,0.000000,62.200001,62.250000,60.599998,60.599998,62.790001,60.790001,56.993300,51.629400,62.256571,61.853322,0.403249,0.869148,-0.465899,45.312777,62.790001,66.462746,59.117256,0.201857,1.822369,0.030072,-0.031175,-0.032722,0.067841,0.147727,0.414236,0.449761,0.388673,-0.085973,-0.085973,0.478049,177930.000000,5878199.806000,0.069889
2017-11-16,60.900002,62.650002,60.529999,61.450001,157400,0.000000,0.000000,60.900002,62.650002,60.529999,61.450001,62.835001,60.853001,57.117800,51.697400,62.132484,61.823447,0.309037,0.757126,-0.448089,48.715716,62.835001,66.413019,59.256983,0.306457,1.843629,0.030002,0.014026,-0.007270,0.056750,0.167141,0.407789,0.464839,0.383047,-0.073152,-0.073152,0.498781,170230.000000,9672230.157400,0.074363
2017-11-17,61.099998,61.200001,60.150002,60.900002,99800,0.000000,0.000000,61.099998,61.200001,60.150002,60.900002,62.755001,60.905001,57.224000,51.754650,61.942871,61.755043,0.187828,0.643266,-0.455438,46.691163,62.755001,66.434661,59.075341,0.247939,1.804798,0.029635,-0.008950,-0.004088,0.005780,0.172281,0.379388,0.450000,0.358380,-0.081448,-0.081448,0.485366,165185.000000,6077820.199600,0.080595
2017-11-20,61.000000,62.650002,60.450001,62.000000,91100,0.000000,0.000000,61.000000,62.650002,60.450001,62.000000,62.832501,60.997001,57.335500,51.829650,61.951660,61.773188,0.178472,0.550307,-0.371835,51.070843,62.832501,66.370308,59.294694,0.382342,1.833027,0.029565,0.018062,0.013900,-0.008000,0.188878,0.371681,0.511089,0.345749,-0.064857,-0.064857,0.512195,163760.000000,5648200.000000,0.110556
2017-11-21,62.200001,64.430000,61.849998,64.099998,199700,0.000000,0.000000,62.200001,64.430000,61.849998,64.099998,62.992501,61.127001,57.463500,51.918400,62.282174,61.945545,0.336629,0.507572,-0.170943,58.141204,62.992501,66.450866,59.534136,0.660119,1.886382,0.029429,0.033871,0.024780,0.060380,0.236258,0.401093,0.563415,0.343572,-0.033183,-0.033183,0.552058,164395.000000,12800769.600600,0.143230
2017-11-22,64.199997,66.000000,63.549999,63.650002,96400,0.000000,0.000000,64.199997,66.000000,63.549999,63.650002,63.130001,61.258001,57.579000,52.003650,62.492609,62.071801,0.420808,0.490219,-0.069411,56.264972,63.130001,66.454139,59.805862,0.578216,1.926641,0.030269,-0.007020,0.050330,0.045156,0.239533,0.357143,0.541162,0.344874,-0.039970,-0.039970,0.530048,164500.000000,6135860.192800,0.144492
2017-11-24,63.950001,64.449997,62.849998,63.349998,57000,0.000000,0.000000,63.950001,64.449997,62.849998,63.349998,63.170001,61.374001,57.685000,52.082150,62.624515,62.166482,0.458033,0.483782,-0.025749,54.990894,63.170001,66.483990,59.856011,0.527157,1.903309,0.030044,-0.004713,0.030919,0.040230,0.203229,0.371212,0.495868,0.345661,-0.044495,-0.044495,0.522837,150840.000000,3610949.886000,0.103715
2017-11-27,63.400002,63.950001,62.689999,63.349998,70300,0.000000,0.000000,63.400002,63.950001,62.689999,63.349998,63.022500,61.467001,57.799000,52.156150,62.736128,62.254150,0.481978,0.483421,-0.001443,54.990894,63.022500,65.994913,60.050088,0.555090,1.857359,0.029319,0.000000,0.040230,0.012790,0.180801,0.369730,0.494104,0.333507,-0.044495,-0.044495,0.522837,139695.000000,4453504.859400,0.086022
2017-11-28,63.549999,64.250000,63.250000,64.199997,105900,0.000000,0.000000,63.549999,64.250000,63.250000,64.199997,63.015000,61.564001,57.911500,52.233150,62.961338,62.398287,0.563052,0.499347,0.063705,58.107989,63.015000,65.974036,60.055965,0.700234,1.796119,0.027977,0.013418,0.035484,-0.031674,0.180147,0.389610,0.528571,0.260502,-0.031674,-0.031674,0.543269,133705.000000,6798779.682300,0.083276
2017-11-29,64.250000,65.550003,64.050003,65.500000,163600,0.000000,0.000000,64.250000,65.550003,64.050003,65.500000,63.050000,61.689001,58.035500,52.322650,63.351902,62.628043,0.723858,0.544249,0.179609,62.397227,63.050000,66.112678,59.987322,0.899977,1.774967,0.027099,0.020249,0.021841,0.017871,0.166518,0.392136,0.570743,0.249810,-0.012066,-0.012066,0.574519,131385.000000,10715800.000000,0.094901
2017-11-30,65.650002,66.400002,65.050003,65.800003,215400,0.000000,0.000000,65.650002,66.400002,65.050003,65.800003,63.120000,61.811001,58.175000,52.410900,63.728533,62.863003,0.865529,0.608505,0.257024,63.330314,63.120000,66.370814,59.869187,0.912205,1.744613,0.026514,0.004580,0.033778,0.015432,0.163572,0.346981,0.576048,0.249215,-0.007541,-0.007541,0.581731,132370.000000,14173320.646200,0.094303
2017-12-01,65.800003,65.800003,62.950001,65.449997,165700,0.000000,0.000000,65.800003,65.800003,62.950001,65.449997,63.125000,61.916001,58.288500,52.495400,63.993373,63.054632,0.938741,0.674552,0.264188,61.415551,63.125000,66.390529,59.859471,0.855991,1.823569,0.027862,-0.005319,0.033149,0.016304,0.137272,0.328934,0.518561,0.248929,-0.012821,-0.012821,0.573317,133245.000000,10845064.502900,0.073210
2017-12-04,66.400002,68.699997,65.000000,67.750000,169800,0.000000,0.000000,66.400002,68.699997,65.000000,67.750000,63.267500,62.053001,58.433000,52.591150,64.571316,63.402437,1.168878,0.773418,0.395461,68.216155,63.267500,67.064628,59.470372,1.090249,1.957599,0.028894,0.035141,0.069455,0.036725,0.174177,0.371457,0.555683,0.272174,0.000000,0.000000,0.628606,136380.000000,11503950.000000,0.111469
2017-12-05,67.800003,68.199997,66.550003,66.599998,142400,0.000000,0.000000,67.800003,68.199997,66.550003,66.599998,63.382500,62.175001,58.563500,52.677150,64.883421,63.639294,1.244127,0.867560,0.376568,62.303251,63.382500,67.441572,59.323427,0.896334,1.935628,0.029063,-0.016974,0.037383,0.026194,0.143348,0.334669,0.511918,0.278429,-0.016974,-0.016974,0.600962,139420.000000,9483839.715200,0.085647
2017-12-06,66.550003,67.800003,66.550003,67.599998,134200,0.000000,0.000000,66.550003,67.800003,66.550003,67.599998,63.585000,62.317001,58.713500,52.770400,65.301356,63.932679,1.368677,0.967783,0.400894,65.133400,63.585000,68.061851,59.108149,0.948418,1.886654,0.027909,0.015015,0.032061,0.051322,0.159520,0.338614,0.490628,0.279448,-0.002214,-0.002214,0.625000,137720.000000,9071919.731600,0.100358
2017-12-07,67.750000,68.750000,67.699997,68.349998,189200,0.000000,0.000000,67.750000,68.750000,67.699997,68.349998,63.870000,62.446000,58.878500,52.870900,65.770378,64.259888,1.510490,1.076324,0.434165,67.126795,63.870000,68.799117,58.940883,0.954442,1.834036,0.026833,0.011095,0.038754,0.075531,0.172384,0.354807,0.463597,0.275979,0.000000,0.000000,0.643029,140115.000000,12931819.621600,0.101215
2017-12-08,68.900002,69.599998,68.400002,68.800003,115600,0.000000,0.000000,68.900002,69.599998,68.400002,68.800003,64.215000,62.583000,59.043500,52.973400,66.236474,64.596193,1.640281,1.189116,0.451165,68.297943,64.215000,69.515456,58.914544,0.932510,1.792319,0.026051,0.006584,0.051184,0.098164,0.198606,0.347698,0.439331,0.268392,0.000000,0.000000,0.653846,139485.000000,7953280.346800,0.135204
2017-12-11,68.750000,69.250000,67.489998,67.949997,223700,0.000000,0.000000,68.750000,69.250000,67.489998,67.949997,64.554999,62.689000,59.206500,53.068650,66.500093,64.844623,1.655470,1.282387,0.373084,63.682838,64.554999,69.899834,59.210165,0.817596,1.790011,0.026343,-0.012355,0.002952,0.097738,0.179687,0.304223,0.429022,0.268694,-0.012355,-0.012355,0.633413,143065.000000,15200414.328900,0.114490
2017-12-12,68.000000,68.650002,67.599998,68.150002,133500,0.000000,0.000000,68.000000,68.650002,67.599998,68.150002,64.904999,62.796000,59.369500,53.167650,66.753925,65.089466,1.664459,1.358801,0.305658,64.294225,64.904999,70.227731,59.582268,0.804825,1.737153,0.025490,0.002943,0.023273,0.114473,0.193520,0.346838,0.439282,0.261876,-0.009448,-0.009448,0.638221,142810.000000,9098025.267000,0.131273
2017-12-13,68.000000,70.529999,67.500000,69.000000,119500,0.000000,0.000000,68.000000,70.529999,67.500000,69.000000,65.227499,62.933000,59.537500,53.262650,67.099475,65.379135,1.720340,1.431109,0.289231,66.848507,65.227499,70.728071,59.726928,0.842919,1.829499,0.026514,0.012472,0.020710,0.128373,0.198957,0.366337,0.501632,0.262258,0.000000,0.000000,0.658654,137360.000000,8245500.000000,0.129473
2017-12-14,69.199997,69.199997,68.099998,68.199997,187900,0.000000,0.000000,69.199997,69.199997,68.099998,68.199997,65.607499,63.076000,59.682500,53.362650,67.268786,65.588088,1.680698,1.481027,0.199672,62.329117,65.607499,70.803679,60.411320,0.749462,1.777392,0.026061,-0.011594,-0.002195,0.090328,0.161840,0.370854,0.466667,0.261305,-0.011594,-0.011594,0.639423,141905.000000,12814779.436300,0.098560
2017-12-15,68.400002,70.000000,67.000000,69.599998,336600,0.000000,0.000000,68.400002,70.000000,67.000000,69.599998,66.014999,63.273000,59.842500,53.470900,67.627434,65.885266,1.742168,1.533255,0.208913,66.586403,66.014999,71.115783,60.914215,0.851416,1.864721,0.026792,0.020528,0.011628,0.148515,0.172704,0.407482,0.457592,0.232801,0.000000,0.000000,0.673077,150865.000000,23427359.326800,0.098039
2017-12-18,69.800003,70.750000,69.449997,70.099998,140900,0.000000,0.000000,69.800003,70.750000,69.449997,70.099998,66.474999,63.482000,60.025500,53.583150,68.007829,66.197469,1.810360,1.588676,0.221684,67.978271,66.474999,71.284584,61.665414,0.876852,1.824384,0.026025,0.007184,0.031641,0.140765,0.183122,0.469602,0.502679,0.231296,0.000000,0.000000,0.685096,152920.000000,9877089.718200,0.100563
2017-12-19,70.050003,70.050003,68.849998,69.500000,106500,0.000000,0.000000,70.050003,70.050003,68.849998,69.500000,66.849999,63.683000,60.173500,53.696650,68.237393,66.442100,1.795293,1.629999,0.165293,64.505804,66.849999,71.350058,62.349940,0.794441,1.783357,0.025660,-0.008559,0.019809,0.141215,0.164154,0.477152,0.502703,0.230972,-0.008559,-0.008559,0.670673,153690.000000,7401750.000000,0.085497
2017-12-20,69.849998,69.949997,69.279999,69.599998,80100,0.000000,0.000000,69.849998,69.949997,69.279999,69.599998,67.124999,63.896000,60.326000,53.814150,68.447025,66.676019,1.771006,1.658201,0.112805,64.828273,67.124999,71.589538,62.660460,0.777184,1.703831,0.024480,0.001439,0.008696,0.122581,0.156146,0.495166,0.500000,0.227559,-0.007133,-0.007133,0.673077,147710.000000,5574959.839800,0.072339
2017-12-21,69.650002,70.000000,68.599998,69.250000,69000,0.000000,0.000000,69.650002,70.000000,68.599998,69.250000,67.404999,64.093000,60.481000,53.935400,68.570559,66.866684,1.703875,1.667336,0.036540,62.681773,67.404999,71.648868,63.161130,0.717373,1.682129,0.024291,-0.005029,0.015396,0.080343,0.137110,0.465608,0.510360,0.205538,-0.012126,-0.012126,0.664664,146340.000000,4778250.000000,0.053331
2017-12-22,69.250000,70.900002,68.800003,70.800003,168800,0.000000,0.000000,69.250000,70.900002,68.800003,70.800003,67.777499,64.315000,60.652000,54.060650,68.913551,67.158041,1.755510,1.684970,0.070539,67.771132,67.777499,71.826084,63.728915,0.873279,1.711977,0.024180,0.022383,0.017241,0.112333,0.170248,0.479624,0.576837,0.211254,0.000000,0.000000,0.701923,151930.000000,11951040.506400,0.077734
2017-12-26,70.750000,71.029999,69.180000,70.400002,90600,0.000000,0.000000,70.750000,71.029999,69.180000,70.400002,68.129999,64.575000,60.825000,54.184400,69.142236,67.398186,1.744049,1.696786,0.047263,65.296310,68.129999,71.761645,64.498354,0.812531,1.721836,0.024458,-0.005650,0.004280,0.111287,0.163636,0.436735,0.564444,0.211830,-0.005650,-0.005650,0.692308,152945.000000,6378240.181200,0.076477
2017-12-27,70.500000,71.050003,70.129997,70.550003,77100,0.000000,0.000000,70.500000,71.050003,70.129997,70.550003,68.447500,64.853000,60.996000,54.313400,69.358815,67.631654,1.727161,1.702861,0.024300,65.800663,68.447500,71.725574,65.169425,0.820692,1.664562,0.023594,0.002131,0.015108,0.113654,0.139742,0.403142,0.552255,0.211309,-0.003531,-0.003531,0.695914,151505.000000,5439405.231300,0.064418
2017-12-28,70.650002,71.699997,70.150002,71.500000,113400,0.000000,0.000000,70.650002,71.699997,70.150002,71.500000,68.747500,65.148000,61.174500,54.442650,69.688228,67.918198,1.770030,1.716295,0.053735,68.884869,68.747500,71.987786,65.507213,0.924731,1.656379,0.023166,0.013466,0.027299,0.113707,0.154157,0.406096,0.599553,0.211332,0.000000,0.000000,0.718750,148995.000000,8108100.000000,0.077188
2017-12-29,71.849998,72.400002,70.699997,70.750000,125400,0.000000,0.000000,71.849998,72.400002,70.699997,70.750000,68.995000,65.400000,61.352500,54.570400,69.851578,68.127961,1.723616,1.717759,0.005857,63.979305,68.995000,72.037490,65.952509,0.788415,1.659495,0.023456,-0.010490,0.021661,0.080153,0.129290,0.379142,0.584546,0.210623,-0.010490,-0.010490,0.700721,144495.000000,8872050.000000,0.066569
2018-01-02,71.400002,71.699997,70.750000,71.500000,131600,0.000000,0.000000,71.400002,71.699997,70.750000,71.500000,69.297500,65.619000,61.534500,54.699650,70.105181,68.377742,1.727439,1.719695,0.007744,66.545032,69.297500,72.044648,66.550351,0.900870,1.608817,0.022501,0.010601,0.009887,0.086626,0.138535,0.372361,0.619479,0.211946,0.000000,0.000000,0.718750,142790.000000,9409400.000000,0.063316
2018-01-03,71.500000,71.629997,69.400002,71.050003,244100,0.000000,0.000000,71.500000,71.629997,69.400002,71.050003,69.462500,65.790000,61.715500,54.827400,70.250538,68.575687,1.674851,1.710726,-0.035875,63.617073,69.462500,72.214702,66.710298,0.788406,1.653186,0.023268,-0.006294,0.009233,0.085562,0.143202,0.346919,0.582405,0.212515,-0.006294,-0.006294,0.707933,146505.000000,17343305.732300,0.061475
2018-01-04,71.650002,72.449997,70.800003,71.199997,168900,0.000000,0.000000,71.650002,72.449997,70.800003,71.199997,69.692500,66.005000,61.889500,54.965150,70.396609,68.770081,1.626528,1.693887,-0.067358,64.182778,69.692500,72.194979,67.190021,0.801201,1.652958,0.023216,0.002111,0.009213,0.050922,0.166257,0.370549,0.580466,0.179819,-0.004196,-0.004196,0.711538,147830.000000,12025679.493300,0.083118
2018-01-05,71.500000,71.650002,70.099998,71.050003,180500,0.000000,0.000000,71.500000,71.650002,70.099998,71.050003,69.865000,66.208000,62.060000,55.106400,70.497131,68.938964,1.558167,1.666743,-0.108576,63.125756,69.865000,72.232123,67.497877,0.750304,1.645605,0.023161,-0.002107,-0.006294,0.066817,0.189121,0.341832,0.616610,0.166487,-0.006294,-0.006294,0.707933,150145.000000,12824525.541500,0.105421
2018-01-08,71.099998,71.900002,70.699997,71.750000,226900,0.000000,0.000000,71.099998,71.900002,70.699997,71.750000,70.035000,66.425000,62.231500,55.251400,70.689880,69.147189,1.542691,1.641933,-0.099241,65.944524,70.035000,72.432171,67.637830,0.857713,1.613776,0.022492,0.009852,0.014134,0.061391,0.202850,0.351224,0.598708,0.162765,0.000000,0.000000,0.724760,152030.000000,16280075.000000,0.116781
2018-01-09,71.800003,74.050003,71.800003,73.750000,251600,0.000000,0.000000,71.800003,74.050003,71.800003,73.750000,70.282500,66.649000,62.436500,55.406650,71.160668,69.488138,1.672530,1.648052,0.024478,72.429390,70.282500,73.123790,67.441210,1.110198,1.662792,0.022546,0.027875,0.031469,0.079005,0.240538,0.422372,0.672336,0.182593,0.000000,0.000000,0.772837,158830.000000,18555500.000000,0.151804
2018-01-10,73.099998,74.250000,72.349998,74.000000,271400,0.000000,0.000000,73.099998,74.250000,72.349998,74.000000,70.585000,66.803000,62.648500,55.563150,71.597488,69.822350,1.775138,1.673469,0.101669,73.118460,70.585000,73.659360,67.510640,1.055400,1.679736,0.022699,0.003390,0.041520,0.075581,0.255301,0.367837,0.651786,0.182290,0.000000,0.000000,0.778846,161215.000000,20083600.000000,0.169329
2018-01-11,73.949997,76.250000,73.849998,75.750000,140100,0.000000,0.000000,73.949997,76.250000,73.849998,75.750000,70.965000,67.031000,62.879500,55.720650,72.236336,70.261435,1.974901,1.733756,0.241145,77.380209,70.965000,74.599789,67.330211,1.158223,1.731183,0.022854,0.023649,0.063905,0.114790,0.275252,0.421201,0.644951,0.185379,0.000000,0.000000,0.820914,161545.000000,10612575.000000,0.183146
2018-01-12,76.349998,77.000000,75.199997,75.849998,152300,0.000000,0.000000,76.349998,77.000000,75.199997,75.849998,71.307500,67.252000,63.118500,55.879650,72.792284,70.675403,2.116882,1.810381,0.306501,77.598755,71.307500,75.421952,67.193048,1.052017,1.736099,0.022889,0.001320,0.067558,0.112986,0.270519,0.416433,0.645336,0.185719,0.000000,0.000000,0.823317,163185.000000,11551954.695400,0.168942
2018-01-16,76.550003,78.449997,75.449997,75.550003,296100,0.000000,0.000000,76.550003,78.449997,75.449997,75.550003,71.675000,67.475000,63.352500,56.035400,73.216549,71.036484,2.180065,1.884318,0.295747,75.249836,71.675000,75.931327,67.418674,0.955205,1.826378,0.024174,-0.003955,0.052962,0.094928,0.316202,0.436312,0.602333,0.186303,-0.003955,-0.003955,0.816106,168595.000000,22370355.888300,0.222665
2018-01-17,76.300003,76.550003,75.750000,76.150002,162700,0.000000,0.000000,76.300003,76.550003,75.750000,76.150002,72.002500,67.691000,63.595500,56.194650,73.667849,71.415263,2.252586,1.957971,0.294615,76.764730,72.002500,76.582259,67.422742,0.952808,1.767351,0.023209,0.007942,0.032542,0.116569,0.344219,0.468660,0.621938,0.177252,0.000000,0.000000,0.830529,159900.000000,12389605.325400,0.242425
2018-01-18,76.150002,78.000000,75.849998,77.750000,218400,0.000000,0.000000,76.150002,78.000000,75.849998,77.750000,72.385001,67.948000,63.859500,56.366650,74.295872,71.884503,2.411369,2.048651,0.362718,80.238341,72.385001,77.537731,67.232270,1.020598,1.794683,0.023083,0.021011,0.050676,0.117098,0.370044,0.486616,0.629979,0.177781,0.000000,0.000000,0.868990,163775.000000,16980600.000000,0.268531
2018-01-19,77.750000,78.940002,77.050003,78.099998,267000,0.000000,0.000000,77.750000,78.940002,77.050003,78.099998,72.815001,68.224000,64.114000,56.537650,74.881122,72.344910,2.536212,2.146163,0.390049,80.910630,72.815001,78.373407,67.256594,0.975406,1.801491,0.023066,0.004502,0.031023,0.114123,0.343078,0.512101,0.645943,0.177675,0.000000,0.000000,0.877404,171800.000000,20852699.466000,0.235570
2018-01-22,78.199997,78.699997,77.500000,77.849998,188600,0.000000,0.000000,78.199997,78.699997,77.500000,77.849998,73.227500,68.510000,64.356000,56.709400,75.337873,72.752694,2.585178,2.233966,0.351212,78.847255,73.227500,79.001622,67.453379,0.900277,1.758527,0.022589,-0.003201,0.026368,0.120144,0.285714,0.501446,0.637224,0.173356,-0.003201,-0.003201,0.871394,177225.000000,14682509.622800,0.164147
2018-01-23,77.650002,78.699997,77.300003,78.199997,116700,0.000000,0.000000,77.650002,78.699997,77.300003,78.199997,73.675000,68.821000,64.594000,56.881400,75.778199,73.156198,2.622001,2.311573,0.310428,79.630442,73.675000,79.537771,67.812230,0.885909,1.732918,0.022160,0.004496,0.035076,0.123563,0.251200,0.498084,0.649789,0.172783,0.000000,0.000000,0.879808,179610.000000,9125939.649900,0.125806
2018-01-24,78.300003,80.250000,77.650002,77.849998,380600,0.000000,0.000000,78.300003,80.250000,77.650002,77.849998,74.027500,69.140000,64.811000,57.053650,76.096938,73.503887,2.593051,2.367869,0.225182,76.577052,74.027500,80.009002,68.045998,0.819527,1.794852,0.023055,-0.004476,0.022324,0.124188,0.287841,0.449721,0.587156,0.172363,-0.004476,-0.004476,0.871394,190200.000000,29629709.238800,0.162101
2018-01-25,78.400002,79.650002,77.550003,79.599998,510300,0.000000,0.000000,78.400002,79.650002,77.550003,79.599998,74.487500,69.509000,65.041500,57.229150,76.635870,73.955451,2.680419,2.430379,0.250040,80.585569,74.487500,80.704781,68.270219,0.911152,1.816648,0.022822,0.022479,0.023794,0.124294,0.307061,0.485075,0.582505,0.172481,0.000000,0.000000,0.913462,211185.000000,40619878.979400,0.183890
2018-01-26,79.849998,79.949997,78.099998,78.150002,186500,0.000000,0.000000,79.849998,79.949997,78.099998,78.150002,74.867500,69.849000,65.247500,57.400400,76.868813,74.266158,2.602655,2.464834,0.137821,69.909917,74.867500,80.999921,68.735079,0.767635,1.819031,0.023276,-0.018216,0.000640,0.110085,0.283251,0.508687,0.585193,0.187678,-0.018216,-0.018216,0.878606,216655.000000,14574975.373000,0.139757
2018-01-29,77.900002,78.900002,77.050003,77.199997,127900,0.000000,0.000000,77.900002,78.900002,77.050003,77.199997,75.152500,70.142000,65.442500,57.574900,76.919765,74.483480,2.436285,2.459124,-0.022839,63.933896,75.152500,81.154382,69.150618,0.670571,1.821243,0.023591,-0.012156,-0.008349,0.094259,0.234213,0.411334,0.551759,0.196784,-0.030151,-0.030151,0.855769,217380.000000,9873879.616300,0.095464
2018-01-30,76.699997,77.750000,76.099998,76.750000,198200,0.000000,0.000000,76.699997,77.750000,76.099998,76.750000,75.452500,70.465000,65.627500,57.750650,76.893647,74.651370,2.242277,2.415755,-0.173478,61.262511,75.452500,81.118228,69.786771,0.614504,1.809011,0.023570,-0.005829,-0.018542,0.073427,0.157617,0.412144,0.571136,0.196900,-0.035804,-0.035804,0.844952,221020.000000,15211850.000000,0.052977
2018-01-31,77.150002,78.800003,75.150002,75.550003,280900,0.000000,0.000000,77.150002,78.800003,75.150002,75.550003,75.655000,70.747000,65.800000,57.914650,76.686933,74.717935,1.968997,2.326403,-0.357406,54.698949,75.655000,81.006722,70.303278,0.490190,1.940510,0.025685,-0.015635,-0.029544,0.067845,0.174048,0.405581,0.572321,0.202226,-0.050879,-0.050879,0.816106,228485.000000,21221995.842700,0.067685
2018-02-01,74.900002,77.199997,74.209999,76.599998,448200,0.000000,0.000000,74.900002,77.199997,74.209999,76.599998,75.932500,71.061000,65.983000,58.083650,76.673558,74.857348,1.816210,2.224365,-0.408154,58.853025,75.932500,80.835588,71.029411,0.568069,2.015474,0.026312,0.013898,-0.037688,0.071329,0.182099,0.426443,0.572895,0.204059,-0.037688,-0.037688,0.841346,238690.000000,34332119.103600,0.084265
2018-02-02,74.199997,77.050003,71.750000,77.050003,476200,0.000000,0.000000,74.199997,77.050003,71.750000,77.050003,76.225000,71.362000,66.179500,58.254400,76.731473,75.019766,1.711706,2.121833,-0.410127,60.523794,76.225000,80.609960,71.840039,0.594072,2.250083,0.029203,0.005875,-0.014075,0.084448,0.196429,0.451036,0.610240,0.201135,-0.032035,-0.032035,0.852164,254055.000000,36691211.428600,0.118350
2018-02-05,77.050003,77.050003,72.800003,72.830002,332700,0.000000,0.000000,77.050003,77.050003,72.800003,72.830002,76.314000,71.536600,66.331800,58.397800,76.131246,74.857562,1.273685,1.952203,-0.678519,42.922536,76.314000,80.311879,72.316121,0.064269,2.392934,0.032856,-0.054770,-0.056606,0.022893,0.114461,0.362582,0.472801,0.286195,-0.085050,-0.085050,0.750721,261665.000000,24230541.665400,0.076845
2018-02-06,71.449997,73.400002,70.650002,73.349998,303700,0.000000,0.000000,71.449997,73.400002,70.650002,73.349998,76.394000,71.730600,66.494300,58.538050,75.703362,74.745890,0.957472,1.753257,-0.795785,45.043385,76.394000,80.057378,72.730621,0.084536,2.418439,0.032971,0.007140,-0.044300,0.032371,0.130200,0.367195,0.560638,0.286627,-0.078518,-0.078518,0.763221,265505.000000,22276394.392600,0.078246
2018-02-07,73.000000,74.800003,73.000000,73.500000,340400,0.000000,0.000000,73.000000,74.800003,73.000000,73.500000,76.381500,71.933600,66.653800,58.669050,75.364383,74.653602,0.710781,1.544762,-0.833981,45.670521,76.381500,80.084358,72.678641,0.110909,2.374265,0.032303,0.002045,-0.027134,0.024390,0.143079,0.388102,0.585761,0.285092,-0.076633,-0.076633,0.766827,269945.000000,25019400.000000,0.103951
2018-02-08,73.800003,73.800003,70.800003,70.849998,296300,0.000000,0.000000,73.800003,73.800003,70.800003,70.849998,76.224000,72.083600,66.775300,58.785550,74.669862,74.371854,0.298009,1.295411,-0.997402,37.523799,76.224000,80.566152,71.881848,-0.118818,2.418960,0.034142,-0.036054,-0.075065,-0.039322,0.114870,0.329268,0.520386,0.295829,-0.109925,-0.109925,0.703125,271190.000000,20992854.407400,0.113484
2018-02-09,71.349998,71.900002,68.849998,70.000000,238600,0.000000,0.000000,71.349998,71.900002,68.849998,70.000000,75.936500,72.199600,66.881800,58.897800,73.951422,74.048013,-0.096591,1.017011,-1.113601,35.345878,75.936500,81.095411,70.777589,-0.075364,2.464035,0.035200,-0.011997,-0.091499,-0.054054,0.117318,0.322002,0.469045,0.297266,-0.120603,-0.120603,0.682692,276115.000000,16702000.000000,0.104744
2018-02-12,70.199997,72.150002,68.300003,70.199997,228800,0.000000,0.000000,70.199997,72.150002,68.300003,70.199997,75.654000,72.293600,66.991300,59.007550,73.374280,73.762974,-0.388695,0.735870,-1.124564,36.282967,75.654000,81.416347,69.891652,0.026755,2.563032,0.036510,0.002857,-0.036112,-0.073267,0.134087,0.304833,0.445932,0.282609,-0.118090,-0.118090,0.687500,279940.000000,16061759.313600,0.099730
2018-02-13,69.650002,72.349998,68.470001,71.500000,175600,0.000000,0.000000,69.650002,72.349998,68.470001,71.500000,75.451499,72.407600,67.109300,59.124300,73.085929,73.595347,-0.509418,0.486812,-0.996230,42.152151,75.451499,81.506456,69.396543,0.173697,2.657101,0.037162,0.018519,-0.025222,-0.057350,0.169256,0.324074,0.465164,0.292387,-0.101759,-0.101759,0.718750,273915.000000,12555400.000000,0.130362
2018-02-14,71.250000,74.150002,71.000000,74.000000,196800,0.000000,0.000000,71.250000,74.150002,71.000000,74.000000,75.343999,72.578600,67.247300,59.258550,73.226555,73.625321,-0.398766,0.309697,-0.708462,51.419660,75.343999,81.423034,69.264964,0.389456,2.692308,0.036383,0.034965,0.006803,-0.020516,0.210139,0.355311,0.554622,0.319972,-0.070352,-0.070352,0.778846,275620.000000,14563200.000000,0.153015
2018-02-15,74.550003,74.599998,71.699997,73.349998,233100,0.000000,0.000000,74.550003,74.599998,71.699997,73.349998,75.123999,72.690600,67.371800,59.392300,73.245547,73.604927,-0.359380,0.175881,-0.535262,49.212126,75.123999,81.154690,69.093308,0.352919,2.707144,0.036907,-0.008784,0.035286,-0.036770,0.172662,0.377465,0.523364,0.319466,-0.078518,-0.078518,0.763221,276355.000000,17097884.533800,0.095700
2018-02-16,73.099998,74.900002,73.099998,74.050003,146700,0.000000,0.000000,73.099998,74.900002,73.099998,74.050003,74.921499,72.839600,67.507300,59.534550,73.369309,73.637895,-0.268586,0.086988,-0.355574,51.620958,74.921499,80.801540,69.041459,0.425894,2.642348,0.035683,0.009543,0.057857,-0.047588,0.221947,0.402462,0.525232,0.311618,-0.069724,-0.069724,0.780048,270340.000000,10863135.440100,0.142430
2018-02-20,73.449997,73.800003,71.449997,72.099998,172900,0.000000,0.000000,73.449997,73.800003,71.449997,72.099998,74.634000,72.929600,67.623300,59.668300,73.174030,73.523977,-0.349947,-0.000399,-0.349547,45.190876,74.634000,80.473291,68.794708,0.283021,2.639323,0.036606,-0.026334,0.027066,-0.076825,0.173312,0.369421,0.483539,0.321496,-0.094221,-0.094221,0.733173,269555.000000,12466089.654200,0.108392
2018-02-21,72.400002,74.349998,72.349998,72.849998,121000,0.000000,0.000000,72.400002,74.349998,72.349998,72.849998,74.366500,73.019600,67.732800,59.807050,73.124179,73.474053,-0.349873,-0.070294,-0.279579,47.879967,74.366500,80.004668,68.728331,0.365515,2.611515,0.035848,0.010402,0.018881,-0.064226,0.196223,0.402310,0.474696,0.325143,-0.084799,-0.084799,0.751202,269770.000000,8814849.758000,0.132025
2018-02-22,73.349998,73.949997,72.699997,73.250000,148100,0.000000,0.000000,73.349998,73.949997,72.699997,73.250000,74.136500,73.108600,67.845800,59.951800,73.143536,73.457456,-0.313920,-0.119019,-0.194901,49.308445,74.136500,79.547041,68.725958,0.418077,2.514264,0.034324,0.005491,-0.010135,-0.063299,0.181452,0.404602,0.496425,0.325448,-0.079774,-0.079774,0.760817,258145.000000,10848325.000000,0.119694
2018-02-23,73.800003,74.199997,73.000000,74.050003,126800,0.000000,0.000000,73.800003,74.199997,73.000000,74.050003,73.859000,73.230600,67.959800,60.100300,73.282993,73.501349,-0.218356,-0.138886,-0.079469,52.134040,73.859000,78.620000,69.098000,0.520059,2.420387,0.032686,0.010922,0.009543,-0.048812,0.155226,0.428158,0.534715,0.328865,-0.069724,-0.069724,0.780048,238970.000000,9389540.380400,0.086022
2018-02-26,74.099998,74.400002,73.199997,73.599998,125200,0.000000,0.000000,74.099998,74.400002,73.199997,73.599998,73.631500,73.339600,68.067800,60.246050,73.331763,73.508656,-0.176893,-0.146488,-0.030405,50.431161,73.631500,77.942760,69.320239,0.496347,2.333217,0.031701,-0.006077,-0.006077,-0.075377,0.156324,0.433301,0.523810,0.316540,-0.075377,-0.075377,0.769231,235905.000000,9214719.749600,0.075638
2018-02-27,73.699997,74.529999,72.500000,72.599998,187600,0.000000,0.000000,73.699997,74.529999,72.500000,72.599998,73.401500,73.411600,68.172300,60.390800,73.219184,73.441348,-0.222164,-0.161623,-0.060541,46.774859,73.401500,77.389902,69.413098,0.399521,2.311559,0.031840,-0.013587,0.006935,-0.071017,0.146014,0.378917,0.484662,0.314232,-0.087940,-0.087940,0.745192,238890.000000,13619759.624800,0.081973
2018-02-28,72.849998,74.279999,72.050003,72.650002,363000,0.000000,0.000000,72.849998,74.279999,72.050003,72.650002,73.196500,73.500600,68.288300,60.540050,73.131617,73.382730,-0.251113,-0.179521,-0.071592,46.981853,73.196500,76.869208,69.523792,0.425600,2.305733,0.031738,0.000689,-0.002745,-0.058938,0.146804,0.354147,0.502585,0.312825,-0.087312,-0.087312,0.746394,247130.000000,26371950.726000,0.089453
2018-03-01,72.750000,73.080002,70.550003,71.099998,273000,0.000000,0.000000,72.750000,73.080002,70.550003,71.099998,72.974000,73.530600,68.401800,60.679550,72.819060,73.213638,-0.394578,-0.222532,-0.172046,41.583359,72.974000,76.585033,69.362966,0.240517,2.321752,0.032655,-0.021335,-0.029352,-0.073616,0.107477,0.306985,0.422000,0.319323,-0.106784,-0.106784,0.709135,246735.000000,19410299.454000,0.068677
2018-03-02,69.849998,71.050003,68.160004,70.699997,267000,0.000000,0.000000,69.849998,71.050003,68.160004,70.699997,72.679000,73.542600,68.512300,60.813550,72.493051,73.027443,-0.534392,-0.284904,-0.249488,40.296523,72.679000,75.994693,69.363306,0.201570,2.365912,0.033464,-0.005626,-0.045240,-0.064196,0.079389,0.259127,0.466805,0.316375,-0.111809,-0.111809,0.699519,237675.000000,18876899.199000,0.015870
2018-03-05,70.400002,71.250000,69.550003,70.500000,246800,0.000000,0.000000,70.400002,71.250000,69.550003,70.500000,72.351499,73.562600,68.622800,60.956050,72.186427,72.840225,-0.653797,-0.358683,-0.295114,39.636071,72.351499,75.093681,69.609318,0.162404,2.318347,0.032884,-0.002829,-0.042120,-0.079634,0.071429,0.246684,0.470282,0.310392,-0.114322,-0.114322,0.694712,226205.000000,17399400.000000,0.004984
2018-03-06,70.650002,71.250000,69.750000,70.849998,130500,0.000000,0.000000,70.650002,71.250000,69.750000,70.849998,72.252499,73.587600,68.741800,61.096050,71.980823,72.692801,-0.711978,-0.429342,-0.282636,41.444769,72.252499,75.064033,69.440966,0.250581,2.259893,0.031897,0.004965,-0.024105,-0.080467,0.082506,0.231103,0.486883,0.310052,-0.109925,-0.109925,0.703125,216095.000000,9245924.739000,0.005921
2018-03-07,70.449997,71.949997,69.599998,71.099998,272800,0.000000,0.000000,70.449997,71.949997,69.599998,71.099998,72.139999,73.624600,68.858800,61.233300,71.845311,72.574815,-0.729504,-0.489374,-0.240130,42.763988,72.139999,74.946685,69.333314,0.314728,2.266329,0.031875,0.003529,-0.021335,-0.023754,0.049446,0.232236,0.519231,0.249078,-0.106784,-0.106784,0.709135,214550.000000,19396079.454400,-0.042250
2018-03-08,71.300003,72.699997,68.160004,72.550003,160700,0.000000,0.000000,71.300003,72.699997,68.160004,72.550003,72.092499,73.659600,68.987300,61.375300,71.953725,72.572977,-0.619252,-0.515350,-0.103902,49.824800,72.092499,74.833664,69.351335,0.583451,2.428734,0.033477,0.020394,0.020394,-0.010907,0.089339,0.245494,0.573753,0.258603,-0.088568,-0.088568,0.743991,205565.000000,11658785.482100,-0.009111
2018-03-09,73.349998,76.250000,73.300003,76.099998,454100,0.000000,0.000000,73.349998,76.250000,73.300003,76.099998,72.354999,73.773600,69.174300,61.529800,72.591614,72.834238,-0.242625,-0.460805,0.218180,62.139300,72.354999,75.561228,69.148771,1.084019,2.519539,0.033108,0.048932,0.076379,0.035374,0.125740,0.305317,0.691111,0.310064,-0.043970,-0.043970,0.829327,213455.000000,34557009.091800,0.009980
2018-03-12,76.349998,77.500000,75.650002,76.300003,218500,0.000000,0.000000,76.349998,77.500000,75.650002,76.300003,72.669999,73.888600,69.370800,61.682550,73.162135,73.090961,0.071174,-0.354409,0.425583,62.694814,72.669999,76.129907,69.210092,1.024581,2.471714,0.032395,0.002628,0.082270,0.076923,0.116313,0.308748,0.667760,0.277775,-0.041457,-0.041457,0.834135,212450.000000,16671550.655500,0.002487
2018-03-13,76.750000,77.699997,75.879997,76.349998,276600,0.000000,0.000000,76.750000,77.699997,75.879997,76.349998,72.977500,73.985600,69.566800,61.829800,73.652575,73.332372,0.320204,-0.219486,0.539690,62.841583,72.977500,76.602338,69.352661,0.965193,2.425163,0.031764,0.000655,0.077629,0.090714,0.109738,0.330139,0.672508,0.272179,-0.040829,-0.040829,0.835337,214840.000000,21118409.446800,0.011650
2018-03-14,76.849998,77.000000,75.900002,76.199997,161100,0.000000,0.000000,76.849998,77.000000,75.900002,76.199997,73.212499,74.094600,69.747300,61.979800,74.044486,73.544788,0.499698,-0.075650,0.575348,62.052763,73.212499,77.037883,69.387116,0.890483,2.330509,0.030584,-0.001965,0.071730,0.085470,0.121413,0.322917,0.702793,0.273008,-0.042714,-0.042714,0.831731,214115.000000,12275819.516700,0.030980
2018-03-15,76.449997,76.930000,75.800003,76.150002,117400,0.000000,0.000000,76.449997,76.930000,75.800003,76.150002,73.319999,74.187600,69.903300,62.129300,74.368412,73.737767,0.630645,0.065609,0.565036,61.774435,73.319999,77.353727,69.286272,0.850792,2.244758,0.029478,-0.000656,0.049621,0.065035,0.117388,0.333625,0.668127,0.268245,-0.043342,-0.043342,0.830529,210145.000000,8940010.234800,0.027124
2018-03-16,76.150002,77.199997,75.949997,76.300003,325700,0.000000,0.000000,76.150002,77.199997,75.949997,76.300003,73.467500,74.292600,70.041300,62.279800,74.665580,73.927562,0.738018,0.200091,0.537927,62.320511,73.467500,77.715879,69.219121,0.833363,2.173704,0.028489,0.001970,0.002628,0.031081,0.105797,0.325804,0.688053,0.241986,-0.041457,-0.041457,0.834135,214775.000000,24850910.977100,0.017634
2018-03-19,76.050003,76.349998,74.650002,75.849998,93700,0.000000,0.000000,76.050003,76.349998,74.650002,75.849998,73.557500,74.385600,70.195300,62.423800,74.847798,74.069965,0.777833,0.315639,0.462194,59.571083,73.557500,77.932222,69.182777,0.762016,2.139867,0.028212,-0.005898,-0.005898,0.034083,0.112170,0.292163,0.661555,0.240633,-0.047111,-0.047111,0.823317,212125.000000,7107144.812600,0.041039
2018-03-20,76.150002,77.400002,75.529999,77.199997,108600,0.000000,0.000000,76.150002,77.400002,75.529999,77.199997,73.812499,74.508600,70.358300,62.565550,75.209675,74.301819,0.907856,0.434083,0.473773,64.614627,73.812499,78.417975,69.207024,0.867769,2.120591,0.027469,0.017798,0.011133,0.042539,0.109195,0.300758,0.696703,0.245667,-0.030151,-0.030151,0.855769,208910.000000,8383919.674200,0.047534
2018-03-21,77.199997,78.500000,76.699997,77.449997,226000,0.000000,0.000000,77.199997,78.500000,76.699997,77.449997,74.042499,74.622600,70.523800,62.706550,75.554340,74.535018,1.019322,0.551131,0.468192,65.473613,74.042499,78.898237,69.186762,0.850873,2.097692,0.027084,0.003238,0.016404,0.074202,0.104850,0.307173,0.774341,0.222842,-0.027010,-0.027010,0.861779,214160.000000,17503699.322000,0.054737
2018-03-22,77.199997,77.199997,74.900002,74.949997,244800,0.000000,0.000000,77.199997,77.199997,74.900002,74.949997,74.127499,74.646599,70.647800,62.834300,75.461364,74.565757,0.895607,0.620026,0.275581,51.904487,74.127499,78.984342,69.270656,0.584674,2.129999,0.028419,-0.032279,-0.015758,0.028826,0.078417,0.255444,0.751168,0.253183,-0.058417,-0.058417,0.801683,218995.000000,18347759.265600,0.049291
2018-03-23,75.050003,75.800003,74.099998,74.150002,283700,0.000000,0.000000,75.050003,75.800003,74.099998,74.150002,74.132499,74.649599,70.726300,62.955550,75.259616,74.534960,0.724656,0.640952,0.083704,48.444593,74.132499,78.989212,69.275786,0.501802,2.099286,0.028311,-0.010674,-0.028178,0.012287,0.065374,0.231728,0.734503,0.256127,-0.068467,-0.068467,0.782452,226840.000000,21036355.567400,0.060818
2018-03-26,75.900002,76.550003,74.699997,76.500000,248100,0.000000,0.000000,75.900002,76.550003,74.699997,76.500000,74.277499,74.664599,70.847800,63.085550,75.450444,74.680519,0.769926,0.666747,0.103179,57.422976,74.277499,79.239298,69.315700,0.723961,2.120765,0.027722,0.031692,0.008570,0.033086,0.104693,0.256158,0.791569,0.275910,-0.038945,-0.038945,0.838942,232985.000000,18979650.000000,0.068058
2018-03-27,76.949997,76.949997,73.550003,73.900002,297400,0.000000,0.000000,76.949997,76.949997,73.550003,73.900002,74.342500,74.625600,70.938800,63.202800,75.211915,74.622703,0.589212,0.651240,-0.062028,47.555335,74.342500,79.245482,69.439517,0.454875,2.212139,0.029934,-0.033987,-0.042746,0.004076,0.043785,0.221488,0.730679,0.301561,-0.071608,-0.071608,0.776442,238475.000000,21977860.594800,0.036767
2018-03-28,74.099998,74.349998,72.199997,73.550003,214700,0.000000,0.000000,74.099998,74.349998,72.199997,73.550003,74.387500,74.585600,71.030300,63.315300,74.956236,74.543243,0.412993,0.603590,-0.190598,46.399438,74.387500,79.241351,69.533649,0.413729,2.207700,0.030016,-0.004736,-0.050355,0.013085,0.044744,0.215703,0.662147,0.297939,-0.076005,-0.076005,0.768029,231060.000000,15791185.644100,0.042873
2018-03-29,74.050003,76.099998,72.400002,75.150002,224600,0.000000,0.000000,74.050003,76.099998,72.400002,75.150002,74.590000,74.565600,71.128300,63.430550,74.986046,74.588188,0.397858,0.562444,-0.164586,52.127920,74.590000,79.198070,69.981929,0.560763,2.314293,0.030796,0.021754,0.002669,0.034412,0.065202,0.214055,0.706016,0.306660,-0.055904,-0.055904,0.806491,228640.000000,16878690.449200,0.047317
2018-04-02,74.949997,76.000000,73.349998,73.949997,205200,0.000000,0.000000,74.949997,76.000000,73.349998,73.949997,74.752500,74.489599,71.218800,63.547300,74.826654,74.540915,0.285739,0.507103,-0.221364,47.985727,74.752500,78.997927,70.507072,0.405486,2.338272,0.031620,-0.015968,-0.002697,0.040084,0.034266,0.193705,0.665540,0.302091,-0.070980,-0.070980,0.777644,225550.000000,15174539.384400,0.045782
2018-04-03,74.550003,76.050003,74.029999,76.000000,187200,0.000000,0.000000,74.550003,76.050003,74.029999,76.000000,75.027500,74.447600,71.335800,63.674800,75.007169,74.648995,0.358173,0.477317,-0.119144,54.619829,75.027500,78.799205,71.255795,0.628921,2.321253,0.030543,0.027721,-0.006536,0.074965,0.074205,0.213089,0.715576,0.313301,-0.045226,-0.045226,0.826923,222570.000000,14227200.000000,0.068716
2018-04-04,74.750000,75.699997,71.970001,75.349998,263200,0.000000,0.000000,74.750000,75.699997,71.970001,75.349998,75.252500,74.397600,71.453800,63.802800,75.059912,74.700921,0.358990,0.453652,-0.094661,52.340322,75.252500,78.471272,72.033728,0.515145,2.443306,0.032426,-0.008553,0.019621,0.068794,0.053846,0.199841,0.738178,0.315408,-0.053392,-0.053392,0.811298,229205.000000,19832119.473600,0.048821
2018-04-05,75.599998,77.449997,71.900002,74.250000,352500,0.000000,0.000000,75.599998,77.449997,71.900002,74.250000,75.410000,74.318600,71.569800,63.926800,74.935310,74.667520,0.267790,0.416479,-0.148689,48.640741,75.410000,78.024854,72.795146,0.278190,2.665213,0.035895,-0.014599,0.009517,0.047989,0.045039,0.194690,0.691344,0.321378,-0.067211,-0.067211,0.784856,233190.000000,26173125.000000,0.043479
2018-04-06,73.599998,74.599998,70.949997,72.000000,268600,0.000000,0.000000,73.599998,74.599998,70.949997,72.000000,75.382500,74.201600,71.670800,64.048300,74.483724,74.469926,0.013798,0.335943,-0.322145,42.087650,75.382500,78.132096,72.632903,-0.115090,2.735555,0.037994,-0.030303,-0.041916,0.012658,0.011236,0.179361,0.655172,0.340707,-0.095477,-0.095477,0.730769,238585.000000,19339200.000000,0.034237
2018-04-09,72.500000,72.500000,70.599998,71.099998,200500,0.000000,0.000000,72.500000,72.500000,70.599998,71.099998,75.132500,74.031600,71.770300,64.168550,73.963151,74.220302,-0.257151,0.217324,-0.474475,39.779063,75.132500,78.456618,71.808382,-0.106552,2.675872,0.037635,-0.012500,-0.038540,-0.019986,0.000704,0.189958,0.623288,0.335913,-0.106784,-0.106784,0.709135,225905.000000,14255549.599000,0.026797
2018-04-10,72.099998,72.400002,71.050003,71.300003,384000,0.000000,0.000000,72.099998,72.400002,71.050003,71.300003,74.882500,73.894600,71.871800,64.292300,73.553436,74.003983,-0.450548,0.083750,-0.534297,40.559355,74.882500,78.569213,71.195786,0.014134,2.581167,0.036202,0.002813,-0.061842,-0.063075,-0.006272,0.195306,0.642857,0.283941,-0.104271,-0.104271,0.713942,234180.000000,27379201.152000,0.002543
2018-04-11,71.300003,72.849998,70.900002,72.800003,210900,0.000000,0.000000,71.300003,72.849998,70.900002,72.800003,74.705000,73.806600,71.974300,64.420050,73.437523,73.914799,-0.477277,-0.028455,-0.448821,46.190581,74.705000,78.435795,70.974205,0.244693,2.536083,0.034836,0.021038,-0.033842,-0.045872,-0.012881,0.224558,0.635955,0.295424,-0.085427,-0.085427,0.750000,230895.000000,15353520.632700,0.000317
2018-04-12,73.000000,74.349998,72.550003,73.599998,155700,0.000000,0.000000,73.000000,74.349998,72.550003,73.599998,74.575000,73.743600,72.104300,64.548800,73.462519,73.891481,-0.428962,-0.108557,-0.320405,48.967402,74.575000,78.267452,70.882548,0.367974,2.483506,0.033743,0.010989,-0.008754,-0.036018,-0.005405,0.248516,0.676537,0.298774,-0.075377,-0.075377,0.769231,230625.000000,11459519.688600,-0.003543
2018-04-13,74.199997,74.330002,73.349998,73.699997,139500,0.000000,0.000000,74.199997,74.330002,73.349998,73.699997,74.452500,73.706600,72.226800,64.672300,73.499054,73.877297,-0.378243,-0.162494,-0.215749,49.319468,74.452500,78.087051,70.817948,0.396479,2.376113,0.032240,0.001359,0.023611,-0.032808,-0.027063,0.240741,0.742317,0.298941,-0.074121,-0.074121,0.771635,231730.000000,10281149.581500,-0.012485
2018-04-16,73.949997,76.849998,73.349998,76.550003,157600,0.000000,0.000000,73.949997,76.849998,73.349998,76.550003,74.465000,73.705600,72.383300,64.803650,73.968431,74.075275,-0.106844,-0.151364,0.044520,58.175542,74.465000,78.127914,70.802086,0.784610,2.456390,0.032089,0.038670,0.076653,0.005253,0.009229,0.282245,0.840144,0.329666,-0.038317,-0.038317,0.822619,223325.000000,12064280.472800,0.023659
2018-04-17,77.150002,77.900002,76.199997,77.550003,179400,0.000000,0.000000,77.150002,77.900002,76.199997,77.550003,74.550000,73.715600,72.538800,64.937150,74.519442,74.332662,0.186780,-0.083735,0.270515,60.766140,74.550000,78.421216,70.678784,0.887476,2.402363,0.030978,0.013063,0.087658,0.016383,0.026473,0.351045,0.814035,0.332536,-0.025754,-0.025754,0.846429,227610.000000,13912470.538200,0.018525
2018-04-18,77.949997,79.449997,77.800003,78.000000,199400,0.000000,0.000000,77.949997,79.449997,77.800003,78.000000,74.590000,73.819000,72.677800,65.070650,75.054912,74.604317,0.450595,0.023131,0.427465,61.909494,74.590000,78.590868,70.589132,0.926157,2.366479,0.030339,0.005803,0.071429,0.028345,0.024294,0.376876,0.822430,0.331955,-0.020100,-0.020100,0.857143,232150.000000,15553200.000000,0.024711
2018-04-19,77.849998,77.949997,75.849998,75.949997,166800,0.000000,0.000000,77.849998,77.949997,75.849998,75.949997,74.515000,73.871000,72.800800,65.189900,75.192618,74.703997,0.488621,0.116229,0.372392,54.165390,74.515000,78.342615,70.687386,0.687453,2.351017,0.030955,-0.026282,0.031929,-0.016192,-0.023151,0.338326,0.770396,0.339781,-0.045854,-0.045854,0.808333,229190.000000,12668459.499600,-0.015203
2018-04-20,75.750000,75.949997,73.699997,73.849998,156900,0.000000,0.000000,75.750000,75.949997,73.699997,73.849998,74.460000,73.878000,72.905800,65.295400,74.986061,74.640738,0.345323,0.162048,0.183275,47.597216,74.460000,78.292905,70.627095,0.420426,2.343801,0.031737,-0.027650,0.002035,-0.046482,-0.054417,0.269991,0.672707,0.352057,-0.072236,-0.072236,0.758333,224795.000000,11587064.686200,-0.028485
2018-04-23,74.150002,74.750000,73.949997,74.300003,71000,0.000000,0.000000,74.150002,74.750000,73.949997,74.300003,74.467500,73.947000,73.015300,65.407150,74.880513,74.615498,0.265015,0.182641,0.082374,49.023723,74.467500,78.298438,70.636563,0.478139,2.240673,0.030157,0.006094,-0.029393,-0.008672,-0.045600,0.227085,0.640177,0.335206,-0.066583,-0.066583,0.769048,214160.000000,5275300.213000,-0.007881
2018-04-24,74.849998,76.519997,71.400002,71.800003,164900,0.000000,0.000000,74.849998,76.519997,71.400002,71.800003,74.232500,73.983000,73.091300,65.501400,74.406589,74.406943,-0.000354,0.146042,-0.146396,42.157720,74.232500,78.114751,70.350250,0.186716,2.446339,0.034072,-0.033647,-0.074146,-0.031693,-0.081841,0.148800,0.517970,0.353212,-0.097990,-0.097990,0.709524,210000.000000,11839820.494700,-0.021128
2018-04-25,71.849998,72.889999,71.150002,71.650002,181500,0.000000,0.000000,71.849998,72.889999,71.150002,71.650002,74.120000,74.012000,73.152800,65.594150,73.982499,74.202725,-0.220227,0.072788,-0.293015,41.779625,74.120000,78.169614,70.070387,0.195033,2.395886,0.033439,-0.002089,-0.081410,-0.063399,-0.079640,0.185277,0.506835,0.332219,-0.099874,-0.099874,0.705952,204205.000000,13004475.363000,-0.024169
2018-04-26,71.750000,71.750000,66.550003,66.900002,573800,0.000000,0.000000,71.750000,71.750000,66.550003,66.900002,73.787500,73.920000,73.163800,65.669400,72.892884,73.661783,-0.768899,-0.095549,-0.673350,31.994206,73.787500,78.968221,68.606780,-0.164724,2.596179,0.038807,-0.066294,-0.119157,-0.094723,-0.159548,0.098522,0.406940,0.384968,-0.159548,-0.159548,0.592857,222160.000000,38387221.147600,-0.120083
2018-04-27,70.050003,71.830002,66.349998,67.150002,492000,0.000000,0.000000,70.050003,71.830002,66.349998,67.150002,73.387500,73.783000,73.180800,65.734650,72.009363,73.179429,-1.170065,-0.310452,-0.859613,32.885179,73.387500,79.307837,67.467164,-0.026786,2.802167,0.041730,0.003737,-0.090724,-0.087016,-0.140755,0.102627,0.391710,0.386004,-0.156407,-0.156407,0.598810,235530.000000,33037800.984000,-0.089332
2018-04-30,67.099998,68.080002,65.500000,66.050003,347800,0.000000,0.000000,67.099998,68.080002,65.500000,66.050003,72.992501,73.637000,73.163800,65.798400,71.092539,72.651323,-1.558784,-0.560119,-0.998666,30.962980,72.992501,79.749817,66.235184,-0.013702,2.786298,0.042185,-0.016381,-0.111036,-0.121091,-0.144430,0.055955,0.371755,0.376381,-0.170226,-0.170226,0.572619,242660.000000,22972191.043400,-0.090825
2018-05-01,67.199997,67.199997,65.349998,66.199997,294900,0.000000,0.000000,67.199997,67.199997,65.349998,66.199997,72.502501,73.480000,73.159800,65.861650,70.339840,72.173447,-1.833607,-0.814816,-1.018791,31.550516,72.502501,79.745389,65.259612,0.064918,2.719419,0.041079,0.002271,-0.077995,-0.104801,-0.137459,-0.001508,0.404030,0.375509,-0.168342,-0.168342,0.576190,248045.000000,19522379.115300,-0.100745
2018-05-02,66.550003,69.430000,66.050003,69.300003,379800,0.000000,0.000000,66.550003,69.430000,66.050003,69.300003,72.200001,73.424000,73.176800,65.945150,70.179865,71.960599,-1.780734,-1.008000,-0.772734,42.451375,72.200001,79.447504,64.952497,0.299931,2.766603,0.039922,0.046828,-0.032798,-0.088158,-0.082727,0.076923,0.487125,0.401418,-0.129397,-0.129397,0.650000,253875.000000,26320141.139400,-0.040821
2018-05-03,69.000000,70.150002,67.750000,69.300003,299400,0.000000,0.000000,69.000000,70.150002,67.750000,69.300003,71.952501,73.353000,73.186300,66.032400,70.044502,71.763518,-1.719016,-1.150203,-0.568813,42.451375,71.952501,79.243192,64.661810,0.318090,2.740418,0.039544,0.000000,0.035874,-0.080292,-0.095300,0.069444,0.519737,0.401310,-0.129397,-0.129397,0.650000,251220.000000,20748420.898200,-0.054992
2018-05-04,69.150002,71.150002,67.709999,70.300003,155700,0.000000,0.000000,69.150002,71.150002,67.709999,70.300003,71.867501,73.294000,73.201300,66.122400,70.083810,71.655110,-1.571300,-1.234423,-0.336877,45.687302,71.867501,79.195405,64.539597,0.393046,2.790388,0.039693,0.014430,0.046910,-0.053199,-0.087605,0.091615,0.550166,0.403940,-0.116834,-0.116834,0.673810,245575.000000,10945710.467100,-0.083279
2018-05-07,70.449997,71.900002,70.050003,71.699997,160000,0.000000,0.000000,70.449997,71.900002,70.050003,71.699997,71.897501,73.247000,73.238800,66.222650,70.332454,71.658435,-1.325981,-1.252734,-0.073247,49.931893,71.897501,79.217083,64.577919,0.486509,2.723217,0.037981,0.019915,0.085541,-0.004167,-0.015516,0.097169,0.589800,0.397463,-0.099246,-0.099246,0.707143,243550.000000,11471999.520000,-0.058240
2018-05-08,71.599998,73.699997,71.309998,73.599998,240600,0.000000,0.000000,71.599998,73.699997,71.309998,73.599998,72.012501,73.247000,73.293300,66.331400,70.835153,71.802254,-0.967101,-1.195608,0.228506,55.064482,72.012501,79.364755,64.660246,0.607960,2.699416,0.036677,0.026499,0.111782,0.035162,0.003408,0.134052,0.661400,0.404774,-0.075377,-0.075377,0.752381,236380.000000,17708159.518800,-0.017815
2018-05-09,73.800003,74.900002,72.800003,74.500000,174000,0.000000,0.000000,73.800003,74.900002,72.800003,74.500000,72.097501,73.285000,73.348300,66.442900,71.398976,72.002087,-0.603112,-1.077108,0.473997,57.297553,72.097501,79.526991,64.668010,0.661687,2.656601,0.035659,0.012228,0.075036,0.044881,0.013605,0.158631,0.679820,0.406335,-0.064070,-0.064070,0.773810,234535.000000,12963000.000000,-0.027224
2018-05-10,74.800003,75.750000,74.250000,74.900002,147400,0.000000,0.000000,74.800003,75.750000,74.250000,74.900002,72.162501,73.330000,73.415300,66.548900,71.937595,72.216747,-0.279152,-0.917517,0.638365,58.289663,72.162501,79.669681,64.655321,0.682326,2.573986,0.034366,0.005369,0.080808,0.028846,0.057163,0.178600,0.685039,0.400872,-0.059045,-0.059045,0.783333,234120.000000,11040260.294800,-0.035473
2018-05-11,75.050003,77.150002,74.779999,76.949997,181100,0.000000,0.000000,75.050003,77.150002,74.779999,76.949997,72.325001,73.447000,73.488800,66.665650,72.708734,72.567359,0.141375,-0.705739,0.847114,63.030218,72.325001,80.107943,64.542058,0.797124,2.559416,0.033261,0.027370,0.094595,0.045516,0.099286,0.228252,0.762886,0.409595,-0.033291,-0.033291,0.832143,236200.000000,13935644.456700,0.022423
2018-05-14,76.699997,77.550003,75.550003,76.900002,201300,0.000000,0.000000,76.699997,77.550003,75.550003,76.900002,72.342501,73.571000,73.556800,66.791150,73.353544,72.888295,0.465249,-0.471541,0.936790,62.842633,72.342501,80.166906,64.518095,0.791236,2.519458,0.032763,-0.000650,0.072524,0.043419,0.095442,0.242326,0.796729,0.409721,-0.033920,-0.033920,0.830952,238385.000000,15479970.402600,0.033946
2018-05-15,76.300003,76.500000,74.449997,74.849998,337900,0.000000,0.000000,76.300003,76.500000,74.449997,74.849998,72.207500,73.658000,73.610300,66.891900,73.583768,73.033606,0.550162,-0.267201,0.817362,55.543139,72.207500,79.741371,64.673630,0.675374,2.514497,0.033594,-0.026658,0.016984,-0.022208,0.046853,0.224039,0.732639,0.399107,-0.059673,-0.059673,0.782143,246310.000000,25291814.324200,-0.001357
2018-05-16,75.099998,76.349998,74.970001,75.650002,136900,0.000000,0.000000,75.099998,76.349998,74.970001,75.650002,72.090001,73.754000,73.670800,66.998400,73.901650,73.227413,0.674237,-0.078913,0.753150,57.612327,72.090001,79.310263,64.869738,0.746529,2.442033,0.032281,0.010688,0.015436,-0.024500,0.022297,0.237122,0.723235,0.398154,-0.049623,-0.049623,0.801191,243185.000000,10356485.273800,-0.013354
2018-05-17,75.699997,77.330002,75.699997,76.099998,166300,0.000000,0.000000,75.699997,77.330002,75.699997,76.099998,72.097501,73.854000,73.739300,67.110150,74.239857,73.440198,0.799660,0.096801,0.702858,58.774650,72.097501,79.334937,64.860065,0.776513,2.387602,0.031375,0.005948,0.016021,-0.024359,0.037491,0.216627,0.811905,0.398185,-0.043970,-0.043970,0.775963,243160.000000,12655429.667400,0.020122
2018-05-18,76.099998,77.550003,75.949997,76.699997,190200,0.000000,0.000000,76.099998,77.550003,75.949997,76.699997,72.240001,73.937000,73.798300,67.225150,74.618340,73.681664,0.936676,0.264776,0.671900,60.336381,72.240001,79.730526,64.749475,0.797709,2.331345,0.030396,0.007884,-0.003249,0.009875,0.035787,0.265677,0.789965,0.388175,-0.036432,-0.036432,0.757159,244825.000000,14588339.429400,0.019919
2018-05-21,77.349998,80.400002,77.349998,80.349998,306600,0.000000,0.000000,77.349998,80.400002,77.349998,80.349998,72.542500,74.022000,73.897800,67.361400,75.500134,74.175615,1.324519,0.476725,0.847794,68.222869,72.542500,80.829601,64.255399,0.971063,2.429106,0.030232,0.047588,0.044863,0.088016,0.114424,0.307567,0.840779,0.405895,0.000000,0.000000,0.819932,256605.000000,24635309.386800,0.092345
2018-05-22,80.250000,80.900002,78.449997,78.599998,177500,0.000000,0.000000,80.250000,80.900002,78.449997,78.599998,72.882500,74.068000,73.978300,67.487150,75.977036,74.503347,1.473689,0.676118,0.797571,61.870912,72.882500,81.588713,64.176287,0.828357,2.430599,0.030924,-0.021780,0.050100,0.057873,0.078929,0.290640,0.780294,0.415742,-0.021780,-0.021780,0.738938,257235.000000,13951499.645000,0.056731
2018-05-23,78.500000,79.470001,77.550003,79.250000,115000,0.000000,0.000000,78.500000,79.470001,77.550003,79.250000,73.262500,74.126000,74.055800,67.615150,76.480569,74.854951,1.625618,0.866018,0.759600,63.239948,73.262500,82.395196,64.129804,0.827806,2.394128,0.030210,0.008270,0.047588,0.103760,0.081911,0.278226,0.753319,0.393957,-0.013690,-0.013690,0.732240,253910.000000,9113750.000000,0.051971
2018-05-24,78.949997,81.750000,78.949997,81.580002,206300,0.000000,0.000000,78.949997,81.750000,78.949997,81.580002,73.996500,74.233600,74.164100,67.758300,77.265097,75.353103,1.911994,1.075213,0.836781,67.714888,73.996500,83.333506,64.659494,0.906099,2.423119,0.029702,0.029401,0.072011,0.138590,0.101688,0.272699,0.783169,0.401832,0.000000,0.000000,0.765801,235535.000000,16829954.412600,0.089825
2018-05-25,81.250000,82.800003,79.250000,82.250000,171700,0.000000,0.000000,81.250000,82.800003,79.250000,82.250000,74.751500,74.355600,74.271600,67.903050,78.032005,75.863984,2.168021,1.293775,0.874246,68.887743,74.751500,84.198847,65.304153,0.896857,2.503611,0.030439,0.008213,0.072360,0.229447,0.117527,0.292223,0.753731,0.302313,0.000000,0.000000,0.780303,219520.000000,14122325.000000,0.115858
2018-05-29,82.099998,83.349998,81.000000,82.000000,195100,0.000000,0.000000,82.099998,83.349998,81.000000,82.000000,75.549000,74.469600,74.381100,68.048300,78.642466,76.318504,2.323962,1.499812,0.824150,67.896589,75.549000,84.587553,66.510447,0.856860,2.492638,0.030398,-0.003040,0.020535,0.221147,0.129477,0.294396,0.774892,0.304997,-0.003040,-0.003040,0.774892,211885.000000,15998200.000000,0.120440
2018-05-30,82.500000,84.449997,82.500000,84.050003,202000,0.000000,0.000000,82.500000,84.449997,82.500000,84.050003,76.441500,74.633600,74.509600,68.199550,79.474395,76.891207,2.583187,1.716487,0.866700,71.515716,76.441500,85.110688,67.772312,0.938824,2.489592,0.029620,0.025000,0.069338,0.272521,0.156917,0.326756,0.817297,0.293836,0.000000,0.000000,0.819264,207240.000000,16978100.606000,0.130870
2018-05-31,84.150002,84.449997,81.720001,82.400002,211600,0.000000,0.000000,84.150002,84.449997,81.720001,82.400002,77.096500,74.737600,74.623100,68.341550,79.924488,77.299266,2.625222,1.898234,0.726988,65.149543,77.096500,85.468228,68.724772,0.816751,2.506764,0.030422,-0.019631,0.039748,0.244713,0.158931,0.283489,0.783550,0.311933,-0.019631,-0.019631,0.770140,198830.000000,17435840.423200,0.122505
2018-06-01,82.949997,83.750000,81.830002,82.500000,294000,0.000000,0.000000,82.949997,83.750000,81.830002,82.500000,77.756500,74.838600,74.730600,68.481050,80.320721,77.684506,2.636215,2.045830,0.590385,65.350851,77.756500,85.605176,69.907824,0.802185,2.464852,0.029877,0.001214,0.011277,0.190476,0.166902,0.259542,0.753454,0.284072,-0.018441,-0.018441,0.772288,198560.000000,24255000.000000,0.126056
2018-06-04,82.849998,84.279999,79.199997,80.150002,242100,0.000000,0.000000,82.849998,84.279999,79.199997,80.150002,78.249000,74.942600,74.794600,68.615550,80.294456,77.867135,2.427321,2.122129,0.305193,57.015789,78.249000,85.325819,71.172181,0.634312,2.651649,0.033084,-0.028485,-0.025532,0.156566,0.136879,0.218085,0.640737,0.310687,-0.046401,-0.046401,0.721805,202880.000000,19404315.484200,0.099264
2018-06-05,80.000000,81.900002,78.629997,80.199997,274800,0.000000,0.000000,80.000000,81.900002,78.629997,80.199997,78.674000,75.063600,74.856600,68.752550,80.279924,78.039940,2.239984,2.145700,0.094285,57.141029,78.674000,85.084369,72.263631,0.619026,2.695817,0.033614,0.000624,-0.021951,0.140825,0.131969,0.225363,0.628426,0.310282,-0.045806,-0.045806,0.722879,208620.000000,22038959.175600,0.095907
2018-06-06,80.349998,80.849998,78.300003,80.050003,216400,0.000000,0.000000,80.349998,80.849998,78.300003,80.050003,78.996500,75.134600,74.899600,68.889550,80.244552,78.188833,2.055718,2.127703,-0.071985,56.608130,78.996500,84.965873,73.027127,0.588242,2.685401,0.033547,-0.001870,-0.047591,0.116458,0.125879,0.181550,0.620445,0.307557,-0.047591,-0.047591,0.719656,207410.000000,17322820.649200,0.086322
2018-06-07,80.500000,83.150002,80.500000,82.750000,176700,0.000000,0.000000,80.500000,83.150002,80.500000,82.750000,79.409000,75.311600,74.968600,69.043550,80.630005,78.526697,2.103308,2.122824,-0.019517,63.251787,79.409000,85.207836,73.610164,0.788075,2.715015,0.032810,0.033729,0.004248,0.124321,0.140593,0.242493,0.658317,0.314732,-0.015467,-0.015467,0.777658,207545.000000,14621925.000000,0.112709
2018-06-08,82.599998,83.879997,82.500000,83.650002,207600,0.000000,0.000000,82.599998,83.879997,82.500000,83.650002,79.846500,75.513600,75.049600,69.201050,81.094620,78.906202,2.188419,2.135943,0.052475,65.166321,79.846500,85.532175,74.160825,0.834481,2.619657,0.031317,0.010876,0.013939,0.122819,0.099212,0.237426,0.656436,0.314417,-0.004759,-0.004759,0.796993,210555.000000,17365740.415200,0.088009
2018-06-11,83.900002,86.849998,83.900002,85.900002,182900,0.000000,0.000000,83.900002,86.849998,83.900002,85.900002,80.294000,75.728600,75.147100,69.371300,81.833910,79.424261,2.409649,2.190684,0.218965,69.451253,80.294000,86.412183,74.175817,0.958143,2.661110,0.030979,0.026898,0.071740,0.146862,0.125819,0.256767,0.702676,0.322849,0.000000,0.000000,0.845328,210645.000000,15711110.365800,0.116382
2018-06-12,86.300003,87.050003,85.699997,86.699997,153200,0.000000,0.000000,86.300003,87.050003,85.699997,86.699997,80.784000,75.983600,75.236600,69.548050,82.582538,79.963204,2.619334,2.276414,0.342920,70.825417,80.784000,87.313582,74.254418,0.953015,2.567459,0.029613,0.009313,0.081047,0.126706,0.135560,0.260174,0.698335,0.314257,0.000000,0.000000,0.862513,208240.000000,13282439.540400,0.109894
2018-06-13,86.199997,86.699997,84.050003,84.050003,265200,0.000000,0.000000,86.199997,86.699997,84.050003,84.050003,81.244000,76.144600,75.296100,69.705050,82.808302,80.265930,2.542372,2.329606,0.212766,61.031788,81.244000,87.291892,75.196108,0.731982,2.573355,0.030617,-0.030565,0.049969,0.092978,0.103018,0.236939,0.613244,0.338262,-0.030565,-0.030565,0.805585,204605.000000,22290060.795600,0.076488
2018-06-14,84.550003,84.550003,82.599998,82.800003,249400,0.000000,0.000000,84.550003,84.550003,82.599998,82.800003,81.601500,76.293600,75.345600,69.850800,82.807025,80.453639,2.353386,2.334362,0.019024,57.026092,81.601500,87.075130,76.127871,0.609480,2.528830,0.030541,-0.014872,0.000604,0.106212,0.087328,0.214967,0.636364,0.326874,-0.044983,-0.044983,0.778733,210230.000000,20650320.748200,0.049997
2018-06-15,82.500000,84.849998,81.949997,84.099998,339300,0.000000,0.000000,82.500000,84.849998,81.949997,84.099998,82.001500,76.490600,75.404600,69.999300,83.005944,80.723740,2.282204,2.323930,-0.041726,59.968735,82.001500,86.923821,77.079179,0.713161,2.555342,0.030385,0.015700,0.005380,0.111699,0.102228,0.218841,0.665346,0.328427,-0.029988,-0.029988,0.806660,218880.000000,28535129.321400,0.066891
2018-06-18,82.050003,84.400002,81.199997,83.500000,333900,0.000000,0.000000,82.050003,84.400002,81.199997,83.500000,82.341500,76.720600,75.461100,70.136050,83.081953,80.929389,2.152564,2.289657,-0.137093,57.994880,82.341500,86.619141,78.063860,0.635413,2.601389,0.031154,-0.007134,-0.027939,0.097241,0.100857,0.224340,0.678392,0.331195,-0.036909,-0.036909,0.793770,226065.000000,27880650.000000,0.046013
2018-06-19,83.550003,84.400002,80.500000,81.849998,302300,0.000000,0.000000,83.550003,84.400002,80.500000,81.849998,82.416500,76.935600,75.483600,70.262550,82.892421,80.997582,1.894839,2.210694,-0.315854,52.843742,82.416500,86.598655,78.234346,0.432271,2.694147,0.032916,-0.019761,-0.055940,0.067145,0.060233,0.176006,0.655207,0.341464,-0.055940,-0.055940,0.758324,225850.000000,24743254.395400,0.011174
2018-06-20,80.830002,83.000000,79.349998,82.599998,361500,0.000000,0.000000,80.830002,83.000000,79.349998,82.599998,82.616501,77.161600,75.528100,70.387800,82.847433,81.116279,1.731154,2.114786,-0.383632,54.808599,82.616501,86.393089,78.839912,0.497815,2.762423,0.033443,0.009163,-0.017252,0.028002,0.066495,0.178317,0.731656,0.302405,-0.047289,-0.047289,0.774436,235050.000000,29859899.277000,0.007107
2018-06-21,82.699997,82.699997,81.080002,81.699997,211300,0.000000,0.000000,82.699997,82.699997,81.080002,81.699997,82.739000,77.339600,75.573100,70.507800,82.670905,81.159518,1.511387,1.994106,-0.482719,52.008140,82.739000,86.201703,79.276298,0.349972,2.680821,0.032813,-0.010896,-0.013285,0.039440,0.090060,0.175540,0.736451,0.294089,-0.057670,-0.057670,0.755102,239865.000000,17263209.366100,0.013836
2018-06-22,82.500000,83.750000,81.699997,82.750000,561900,0.000000,0.000000,82.500000,83.750000,81.699997,82.750000,82.797500,77.522600,75.633100,70.630300,82.683073,81.277331,1.405742,1.876433,-0.470691,54.903205,82.797500,86.217022,79.377978,0.493055,2.635762,0.031852,0.012852,-0.016052,0.044164,0.115981,0.188937,0.777658,0.295742,-0.045559,-0.045559,0.751323,257645.000000,46497225.000000,0.015855
2018-06-25,82.300003,82.300003,79.000000,79.599998,200800,0.000000,0.000000,82.300003,82.300003,79.000000,79.599998,82.665000,77.640600,75.673600,70.736800,82.208754,81.153084,1.055669,1.712280,-0.656611,45.948227,82.665000,86.367503,78.962497,0.086091,2.715351,0.034112,-0.038066,-0.046707,-0.024271,0.040523,0.149458,0.684656,0.309648,-0.081892,-0.081892,0.663532,259100.000000,15983679.598400,-0.002614
2018-06-26,79.750000,80.400002,78.849998,79.949997,168800,0.000000,0.000000,79.750000,80.400002,78.849998,79.949997,82.562500,77.708600,75.707100,70.845050,81.861253,81.063967,0.797286,1.529281,-0.731995,46.982947,82.562500,86.451334,78.673666,0.164102,2.632112,0.032922,0.004397,-0.023213,-0.027964,0.081867,0.129237,0.670846,0.308500,-0.077855,-0.077855,0.631633,257785.000000,13495559.493600,0.002992
2018-06-27,80.099998,81.300003,79.400002,79.900002,232300,0.000000,0.000000,80.099998,81.300003,79.400002,79.900002,82.355000,77.755600,75.735600,70.957550,81.559522,80.977747,0.581775,1.339780,-0.758005,46.844998,82.355000,86.351038,78.358962,0.192821,2.579818,0.032288,-0.000625,-0.032688,-0.025610,0.086336,0.134943,0.630612,0.308429,-0.078431,-0.078431,0.589101,259300.000000,18560770.464600,0.014983
2018-06-28,79.849998,81.150002,78.900002,81.150002,227300,0.000000,0.000000,79.849998,81.150002,78.900002,81.150002,82.292500,77.818600,75.818800,71.075300,81.496519,80.990507,0.506012,1.173026,-0.667014,50.739463,82.292500,86.324513,78.260486,0.358322,2.556260,0.031500,0.015645,-0.006732,-0.034503,0.079840,0.150248,0.613962,0.300060,-0.064014,-0.064014,0.595870,260085.000000,18445395.454600,0.017515
2018-06-29,81.449997,82.150002,80.650002,80.849998,156700,0.000000,0.000000,81.449997,82.150002,80.650002,80.849998,82.210000,77.916600,75.893800,71.194050,81.397054,80.980099,0.416955,1.021812,-0.604857,49.796479,82.210000,86.291357,78.128643,0.333389,2.480812,0.030684,-0.003697,-0.022961,-0.018811,0.093306,0.130769,0.589971,0.292920,-0.067474,-0.067474,0.576023,253220.000000,12669194.686600,0.000123
2018-07-02,80.250000,81.349998,80.050003,80.449997,195300,0.000000,0.000000,80.250000,81.349998,80.050003,80.449997,82.225000,78.048600,75.963300,71.308550,81.251353,80.940832,0.310521,0.879554,-0.569033,48.502170,82.225000,86.276576,78.173423,0.280949,2.396468,0.029788,-0.004947,0.010678,-0.024849,0.058553,0.137102,0.568226,0.293180,-0.072088,-0.072088,0.566699,250880.000000,15711884.414100,-0.031692
2018-07-03,80.900002,81.699997,79.599998,79.750000,89000,0.000000,0.000000,80.900002,81.699997,79.599998,79.750000,82.202500,78.157600,76.052300,71.413800,81.020376,80.852622,0.167753,0.737194,-0.569440,46.237258,82.202500,86.306090,78.098910,0.201176,2.375292,0.029784,-0.008701,-0.002502,-0.004991,0.058394,0.115385,0.530710,0.277427,-0.080161,-0.080161,0.553067,241590.000000,7097750.000000,-0.007007
2018-07-05,80.550003,80.550003,78.750000,79.550003,216600,0.000000,0.000000,80.550003,80.550003,78.750000,79.550003,82.177500,78.312600,76.147800,71.514800,80.794164,80.756132,0.038033,0.597362,-0.559329,45.582323,82.177500,86.341945,78.013054,0.184532,2.334200,0.029343,-0.002508,-0.004380,-0.008105,0.071381,0.119634,0.508057,0.277537,-0.082468,-0.082468,0.549172,241600.000000,17230530.649800,-0.000672
2018-07-06,79.599998,82.000000,78.949997,80.900002,169300,0.000000,0.000000,79.599998,82.000000,78.949997,80.900002,82.085000,78.497600,76.254800,71.623050,80.810447,80.766789,0.043658,0.486621,-0.442963,50.662494,82.085000,86.277989,77.892011,0.358693,2.385329,0.029485,0.016970,-0.003081,0.010618,0.123611,0.136236,0.557267,0.283748,-0.066897,-0.066897,0.575463,241230.000000,13696370.338600,0.011786
2018-07-09,81.699997,82.279999,80.750000,81.949997,282500,0.000000,0.000000,81.699997,82.279999,80.750000,81.949997,82.000000,78.798600,76.359300,71.734300,80.985762,80.854434,0.131329,0.415562,-0.284234,54.240630,82.000000,86.127826,77.872174,0.493943,2.324234,0.028362,0.012979,0.013605,-0.009668,0.152602,0.153413,0.547686,0.261507,-0.054787,-0.054787,0.595910,244975.000000,23150874.152500,0.036656
2018-07-10,82.250000,82.900002,78.699997,79.250000,222600,0.000000,0.000000,82.250000,82.900002,78.699997,79.250000,81.667499,79.040600,76.411800,71.829550,80.718722,80.735587,-0.016865,0.329077,-0.345942,45.169078,81.667499,85.535760,77.799239,0.187521,2.458217,0.031019,-0.032947,-0.014916,-0.052600,0.111501,0.104530,0.492467,0.281164,-0.085928,-0.085928,0.543330,246960.000000,17641050.000000,0.017777
2018-07-11,78.800003,79.250000,75.949997,76.800003,284000,0.000000,0.000000,78.800003,79.250000,75.949997,76.800003,81.172500,79.255600,76.446300,71.909050,80.115842,80.444062,-0.328220,0.197618,-0.525838,38.823910,81.172500,84.858672,77.486328,-0.093095,2.518345,0.032791,-0.030915,-0.036991,-0.105937,0.054945,0.041356,0.481196,0.276496,-0.114187,-0.114187,0.495618,253500.000000,21811200.852000,-0.036663
2018-07-12,77.250000,77.790001,76.199997,77.199997,224800,0.000000,0.000000,77.250000,77.790001,76.199997,77.199997,80.829999,79.475600,76.477800,71.992550,79.667251,80.203761,-0.536510,0.050792,-0.587302,40.298462,80.829999,84.660541,76.999458,0.026176,2.452035,0.031762,0.005208,-0.029541,-0.109573,0.048913,0.043243,0.426987,0.274142,-0.109573,-0.109573,0.503408,251480.000000,17354559.325600,-0.046836
2018-07-13,76.599998,78.349998,75.900002,76.550003,211100,0.000000,0.000000,76.599998,78.349998,75.900002,76.550003,80.517499,79.620600,76.522300,72.072800,79.187674,79.933112,-0.745438,-0.108454,-0.636984,38.667424,80.517499,84.676986,76.358013,0.023079,2.451889,0.032030,-0.008420,-0.053770,-0.089233,0.038670,0.010561,0.436210,0.258799,-0.117070,-0.117070,0.490750,249565.000000,16159705.633300,-0.062549
2018-07-16,77.000000,78.000000,73.400002,74.599998,454400,0.000000,0.000000,77.000000,78.000000,73.400002,74.599998,80.042499,79.726600,76.539800,72.136300,78.481878,79.538067,-1.056189,-0.298001,-0.758188,34.195853,80.042499,84.627402,75.457597,-0.093524,2.605326,0.034924,-0.025474,-0.089689,-0.099034,-0.025474,-0.016480,0.393091,0.266733,-0.139562,-0.139562,0.452775,255320.000000,33898239.091200,-0.116225
2018-07-17,74.800003,76.650002,74.599998,76.349998,231200,0.000000,0.000000,74.800003,76.650002,74.599998,76.349998,79.684999,79.847600,76.570800,72.208300,78.153896,79.301914,-1.148017,-0.468004,-0.680013,40.811046,79.684999,84.249749,75.120250,0.134701,2.565660,0.033604,0.023458,-0.036593,-0.092152,-0.015474,0.010589,0.451521,0.275463,-0.119377,-0.119377,0.486855,250185.000000,17652119.537600,-0.094311
2018-07-18,76.400002,78.650002,76.389999,78.449997,287300,0.000000,0.000000,76.400002,78.650002,76.389999,78.449997,79.514999,79.982600,76.614800,72.287300,78.199450,79.238809,-1.039358,-0.582275,-0.457083,47.616395,79.514999,83.992674,75.037324,0.381076,2.546684,0.032463,0.027505,0.021484,-0.060479,0.005769,0.030203,0.513018,0.296537,-0.095156,-0.095156,0.527751,249435.000000,22538684.138100,-0.070883
2018-07-19,77.949997,79.550003,77.400002,79.300003,125400,0.000000,0.000000,77.949997,79.550003,77.400002,79.300003,79.350000,80.096600,76.671800,72.369800,78.368766,79.243342,-0.874576,-0.640735,-0.233840,50.116478,79.350000,83.585687,75.114312,0.494098,2.518350,0.031757,0.010835,0.027202,-0.031154,0.044108,0.019936,0.516252,0.293410,-0.085352,-0.085352,0.544304,237630.000000,9944220.376200,-0.037024
2018-07-20,79.000000,79.150002,78.000000,78.150002,198200,0.000000,0.000000,79.000000,79.150002,78.000000,78.150002,79.172500,80.169600,76.727300,72.449800,78.335110,79.162353,-0.827243,-0.678037,-0.149207,46.858078,79.172500,83.289406,75.055593,0.375817,2.431325,0.031111,-0.014502,0.020901,-0.053874,0.058226,0.000640,0.513069,0.294186,-0.098616,-0.098616,0.521909,236975.000000,15489330.396400,-0.036100
2018-07-23,78.099998,79.050003,77.900002,78.599998,144100,0.000000,0.000000,78.099998,79.050003,77.900002,78.599998,78.965000,80.243600,76.786800,72.537550,78.375862,79.120698,-0.744835,-0.691397,-0.053439,48.275233,78.965000,82.725613,75.204387,0.451470,2.339802,0.029768,0.005758,0.053619,-0.037944,0.057873,0.009634,0.515911,0.293831,-0.093426,-0.093426,0.530672,216085.000000,11326259.711800,-0.042184
2018-07-24,78.900002,79.650002,74.199997,75.099998,295900,0.000000,0.000000,78.900002,79.650002,74.199997,75.099998,78.740000,80.206600,76.826800,72.614300,77.871883,78.822868,-0.950985,-0.743314,-0.207671,39.460869,78.740000,82.861778,74.618222,0.058443,2.561959,0.034114,-0.044529,-0.016372,-0.092447,0.045961,-0.039642,0.438697,0.323791,-0.133795,-0.133795,0.462512,220840.000000,22222089.408200,-0.072974
2018-07-25,75.199997,77.449997,74.500000,77.199997,295000,0.000000,0.000000,75.199997,77.449997,74.500000,77.199997,78.602500,80.212600,76.891800,72.702050,77.768516,78.702655,-0.934139,-0.781479,-0.152660,45.849461,78.602500,82.737775,74.467224,0.330422,2.589676,0.033545,0.027963,-0.015934,-0.030151,0.077460,-0.008349,0.437616,0.318047,-0.109573,-0.109573,0.503408,227150.000000,22773999.115000,-0.055112
2018-07-26,77.199997,77.199997,72.629997,74.349998,546200,0.000000,0.000000,77.199997,77.199997,72.629997,74.349998,78.325000,80.202600,76.930300,72.776550,77.242590,78.380236,-1.137646,-0.852713,-0.284933,39.722858,78.325000,82.822661,73.827339,0.058103,2.731128,0.036733,-0.036917,-0.062421,-0.070044,0.111360,-0.065955,0.387127,0.340209,-0.142445,-0.142445,0.447907,242845.000000,40609968.907600,0.008321
2018-07-27,74.250000,75.029999,72.599998,72.900002,307300,0.000000,0.000000,74.250000,75.029999,72.599998,72.900002,77.912500,80.147600,76.950800,72.846300,76.574500,77.974293,-1.399793,-0.962129,-0.437665,37.013000,77.912500,82.814365,73.010634,-0.011285,2.709619,0.037169,-0.019502,-0.067179,-0.087610,0.085629,-0.067179,0.407336,0.344643,-0.159169,-0.159169,0.419669,246845.000000,22402170.614600,-0.001118
2018-07-30,72.949997,74.400002,72.949997,73.349998,352000,0.000000,0.000000,72.949997,74.400002,72.949997,73.349998,77.537500,80.092600,76.973300,72.916050,76.078422,77.631753,-1.553330,-1.080369,-0.472961,38.417083,77.537500,82.636713,72.438286,0.089397,2.623218,0.035763,0.006173,-0.066794,-0.096118,0.110522,-0.049870,0.340951,0.339316,-0.153979,-0.153979,0.428432,256610.000000,25819199.296000,0.030745
2018-07-31,73.400002,75.680000,73.099998,75.349998,264400,0.000000,0.000000,73.400002,75.680000,73.099998,75.349998,77.282500,80.065600,77.001300,72.994300,75.966357,77.462734,-1.496377,-1.163571,-0.332806,44.354259,77.282500,82.277474,72.287525,0.306555,2.620131,0.034773,0.027267,0.003329,-0.068027,0.138218,-0.018241,0.386385,0.356834,-0.130911,-0.130911,0.467381,260065.000000,19922539.471200,0.062336
2018-08-01,74.449997,75.550003,68.550003,74.849998,628700,0.000000,0.000000,74.449997,75.550003,68.550003,74.849998,77.037499,79.955600,76.988800,73.081550,75.794610,77.269198,-1.474588,-1.225774,-0.248814,43.232109,77.037499,82.003477,72.071522,0.279751,2.932979,0.039185,-0.006636,-0.030440,-0.069608,0.080087,-0.009265,0.392558,0.356991,-0.136678,-0.136678,0.457644,287050.000000,47058193.742600,-0.005310
2018-08-02,75.050003,76.779999,74.099998,76.449997,291300,0.000000,0.000000,75.050003,76.779999,74.099998,76.449997,76.882499,79.912600,76.990300,73.180550,75.895438,77.208516,-1.313078,-1.243235,-0.069843,47.784594,76.882499,81.709864,72.055134,0.455203,2.914909,0.038128,0.021376,0.028245,-0.041379,0.103175,-0.001958,0.423650,0.366223,-0.118224,-0.118224,0.488802,290785.000000,22269884.126100,0.002367
2018-08-03,76.750000,77.699997,75.300003,75.599998,258200,0.000000,0.000000,76.750000,77.699997,75.300003,75.599998,76.617499,79.839600,76.982800,73.274800,75.849986,77.089367,-1.239381,-1.242464,0.003083,45.688383,76.617499,81.084722,72.150276,0.386115,2.878129,0.038070,-0.011118,0.037037,-0.049654,0.075391,-0.018819,0.423729,0.367658,-0.128028,-0.128028,0.472249,295230.000000,19519919.483600,-0.008162
2018-08-06,75.849998,76.800003,74.750000,76.800003,283500,0.000000,0.000000,75.849998,76.800003,74.750000,76.800003,76.359999,79.744000,76.988800,73.368050,75.996142,77.067932,-1.071790,-1.208329,0.136539,49.084234,76.359999,80.061010,72.658989,0.559444,2.818977,0.036705,0.015873,0.047035,-0.050680,0.071130,0.054511,0.436857,0.366957,-0.114187,-0.114187,0.495618,295280.000000,21772800.850500,-0.010694
2018-08-07,77.150002,77.250000,75.199997,75.599998,209500,0.000000,0.000000,77.150002,77.250000,75.199997,75.599998,76.177499,79.611000,76.983300,73.443300,75.935197,76.959196,-1.023999,-1.171463,0.147464,45.987657,76.177499,79.630108,72.724891,0.416367,2.764050,0.036562,-0.015625,0.003318,-0.077486,0.027174,0.030675,0.409133,0.365407,-0.128028,-0.128028,0.472249,294625.000000,15838199.581000,-0.057699
2018-08-08,75.650002,76.750000,75.000000,76.099998,81700,0.000000,0.000000,75.650002,76.750000,75.000000,76.099998,76.142499,79.493000,76.981300,73.511300,75.960551,76.895552,-0.935001,-1.124171,0.189170,47.474555,76.142499,79.582707,72.702291,0.493823,2.691618,0.035369,0.006614,0.016700,-0.039748,0.021476,0.035374,0.437205,0.350750,-0.122261,-0.122261,0.481986,284510.000000,6217369.836600,-0.053241
2018-08-09,76.250000,77.349998,75.150002,76.699997,197600,0.000000,0.000000,76.250000,77.349998,75.150002,76.699997,76.117499,79.346000,76.989800,73.592550,76.074312,76.881067,-0.806755,-1.060688,0.253933,49.278990,76.117499,79.532525,72.702473,0.585285,2.656502,0.034635,0.007884,0.003270,-0.001302,0.024032,0.082569,0.439024,0.335442,-0.115340,-0.115340,0.493671,283150.000000,15155919.407200,-0.041709
2018-08-10,76.250000,76.949997,75.199997,76.300003,95500,0.000000,0.000000,76.250000,76.949997,75.199997,76.300003,76.104999,79.224000,76.980800,73.669550,76.109034,76.838025,-0.728991,-0.994348,0.265357,48.092840,76.104999,79.515186,72.694812,0.528591,2.591752,0.033968,-0.005215,0.009259,-0.011658,-0.008447,0.090000,0.440982,0.335405,-0.119954,-0.119954,0.485881,277370.000000,7286650.286500,-0.067374
2018-08-13,76.599998,76.599998,74.849998,75.849998,151300,0.000000,0.000000,76.599998,76.599998,74.849998,75.849998,76.167499,79.091000,76.964800,73.744300,76.069182,76.764838,-0.695656,-0.934610,0.238954,46.730070,76.167499,79.506626,72.828372,0.452457,2.531627,0.033377,-0.005898,-0.012370,-0.009144,-0.013654,0.080484,0.409851,0.334753,-0.125144,-0.125144,0.477118,262215.000000,11476104.697400,-0.068758
2018-08-14,76.099998,77.449997,75.330002,76.050003,195600,0.000000,0.000000,76.099998,77.449997,75.330002,76.050003,76.152499,79.009000,76.975800,73.811800,76.066231,76.711887,-0.645655,-0.876819,0.231163,47.442893,76.152499,79.490869,72.814129,0.484649,2.502225,0.032902,0.002637,0.005952,0.019437,0.016032,0.063636,0.408333,0.321957,-0.122837,-0.122837,0.481013,260435.000000,14875380.586800,-0.054600
2018-08-15,75.449997,76.000000,73.500000,75.750000,165900,0.000000,0.000000,75.449997,76.000000,73.500000,75.750000,76.017499,78.920000,76.991800,73.859050,76.017580,76.640636,-0.623056,-0.826066,0.203011,46.439080,76.017499,79.178326,72.856673,0.457685,2.505638,0.033078,-0.003945,-0.004599,-0.007859,0.001322,0.023649,0.387363,0.311829,-0.126298,-0.126298,0.475170,254365.000000,12566925.000000,-0.049476
2018-08-16,76.050003,77.199997,76.050003,76.500000,87100,0.000000,0.000000,76.050003,77.199997,76.050003,76.500000,75.877499,78.849000,76.991800,73.919800,76.091799,76.630219,-0.538420,-0.768537,0.230117,49.325702,75.877499,78.650390,73.104609,0.612248,2.430235,0.031768,0.009901,-0.002608,-0.024857,0.005256,0.042945,0.436620,0.297775,-0.117647,-0.117647,0.489776,252450.000000,6663150.000000,-0.052184
2018-08-17,76.250000,77.449997,75.650002,77.199997,165100,0.000000,0.000000,76.250000,77.449997,75.650002,77.199997,75.829999,78.737999,77.024800,73.981800,76.262291,76.672424,-0.410134,-0.696856,0.286723,51.929686,75.829999,78.468259,73.191738,0.759640,2.385218,0.030897,0.009150,0.011795,-0.026482,0.006519,0.042539,0.462121,0.296985,-0.109573,-0.109573,0.503408,250795.000000,12745719.504700,-0.056300
2018-08-20,77.400002,79.400002,76.750000,77.849998,249900,0.000000,0.000000,77.400002,79.400002,76.750000,77.849998,75.792499,78.621999,77.067800,74.049050,76.506554,76.759652,-0.253099,-0.608105,0.355006,54.279143,75.792499,78.282114,73.302884,0.913216,2.404131,0.030882,0.008420,0.026368,-0.003839,-0.031114,0.079750,0.478632,0.294566,-0.102076,-0.102076,0.516066,256085.000000,19454714.500200,-0.088859
2018-08-21,78.050003,79.849998,78.050003,78.500000,161400,0.000000,0.000000,78.050003,79.849998,78.050003,78.500000,75.962499,78.473999,77.101300,74.114800,76.813238,76.888567,-0.075329,-0.501550,0.426220,56.565333,75.962499,78.704545,73.220453,0.962702,2.375264,0.030258,0.008349,0.032216,-0.001272,-0.001272,0.077557,0.511068,0.295342,-0.094579,-0.094579,0.528724,249360.000000,12669900.000000,-0.066423
2018-08-22,78.349998,78.879997,77.190002,77.949997,85100,0.000000,0.000000,78.349998,78.879997,77.190002,77.949997,75.999999,78.298999,77.141300,74.180050,76.988124,76.967191,0.020932,-0.397053,0.417986,54.100246,75.999999,78.832331,73.167667,0.844239,2.326316,0.029844,-0.007006,0.029043,0.037949,-0.016404,0.064164,0.494727,0.248830,-0.100923,-0.100923,0.518014,238865.000000,6633544.744700,-0.078772
2018-08-23,77.900002,78.150002,76.699997,77.349998,124400,0.000000,0.000000,77.900002,78.150002,76.699997,77.349998,76.149999,78.164999,77.154800,74.245300,77.043797,76.995547,0.048249,-0.307993,0.356242,51.465329,76.149999,78.931706,73.368293,0.715695,2.263723,0.029266,-0.007697,0.011111,0.001943,-0.051851,0.044564,0.491803,0.231838,-0.107843,-0.107843,0.506329,217775.000000,9622339.751200,-0.113004
2018-08-24,77.400002,78.300003,76.949997,77.050003,83400,0.000000,0.000000,77.400002,78.300003,76.949997,77.050003,76.357499,78.049999,77.171800,74.312800,77.044751,76.999581,0.045170,-0.237360,0.282530,50.150141,76.357499,78.703442,74.011556,0.647596,2.198457,0.028533,-0.003878,-0.001943,0.036315,-0.063222,0.046875,0.500487,0.189603,-0.111303,-0.111303,0.463438,206580.000000,6425970.250200,-0.132113
2018-08-27,77.349998,78.900002,77.349998,78.500000,146400,0.000000,0.000000,77.349998,78.900002,77.349998,78.500000,76.614999,77.937999,77.214300,74.392050,77.268636,77.110723,0.157913,-0.158305,0.316218,56.002595,76.614999,78.685367,74.544632,0.955233,2.173567,0.027689,0.018819,0.008349,0.076818,-0.042683,0.081267,0.490978,0.181744,-0.094579,-0.094579,0.463187,196300.000000,11492400.000000,-0.126682
2018-08-28,78.750000,79.500000,77.599998,77.599998,88300,0.000000,0.000000,78.750000,79.500000,77.599998,77.599998,76.727499,77.819999,77.270300,74.470550,77.319615,77.146966,0.172649,-0.092115,0.264764,51.927545,76.727499,78.752468,74.702530,0.715435,2.154027,0.027758,-0.011465,-0.011465,0.057941,-0.076740,0.068135,0.446412,0.188725,-0.104960,-0.104960,0.426470,187495.000000,6852079.823400,-0.152800
2018-08-29,77.849998,79.949997,76.849998,79.650002,181700,0.000000,0.000000,77.849998,79.949997,76.849998,79.650002,76.967499,77.775999,77.355800,74.563050,77.678136,77.332376,0.345760,-0.004540,0.350300,59.208529,76.967499,79.184248,74.750751,1.105053,2.221596,0.027892,0.026418,0.021809,0.057067,-0.033374,0.120253,0.464154,0.187354,-0.081315,-0.081315,0.418522,165145.000000,14472405.363400,-0.123075
2018-08-30,80.150002,80.199997,78.800003,79.000000,160800,0.000000,0.000000,80.150002,80.199997,78.800003,79.000000,77.095000,77.703999,77.432800,74.652300,77.881499,77.455904,0.425596,0.081487,0.344109,56.296984,77.095000,79.473832,74.716167,0.900407,2.162911,0.027379,-0.008161,0.021332,0.055444,-0.042424,0.117398,0.406946,0.188384,-0.088812,-0.088812,0.396994,158620.000000,12703200.000000,-0.113116
2018-08-31,78.750000,79.949997,78.250000,79.250000,113500,0.000000,0.000000,78.750000,79.949997,78.250000,79.250000,77.277500,77.654999,77.497300,74.735800,78.092038,77.588800,0.503238,0.165838,0.337401,57.169360,77.277500,79.732243,74.822756,0.901773,2.129845,0.026875,0.003165,0.028553,0.036625,-0.011229,0.124113,0.401415,0.175698,-0.085928,-0.085928,0.398941,151385.000000,8994875.000000,-0.077368
2018-09-04,78.650002,78.800003,77.449997,78.150002,192700,0.000000,0.000000,78.650002,78.800003,77.449997,78.150002,77.345000,77.562999,77.542800,74.823550,78.100956,77.630370,0.470585,0.226787,0.243798,52.229186,77.345000,79.818629,74.871370,0.662717,2.106285,0.026952,-0.013880,-0.004459,0.033730,-0.025561,0.103035,0.357950,0.178489,-0.098616,-0.098616,0.379523,146845.000000,15059505.385400,-0.084922
2018-09-05,78.000000,80.050003,77.550003,79.250000,141500,0.000000,0.000000,78.000000,80.050003,77.550003,79.250000,77.527500,77.556000,77.598300,74.912550,78.277732,77.750343,0.527389,0.286908,0.240481,56.296261,77.527500,79.997632,75.057367,0.848666,2.134408,0.026933,0.014075,0.021263,0.031901,-0.009994,0.114627,0.373484,0.176784,-0.085928,-0.085928,0.398941,143445.000000,11213875.000000,-0.049781
2018-09-06,79.449997,80.650002,78.550003,78.699997,150600,0.000000,0.000000,79.449997,80.650002,78.550003,78.699997,77.657500,77.531000,77.619800,75.001550,78.342696,77.820687,0.522008,0.333928,0.188080,53.828573,77.657500,80.084600,75.230400,0.714762,2.131950,0.027090,-0.006940,-0.011927,0.041005,-0.048943,0.084769,0.351073,0.168516,-0.092272,-0.092272,0.389232,146890.000000,11852219.548200,-0.086619
2018-09-07,78.349998,80.099998,78.349998,78.849998,141100,0.000000,0.000000,78.349998,80.099998,78.349998,78.849998,77.765000,77.509999,77.632800,75.085800,78.420742,77.896933,0.523809,0.371904,0.151905,54.415443,77.765000,80.203959,75.326040,0.722431,2.104668,0.026692,0.001906,-0.001899,0.036137,-0.057382,0.036137,0.352487,0.167668,-0.090542,-0.090542,0.391880,144065.000000,11125734.717800,-0.091000
2018-09-10,79.300003,83.750000,78.050003,83.599998,302500,0.000000,0.000000,79.300003,83.750000,78.050003,83.599998,78.129999,77.558999,77.688800,75.183300,79.217551,78.319382,0.898169,0.477157,0.421012,68.199721,78.129999,81.609019,74.650980,1.286141,2.361477,0.028247,0.060241,0.054890,0.089961,-0.026775,0.095675,0.433962,0.262883,-0.035755,-0.035755,0.475728,154415.000000,25288999.395000,-0.061270
2018-09-11,83.349998,83.650002,81.349998,81.599998,270900,0.000000,0.000000,83.349998,83.650002,81.349998,81.599998,78.417499,77.573999,77.745300,75.273050,79.584081,78.562391,1.021690,0.586064,0.435627,59.976059,78.417499,82.050139,74.784860,0.938042,2.357086,0.028886,-0.023923,0.044146,0.069463,-0.058824,0.068762,0.421603,0.278862,-0.058824,-0.058824,0.440424,160395.000000,22105439.458200,-0.093700
2018-09-12,81.750000,82.199997,79.650002,81.400002,227700,0.000000,0.000000,81.750000,82.199997,79.650002,81.400002,78.684999,77.592999,77.820800,75.363300,79.863453,78.772584,1.090869,0.687025,0.403845,59.207223,78.684999,82.371118,74.998880,0.868274,2.370865,0.029126,-0.002451,0.027129,0.073171,-0.031529,0.068242,0.413195,0.277676,-0.061130,-0.061130,0.436893,162000.000000,18534780.455400,-0.065123
2018-09-13,81.800003,82.099998,80.000000,80.400002,122900,0.000000,0.000000,81.800003,82.099998,80.000000,80.400002,78.917499,77.605999,77.881800,75.448550,79.945999,78.893133,1.052866,0.760193,0.292673,55.384218,78.917499,82.405415,75.429584,0.712520,2.351518,0.029248,-0.012285,0.021601,0.057199,-0.028986,0.055811,0.408056,0.283027,-0.072664,-0.072664,0.419241,159850.000000,9881160.245800,-0.061542
2018-09-14,80.449997,82.050003,79.550003,81.400002,150600,0.000000,0.000000,80.449997,82.050003,79.550003,81.400002,79.162500,77.642999,77.977800,75.534550,80.169692,79.078827,1.090865,0.826327,0.264537,58.284950,79.162500,82.623695,75.701304,0.823227,2.362123,0.029019,0.012438,0.032340,0.074587,-0.032105,0.066841,0.414422,0.283796,-0.061130,-0.061130,0.436893,163025.000000,12258840.301200,-0.066141
2018-09-17,81.449997,81.449997,78.800003,79.699997,117900,0.000000,0.000000,81.449997,81.449997,78.800003,79.699997,79.287500,77.618999,78.058300,75.605550,80.097431,79.124840,0.972591,0.855580,0.117011,52.085275,79.287500,82.628769,75.946230,0.561728,2.382686,0.029896,-0.020885,-0.046651,0.041830,-0.045509,0.050758,0.357751,0.294975,-0.080738,-0.080738,0.406884,160665.000000,9396629.646300,-0.064711
2018-09-18,79.550003,81.699997,78.800003,80.000000,162500,0.000000,0.000000,79.550003,81.699997,78.800003,80.000000,79.395000,77.579999,78.189300,75.676550,80.082442,79.189667,0.892775,0.863019,0.029756,53.034677,79.395000,82.679397,76.110603,0.592102,2.419636,0.030245,0.003764,-0.019608,0.036269,-0.022602,0.036269,0.347936,0.293944,-0.077278,-0.077278,0.412180,156295.000000,13000000.000000,-0.052441
2018-09-19,80.000000,80.849998,78.800003,79.650002,225200,0.000000,0.000000,80.000000,80.849998,78.800003,79.650002,79.452500,77.587999,78.314300,75.747550,80.015913,79.223766,0.792147,0.848845,-0.056698,51.746468,79.452500,82.711088,76.193912,0.530305,2.393233,0.030047,-0.004375,-0.021499,0.023121,-0.035714,0.028405,0.344304,0.293687,-0.081315,-0.081315,0.406002,159485.000000,17937180.450400,-0.057372
2018-09-20,80.199997,80.250000,78.900002,79.150002,231100,0.000000,0.000000,80.199997,80.250000,78.900002,79.150002,79.512500,77.634999,78.445300,75.804550,79.882696,79.218302,0.664394,0.811955,-0.147561,49.882395,79.512500,82.697973,76.327027,0.443101,2.318716,0.029295,-0.006277,-0.015547,0.008280,-0.031212,0.056037,0.325796,0.293602,-0.087082,-0.087082,0.397176,166785.000000,18291565.462200,-0.072088
2018-09-21,79.349998,80.000000,77.150002,77.250000,409500,0.000000,0.000000,79.349998,80.000000,77.150002,77.250000,79.507500,77.636000,78.555800,75.857800,79.477666,79.072502,0.405164,0.730596,-0.325432,43.473600,79.507500,82.707545,76.307455,0.147271,2.356665,0.030507,-0.024005,-0.050983,-0.008980,-0.066465,0.041807,0.283223,0.304808,-0.108997,-0.108997,0.363636,181040.000000,31633875.000000,-0.104701
2018-09-24,76.900002,77.500000,75.099998,77.000000,246300,0.000000,0.000000,76.900002,77.500000,75.099998,77.000000,79.505000,77.644999,78.632800,75.904800,79.096486,78.918983,0.177503,0.619978,-0.442475,42.696298,79.505000,82.713197,76.296803,0.109594,2.359761,0.030646,-0.003236,-0.033877,-0.004525,-0.032663,0.006536,0.264368,0.303826,-0.111880,-0.111880,0.359223,189185.000000,18965100.000000,-0.093901
2018-09-25,77.300003,77.599998,76.050003,77.400002,212800,0.000000,0.000000,77.300003,77.599998,76.050003,77.400002,79.450000,77.701000,78.713800,75.950050,78.835489,78.806466,0.029023,0.501787,-0.472764,44.408976,79.450000,82.766625,76.133376,0.190951,2.301920,0.029741,0.005195,-0.032500,0.004542,-0.031895,0.047361,0.279339,0.304009,-0.107266,-0.107266,0.366284,192505.000000,16470720.425600,-0.090856
2018-09-26,77.449997,79.000000,76.949997,77.849998,131800,0.000000,0.000000,77.449997,79.000000,76.949997,77.849998,79.462500,77.731000,78.789300,75.995300,78.683875,78.735616,-0.051742,0.391081,-0.442823,46.351567,79.462500,82.751537,76.173464,0.254867,2.283926,0.029338,0.005814,-0.022599,-0.008280,-0.025657,0.058464,0.286777,0.297339,-0.102076,-0.102076,0.374228,194680.000000,10260629.736400,-0.098899
2018-09-27,77.699997,77.900002,76.300003,76.500000,125800,0.000000,0.000000,77.699997,77.900002,76.300003,76.500000,79.305000,77.692000,78.837300,76.038050,78.347894,78.570015,-0.222121,0.268441,-0.490562,41.649434,79.305000,82.848103,75.761897,0.104161,2.235074,0.029217,-0.017341,-0.033481,-0.014175,-0.057301,0.017964,0.235864,0.300813,-0.117647,-0.117647,0.350397,191885.000000,9623700.000000,-0.129038
2018-09-28,76.300003,76.900002,75.790001,76.449997,142100,0.000000,0.000000,76.300003,76.900002,75.790001,76.449997,79.177500,77.634999,78.865800,76.079550,78.055910,78.412977,-0.357067,0.143339,-0.500406,41.481579,79.177500,82.943340,75.411659,0.137863,2.154712,0.028185,-0.000654,-0.010356,-0.040176,-0.054422,0.033807,0.234060,0.284449,-0.118224,-0.118224,0.349514,190950.000000,10863544.573700,-0.125797
2018-10-01,76.739998,76.970001,75.510002,76.000000,145200,0.000000,0.000000,76.739998,76.970001,75.510002,76.000000,79.015000,77.591999,78.880800,76.114550,77.739616,78.234238,-0.494622,0.015747,-0.510369,39.922251,79.015000,83.039282,74.990718,0.125399,2.105090,0.027699,-0.005886,-0.012987,-0.037975,-0.055314,0.000000,0.213089,0.283917,-0.123414,-0.123414,0.341571,192535.000000,11035200.000000,-0.117368
2018-10-02,75.760002,76.510002,72.720001,72.769997,134200,0.000000,0.000000,75.760002,76.510002,72.720001,72.769997,78.746000,77.475399,78.859500,76.137400,76.975059,77.829479,-0.854420,-0.158286,-0.696134,30.933660,78.746000,83.639177,73.852822,-0.110646,2.225440,0.030582,-0.042500,-0.059819,-0.081767,-0.087524,-0.034240,0.158758,0.316296,-0.160669,-0.160669,0.284554,189610.000000,9765733.597400,-0.153751
2018-10-03,72.970001,74.220001,72.580002,73.699997,125200,0.000000,0.000000,72.970001,74.220001,72.580002,73.699997,78.468499,77.447399,78.827000,76.157900,76.471204,77.523592,-1.052388,-0.337107,-0.715281,35.440784,78.468499,83.846782,73.090217,0.056689,2.183623,0.029629,0.012780,-0.053308,-0.056942,-0.073539,-0.007407,0.185841,0.319131,-0.149942,-0.149942,0.300971,188795.000000,9227239.624400,-0.131360
2018-10-04,73.459999,74.000000,71.019997,71.339996,142600,0.000000,0.000000,73.459999,74.000000,71.019997,71.339996,78.100499,77.330199,78.771400,76.164100,75.681787,77.065547,-1.383760,-0.546437,-0.837323,30.076892,78.100499,84.348895,71.852104,-0.040979,2.240507,0.031406,-0.032022,-0.067451,-0.099811,-0.118171,-0.009167,0.168550,0.328597,-0.177163,-0.177163,0.259311,188395.000000,10173083.429600,-0.143029
2018-10-05,71.559998,71.559998,67.290001,68.349998,408100,0.000000,0.000000,71.559998,71.559998,67.290001,68.349998,77.575499,77.210199,78.706400,76.158350,74.553819,76.419951,-1.866132,-0.810376,-1.055755,24.929045,77.575499,85.176741,69.974258,-0.106842,2.385471,0.034901,-0.041912,-0.105952,-0.131512,-0.165955,-0.038678,0.143933,0.352910,-0.211649,-0.211649,0.206531,201745.000000,27893634.183800,-0.170113
2018-10-08,68.349998,68.650002,66.720001,67.419998,173900,0.000000,0.000000,68.349998,68.650002,66.720001,67.419998,76.766499,77.100599,78.624100,76.147450,73.456308,75.753288,-2.296980,-1.107697,-1.189283,23.577333,76.766499,85.078819,68.454179,-0.062208,2.352937,0.034900,-0.013606,-0.112895,-0.144959,-0.149274,-0.054418,0.130260,0.352368,-0.222376,-0.222376,0.190115,195315.000000,11724337.652200,-0.146278
2018-10-09,67.419998,68.400002,66.110001,66.339996,212700,0.000000,0.000000,67.419998,68.400002,66.110001,66.339996,76.003499,76.960399,78.526500,76.132900,72.361491,75.056007,-2.694516,-1.425061,-1.269455,22.080047,76.003499,85.201961,66.805038,-0.025278,2.348442,0.035400,-0.016019,-0.088361,-0.206459,-0.136198,-0.088736,0.115896,0.253677,-0.234833,-0.234833,0.171050,192405.000000,14110517.149200,-0.138973
2018-10-10,66.010002,67.000000,63.939999,65.080002,277800,0.000000,0.000000,66.010002,67.000000,63.939999,65.080002,75.187499,76.754999,78.410300,76.104300,71.241262,74.317044,-3.075782,-1.755205,-1.320577,20.448498,75.187499,85.227304,65.147695,-0.003371,2.399268,0.036866,-0.018993,-0.116961,-0.202451,-0.156995,-0.115761,0.103986,0.251032,-0.249366,-0.249366,0.148808,194910.000000,18079224.555600,-0.105630
2018-10-11,64.589996,66.720001,63.779999,64.070000,368400,0.000000,0.000000,64.589996,66.720001,63.779999,64.070000,74.370999,76.539399,78.247500,76.072650,70.137991,73.558003,-3.420013,-2.088166,-1.331846,19.222344,74.370999,85.247184,63.494815,0.026442,2.437891,0.038050,-0.015519,-0.101906,-0.212899,-0.163031,-0.130665,0.078619,0.249770,-0.261015,-0.261015,0.130980,207185.000000,23603388.000000,-0.099535
2018-10-12,65.489998,65.489998,63.599998,63.950001,210500,0.000000,0.000000,65.489998,65.489998,63.599998,63.950001,73.498499,76.289399,78.101000,76.039650,69.185993,72.846300,-3.660307,-2.402595,-1.257712,19.075988,73.498499,84.792180,62.204818,0.077264,2.398756,0.037510,-0.001873,-0.064375,-0.204602,-0.142761,-0.164598,0.071189,0.251804,-0.262399,-0.262399,0.128861,210180.000000,13461475.210500,-0.103197
2018-10-15,63.939999,64.639999,62.020000,62.900002,244500,0.000000,0.000000,63.939999,64.639999,62.020000,62.900002,72.658499,76.035400,77.937500,75.996650,68.218917,72.109537,-3.890620,-2.700200,-1.190420,17.798975,72.658499,84.496057,60.820942,0.087816,2.414559,0.038387,-0.016419,-0.067042,-0.227273,-0.176162,-0.188910,0.095819,0.237819,-0.274510,-0.274510,0.110327,216510.000000,15379050.489000,-0.122136
2018-10-16,63.849998,65.120003,63.419998,64.690002,298400,0.000000,0.000000,63.849998,65.120003,63.419998,64.690002,71.893000,75.793200,77.768600,75.966350,67.676007,71.559942,-3.883935,-2.936947,-0.946988,26.795869,71.893000,83.711686,60.074313,0.195271,2.400662,0.037110,0.028458,-0.024872,-0.188331,-0.175398,-0.170641,0.141924,0.273575,-0.253864,-0.253864,0.139912,223305.000000,19303496.596800,-0.148796
2018-10-17,64.750000,64.750000,62.450001,63.820000,149800,0.000000,0.000000,64.750000,64.750000,62.450001,63.820000,71.101499,75.557600,77.584300,75.927950,67.082775,70.986613,-3.903837,-3.130325,-0.773513,25.343953,71.101499,82.852953,59.350045,0.190187,2.393472,0.037503,-0.013449,-0.019361,-0.202250,-0.195208,-0.159710,0.124581,0.269331,-0.263898,-0.263898,0.097506,219535.000000,9560236.000000,-0.171874
2018-10-18,63.419998,63.419998,61.509998,61.959999,179200,0.000000,0.000000,63.419998,63.419998,61.509998,61.959999,70.241999,75.274800,77.383900,75.882500,66.294656,70.317975,-4.023319,-3.308924,-0.714395,22.532903,70.241999,82.029352,58.454646,0.148691,2.387510,0.038533,-0.029144,-0.032933,-0.222097,-0.207166,-0.161002,0.065520,0.275751,-0.285352,-0.285352,0.024979,216940.000000,11103231.820800,-0.164320
2018-10-19,61.980000,62.450001,60.340000,60.450001,178300,0.000000,0.000000,61.980000,62.450001,60.340000,60.450001,69.401999,74.949800,77.147900,75.828750,65.395478,69.587014,-4.191535,-3.485446,-0.706089,20.541019,69.401999,81.477483,57.326516,0.129332,2.367688,0.039168,-0.024371,-0.054730,-0.236260,-0.230916,-0.186406,-0.001651,0.278343,-0.302768,-0.302768,0.000000,205380.000000,10778235.178300,-0.180821
2018-10-22,60.439999,61.090000,59.360001,60.360001,139800,0.000000,0.000000,60.439999,61.090000,59.360001,60.360001,68.569999,74.631000,76.927500,75.775300,64.620789,68.903531,-4.282742,-3.644905,-0.637837,20.425125,68.569999,80.733931,56.406068,0.162527,2.322139,0.038471,-0.001489,-0.040382,-0.218641,-0.196272,-0.159331,-0.034240,0.277651,-0.303806,-0.303806,0.000000,200055.000000,8438328.139800,-0.148809
2018-10-23,59.189999,60.110001,57.980000,59.290001,125400,0.000000,0.000000,59.189999,60.110001,57.980000,59.290001,67.664499,74.299800,76.695400,75.713000,63.800668,68.191418,-4.390750,-3.794074,-0.596676,19.049057,67.664499,79.756834,55.572165,0.153727,2.326272,0.039235,-0.017727,-0.083475,-0.230000,-0.231995,-0.172505,-0.019189,0.276731,-0.316148,-0.316148,0.000000,195685.000000,7434966.125400,-0.169629
2018-10-24,59.279999,60.270000,56.860001,56.900002,455400,0.000000,0.000000,59.279999,60.270000,56.860001,56.900002,66.616999,73.916800,76.462900,75.628750,62.739027,67.355017,-4.615990,-3.958457,-0.657532,16.392500,66.616999,78.623590,54.610409,0.095347,2.403681,0.042244,-0.040310,-0.108430,-0.264858,-0.234701,-0.149477,-0.065681,0.285404,-0.343714,-0.343714,0.000000,211865.000000,25912260.910800,-0.139978
2018-10-25,57.290001,59.700001,57.139999,59.200001,342500,0.000000,0.000000,57.290001,59.700001,57.139999,59.200001,65.752000,73.585800,76.252900,75.554750,62.194562,66.750941,-4.556380,-4.078042,-0.478338,26.950410,65.752000,77.242272,54.261727,0.214889,2.431989,0.041081,0.040422,-0.044545,-0.239563,-0.187929,-0.118392,-0.027915,0.336820,-0.317186,-0.317186,0.040422,222700.000000,20276000.342500,-0.133766
2018-10-26,58.320000,59.189999,56.759998,57.799999,277300,0.000000,0.000000,58.320000,59.189999,56.759998,57.799999,64.819500,73.211800,76.030400,75.465000,61.518475,66.087909,-4.569434,-4.176320,-0.393114,24.890045,64.819500,75.663089,53.975911,0.176329,2.432562,0.042086,-0.023649,-0.043838,-0.244444,-0.211997,-0.124905,-0.075939,0.338609,-0.333333,-0.333333,0.015817,229460.000000,16027939.722700,-0.151343
2018-10-29,58.770000,59.259998,56.160000,57.060001,208100,0.000000,0.000000,58.770000,59.259998,56.160000,57.060001,63.872500,72.809000,75.773500,75.371050,60.832556,65.419175,-4.586619,-4.258380,-0.328239,23.852060,63.872500,73.880826,53.864174,0.159658,2.480236,0.043467,-0.012803,-0.054672,-0.253630,-0.242734,-0.138066,-0.139367,0.335611,-0.341868,-0.341868,0.002812,232605.000000,11874186.208100,-0.161723
2018-10-30,57.049999,58.669998,57.049999,58.180000,278500,0.000000,0.000000,57.049999,58.669998,57.049999,58.180000,63.143000,72.415600,75.518800,75.284200,60.424470,64.882940,-4.458469,-4.298398,-0.160071,28.698636,63.143000,72.528173,53.757827,0.235594,2.418790,0.041574,0.019628,-0.018722,-0.234474,-0.222712,-0.160462,-0.095882,0.354146,-0.328950,-0.328950,0.022496,239820.000000,16203130.000000,-0.151917
2018-10-31,60.400002,66.180000,59.990002,62.860001,562200,0.000000,0.000000,60.400002,66.180000,59.990002,62.860001,62.601000,72.102800,75.288400,75.217750,60.799167,64.733092,-3.933925,-4.225503,0.291578,44.573425,62.601000,70.563301,54.638699,0.516264,2.817448,0.044821,0.080440,0.104745,-0.136182,-0.177763,-0.092929,-0.029938,0.462121,-0.274971,-0.274971,0.104745,261670.000000,35339892.562200,-0.114094
2018-11-01,63.389999,65.290001,61.990002,64.199997,368100,0.000000,0.000000,63.389999,65.290001,61.990002,64.199997,62.244000,71.827800,75.063400,75.150000,61.322372,64.693604,-3.371232,-4.054649,0.683417,48.134115,62.244000,69.123097,55.364903,0.642170,2.851916,0.044422,0.021317,0.084459,-0.128901,-0.150794,-0.086771,-0.003106,0.467535,-0.259516,-0.259516,0.128295,272945.000000,23632018.895700,-0.102413
2018-11-02,64.699997,65.940002,63.490002,63.779999,192300,0.000000,0.000000,64.699997,65.940002,63.490002,63.779999,62.015500,71.556400,74.860700,75.078400,61.700468,64.625929,-2.925461,-3.828811,0.903350,47.112515,62.015500,68.320239,55.710762,0.639934,2.823208,0.044265,-0.006542,0.103460,-0.105971,-0.169531,-0.110460,-0.024024,0.458000,-0.264360,-0.264360,0.120914,262155.000000,12264893.807700,-0.105573
2018-11-05,64.070000,64.709999,61.980000,63.750000,189200,0.000000,0.000000,64.070000,64.709999,61.980000,63.750000,61.832000,71.290400,74.670200,75.007900,62.015781,64.561046,-2.545265,-3.572102,1.026837,47.035726,61.832000,67.670848,55.993153,0.664245,2.816550,0.044181,-0.000470,0.117245,-0.067301,-0.156746,-0.133831,-0.017720,0.437896,-0.264706,-0.264706,0.120387,262920.000000,12061500.000000,-0.086371
2018-11-06,63.599998,65.169998,63.599998,64.690002,194800,0.000000,0.000000,63.599998,65.169998,63.599998,64.690002,61.749501,71.014200,74.476100,74.940350,62.427200,64.570598,-2.143398,-3.286361,1.142963,49.796943,61.749501,67.362412,56.136589,0.761941,2.727511,0.042163,0.014745,0.111894,-0.040492,-0.149934,-0.131678,0.006065,0.440217,-0.253864,-0.253864,0.136907,262025.000000,12601612.389600,-0.084981
2018-11-07,65.000000,66.430000,64.820000,65.860001,153300,0.000000,0.000000,65.000000,66.430000,64.820000,65.860001,61.788500,70.779400,74.299700,74.880400,62.955323,64.666109,-1.710786,-2.971246,1.260460,53.076034,61.788500,67.508663,56.068338,0.855890,2.656974,0.040343,0.018086,0.047725,-0.007235,-0.141330,-0.120694,0.036349,0.441999,-0.240369,-0.240369,0.157469,255800.000000,10096338.153300,-0.100651
2018-11-08,65.750000,65.849998,64.800003,65.690002,117100,0.000000,0.000000,65.750000,65.849998,64.800003,65.690002,61.869501,70.500200,74.138100,74.810850,63.376043,64.741953,-1.365910,-2.650179,1.284269,52.539063,61.869501,67.768769,55.970232,0.823811,2.542904,0.038711,-0.002581,0.023209,0.009373,-0.139056,-0.146329,0.048524,0.436731,-0.242330,-0.242330,0.154482,243235.000000,7692299.234200,-0.099737
2018-11-09,65.260002,65.260002,63.470001,63.709999,144800,0.000000,0.000000,65.260002,65.260002,63.470001,63.709999,61.857500,70.194400,73.949200,74.738650,63.427421,64.665512,-1.238092,-2.367762,1.129670,46.622705,61.857500,67.739902,55.975099,0.657461,2.519840,0.039552,-0.030142,-0.001098,-0.005619,-0.160053,-0.171521,0.029241,0.446444,-0.265167,-0.265167,0.119684,239950.000000,9225207.855200,-0.107262
2018-11-12,63.720001,64.489998,62.720001,62.849998,171800,0.000000,0.000000,63.720001,64.489998,62.720001,62.849998,61.855000,69.866400,73.760700,74.666900,63.338586,64.531030,-1.192443,-2.132698,0.940255,44.289817,61.855000,67.735578,55.974422,0.584600,2.466280,0.039241,-0.013499,-0.014118,-0.017201,-0.173570,-0.160321,0.027800,0.448901,-0.275087,-0.275087,0.104569,236315.000000,10797629.656400,-0.088444
2018-11-13,63.160000,64.669998,62.650002,63.110001,155400,0.000000,0.000000,63.160000,64.669998,62.650002,63.110001,61.776000,69.565600,73.564300,74.598700,63.303419,64.425768,-1.122349,-1.930628,0.808279,45.182869,61.776000,67.537463,56.014537,0.615769,2.434402,0.038574,0.004137,-0.024424,0.003339,-0.166865,-0.165763,0.032052,0.445322,-0.272088,-0.272088,0.109139,229165.000000,9807294.155400,-0.093126
2018-11-14,63.660000,64.839996,62.320000,62.799999,201900,0.000000,0.000000,63.660000,64.839996,62.320000,62.799999,61.725000,69.236600,73.396300,74.534950,63.225970,64.305341,-1.079371,-1.760377,0.681006,44.271618,61.725000,67.428042,56.021958,0.594248,2.440516,0.038862,-0.004912,-0.046462,-0.029216,-0.179085,-0.174770,0.003997,0.433805,-0.275663,-0.275663,0.103691,231770.000000,12679319.798100,-0.093243
2018-11-15,62.450001,64.339996,62.119999,64.000000,110300,0.000000,0.000000,62.450001,64.339996,62.119999,64.000000,61.827000,68.942600,73.236800,74.471950,63.345052,64.282723,-0.937671,-1.595836,0.658164,48.593605,61.827000,67.620001,56.033999,0.687554,2.424765,0.037887,0.019108,-0.025727,0.002820,-0.170984,-0.165580,0.056106,0.436742,-0.261822,-0.261822,0.124780,228325.000000,7059200.000000,-0.099685
2018-11-16,63.700001,64.820000,62.750000,63.119999,208800,0.000000,0.000000,63.700001,64.820000,62.750000,63.119999,61.960500,68.628000,73.069000,74.402300,63.310428,64.196595,-0.886167,-1.453902,0.567735,45.789105,61.960500,67.742939,56.178061,0.600260,2.399424,0.038014,-0.013750,-0.009261,0.018722,-0.189210,-0.214437,0.027177,0.426723,-0.271972,-0.271972,0.109315,229850.000000,13179455.791200,-0.115928
2018-11-19,63.049999,63.790001,62.040001,62.540001,199900,0.000000,0.000000,63.049999,63.790001,62.040001,62.540001,62.069500,68.206800,72.882900,74.350850,63.191901,64.073885,-0.881984,-1.339518,0.457535,43.987205,62.069500,67.806921,56.332080,0.541003,2.353037,0.037625,-0.009189,-0.004932,0.034574,-0.203312,-0.204326,0.026929,0.418410,-0.278662,-0.278662,0.099121,232855.000000,12501746.199900,-0.097615
2018-11-20,61.840000,62.099998,59.150002,59.619999,221900,0.000000,0.000000,61.840000,62.099998,59.150002,59.619999,62.086000,67.767200,72.670600,74.282200,62.642378,63.743967,-1.101590,-1.291933,0.190343,36.252440,62.086000,67.791574,56.380426,0.283895,2.427106,0.040710,-0.046690,-0.055300,-0.012260,-0.235151,-0.247697,-0.038387,0.451105,-0.312341,-0.312341,0.047803,237680.000000,13229677.778100,-0.110893
2018-11-21,60.090000,61.630001,59.919998,61.139999,136700,0.000000,0.000000,60.090000,61.630001,59.919998,61.139999,62.298000,67.362000,72.477500,74.220400,62.411242,63.551081,-1.139838,-1.261514,0.121675,41.972490,62.298000,67.483626,57.112373,0.388345,2.397312,0.039210,0.025495,-0.026433,0.031203,-0.209567,-0.250552,-0.046178,0.454788,-0.294810,-0.294810,0.074517,221745.000000,8357837.863300,-0.094543
2018-11-23,60.470001,61.610001,60.470001,60.869999,71400,0.000000,0.000000,60.470001,61.610001,60.470001,60.869999,62.381500,66.971400,72.288700,74.170500,62.174128,63.352482,-1.178354,-1.244882,0.066528,41.264194,62.381500,67.408439,57.354560,0.349660,2.307504,0.037909,-0.004416,-0.048906,0.069771,-0.209994,-0.259939,-0.043676,0.429136,-0.297924,-0.297924,0.069771,208190.000000,4346117.928600,-0.083263
2018-11-26,61.529999,62.130001,61.160000,61.959999,154200,0.000000,0.000000,61.529999,62.130001,61.160000,61.959999,62.589500,66.582600,72.112800,74.130300,62.141185,63.249335,-1.108150,-1.217535,0.109385,45.278885,62.589500,67.139926,58.039073,0.430831,2.232683,0.036034,0.017907,-0.018378,0.046622,-0.210701,-0.244390,-0.021942,0.411492,-0.285352,-0.285352,0.088928,202035.000000,9554231.845800,-0.093956
2018-11-27,61.580002,62.150002,59.200001,59.360001,128500,0.000000,0.000000,61.580002,62.150002,59.200001,59.360001,62.704500,66.175800,71.897400,74.076100,61.713311,62.961236,-1.247926,-1.223613,-0.024312,38.516139,62.704500,66.755364,58.653636,0.087187,2.283920,0.038476,-0.041963,-0.050847,0.026990,-0.235052,-0.293754,-0.062983,0.430595,-0.315340,-0.315340,0.043234,198055.000000,7627760.128500,-0.117077
2018-11-28,59.549999,62.480000,58.790001,62.310001,209900,0.000000,0.000000,59.549999,62.480000,58.790001,62.310001,62.911000,65.822000,71.701000,74.030150,61.805109,62.912997,-1.107888,-1.200468,0.092581,48.005158,62.911000,66.368312,59.453687,0.413083,2.384354,0.038266,0.049697,0.045119,0.092008,-0.217702,-0.243811,-0.029439,0.457798,-0.281315,-0.281315,0.095079,194625.000000,13078869.209900,-0.116823
2018-11-29,60.939999,61.250000,57.459999,58.240002,379000,0.000000,0.000000,60.939999,61.250000,57.459999,58.240002,62.680000,65.393800,71.490900,73.951350,61.256631,62.566849,-1.310218,-1.222418,-0.087800,39.050588,62.680000,66.719937,58.640062,-0.049513,2.560472,0.043964,-0.065319,-0.047432,0.001031,-0.262785,-0.294061,-0.110840,0.513790,-0.328258,-0.328258,0.023550,185465.000000,22072960.758000,-0.161988
2018-11-30,58.279999,60.840000,58.250000,60.310001,225600,0.000000,0.000000,58.279999,60.840000,58.250000,60.310001,62.485500,65.017000,71.326000,73.886150,61.110996,62.399675,-1.288679,-1.235670,-0.053009,44.700463,62.485500,66.591339,58.379661,0.235073,2.563295,0.042502,0.035543,-0.009200,-0.040566,-0.238991,-0.247536,-0.083435,0.444720,-0.304383,-0.304383,0.059930,178340.000000,13605936.225600,-0.142931
2018-12-03,61.410000,61.970001,58.299999,58.599998,197000,0.000000,0.000000,61.410000,61.970001,58.299999,58.599998,62.226500,64.644000,71.140000,73.808900,60.724688,62.118217,-1.393529,-1.267242,-0.126287,41.294985,62.226500,66.631160,57.821840,0.088333,2.642346,0.045091,-0.028354,-0.054229,-0.087227,-0.250160,-0.269327,-0.104660,0.445765,-0.324106,-0.324106,0.029877,178575.000000,11544199.606000,-0.169858
2018-12-04,58.189999,59.509998,53.830002,55.080002,235900,0.000000,0.000000,58.189999,59.509998,53.830002,55.080002,61.793000,64.205600,70.925300,73.723800,59.856275,61.596868,-1.740593,-1.361912,-0.378681,35.328469,61.793000,67.166381,56.419619,-0.124653,2.859321,0.051912,-0.060068,-0.072102,-0.136406,-0.304984,-0.311930,-0.187011,0.486388,-0.364706,-0.364706,0.000000,180910.000000,12993372.471800,-0.200329
2018-12-06,53.369999,55.259998,52.540001,55.259998,395500,0.000000,0.000000,53.369999,55.259998,52.540001,55.259998,61.321500,63.762800,70.731900,73.635850,59.149156,61.127470,-1.978315,-1.485193,-0.493122,35.838974,61.321500,67.250715,55.392285,-0.011156,2.849369,0.051563,0.003268,-0.113144,-0.133177,-0.297840,-0.332205,-0.170270,0.487144,-0.362630,-0.362630,0.003268,190945.000000,21855329.209000,-0.205136
2018-12-07,55.090000,55.750000,54.270000,54.740002,429500,0.000000,0.000000,55.090000,55.750000,54.270000,54.740002,60.765500,63.300600,70.515800,73.543300,58.470824,60.654325,-2.183500,-1.624854,-0.558646,34.979906,60.765500,66.981345,54.549655,0.015311,2.751557,0.050266,-0.009410,-0.060096,-0.153810,-0.305770,-0.345607,-0.190237,0.481127,-0.368627,-0.368627,0.000000,204755.000000,23510830.859000,-0.187670
2018-12-10,54.750000,55.840000,53.599998,55.060001,212100,0.000000,0.000000,54.750000,55.840000,53.599998,55.060001,60.234000,62.871800,70.281900,73.448350,57.946082,60.239930,-2.293848,-1.758653,-0.535195,35.996642,60.234000,66.494597,53.973403,0.086781,2.715017,0.049310,0.005846,-0.087050,-0.163984,-0.341388,-0.359022,-0.194440,0.474759,-0.364937,-0.364937,0.005846,209505.000000,11678226.212100,-0.227351
2018-12-11,56.189999,57.169998,55.169998,55.240002,223100,0.000000,0.000000,56.189999,57.169998,55.169998,55.240002,59.810500,62.447600,70.041300,73.356550,57.529762,59.869565,-2.339803,-1.874883,-0.464920,36.597234,59.810500,66.225073,53.395927,0.143741,2.671802,0.048367,0.003269,-0.057338,-0.159081,-0.323039,-0.362860,-0.197093,0.476040,-0.362860,-0.362860,0.009134,213420.000000,12324044.446200,-0.205053
2018-12-12,55.900002,56.299999,54.919998,55.310001,194800,0.000000,0.000000,55.900002,56.299999,54.919998,55.310001,59.433500,62.033800,69.812900,73.270100,57.188260,59.531820,-2.343559,-1.968618,-0.374941,36.845423,59.433500,65.980824,52.886176,0.185100,2.579530,0.046638,0.001267,0.004176,-0.131847,-0.320516,-0.341939,-0.186019,0.469846,-0.362053,-0.362053,0.010413,214570.000000,10774388.194800,-0.212910
2018-12-13,56.020000,56.549999,53.750000,54.500000,305900,0.000000,0.000000,56.020000,56.549999,53.750000,54.500000,59.003000,61.668400,69.571900,73.179350,56.774682,59.159092,-2.384410,-2.051777,-0.332634,35.131655,59.003000,65.663750,52.342250,0.161975,2.595278,0.047620,-0.014645,-0.013753,-0.132856,-0.322139,-0.341787,-0.200293,0.470085,-0.371396,-0.371396,0.000000,222095.000000,16671550.000000,-0.204419
2018-12-14,53.950001,54.720001,53.349998,53.820000,144600,0.000000,0.000000,53.950001,54.720001,53.349998,53.820000,58.554000,61.270800,69.359100,73.092950,56.320115,58.763604,-2.443489,-2.130119,-0.313369,33.713949,58.554000,65.346424,51.761577,0.151523,2.507758,0.046595,-0.012477,-0.016807,-0.147203,-0.338821,-0.360048,-0.220000,0.468940,-0.379239,-0.379239,0.000000,219230.000000,7782372.000000,-0.201570
2018-12-17,53.669998,55.340000,52.930000,54.299999,303700,0.000000,0.000000,53.669998,55.340000,52.930000,54.299999,58.069000,60.930000,69.130100,73.010950,56.009328,58.432967,-2.423638,-2.188823,-0.234815,35.686842,58.069000,64.604473,51.533527,0.211650,2.500775,0.046055,0.008919,-0.013803,-0.135350,-0.318695,-0.349701,-0.203812,0.472202,-0.373702,-0.373702,0.008919,228900.000000,16490909.696300,-0.174053
2018-12-18,54.939999,57.110001,54.380001,55.299999,373000,0.000000,0.000000,54.939999,57.110001,54.380001,55.299999,57.678000,60.669000,68.939600,72.934950,55.900201,58.200895,-2.300694,-2.211197,-0.089497,39.712640,57.678000,63.867654,51.488347,0.307905,2.522863,0.045621,0.018416,0.001086,-0.135938,-0.308750,-0.324374,-0.205460,0.471735,-0.362168,-0.362168,0.027499,237110.000000,20626899.627000,-0.161417
2018-12-19,55.000000,56.150002,53.669998,54.299999,285700,0.000000,0.000000,55.000000,56.150002,53.669998,54.299999,57.266000,60.406600,68.753600,72.852200,55.654016,57.911940,-2.257924,-2.220542,-0.037381,37.204605,57.266000,63.184002,51.347998,0.249409,2.519802,0.046405,-0.018083,-0.018261,-0.139734,-0.318267,-0.342615,-0.225392,0.472811,-0.373702,-0.373702,0.008919,241400.000000,15513509.714300,-0.153085
2018-12-20,54.049999,55.830002,52.230000,52.389999,375300,0.000000,0.000000,54.049999,55.830002,52.230000,52.389999,56.904500,60.127600,68.544000,72.758650,55.151859,57.502907,-2.351048,-2.246644,-0.104404,32.927224,56.904500,63.094109,50.714891,0.135316,2.596959,0.049570,-0.035175,-0.038716,-0.162296,-0.338092,-0.358752,-0.246187,0.482985,-0.395732,-0.395732,0.000000,249070.000000,19661966.624700,-0.151274
2018-12-21,52.490002,53.599998,52.040001,52.750000,755600,0.000000,0.000000,52.490002,53.599998,52.040001,52.750000,56.485000,59.881000,68.318000,72.659650,54.782343,57.150840,-2.368497,-2.271014,-0.097483,34.456775,56.485000,62.602779,50.367221,0.194742,2.522890,0.047827,0.006872,-0.019881,-0.115230,-0.317152,-0.362538,-0.242098,0.464125,-0.391580,-0.391580,0.006872,280015.000000,39857900.000000,-0.110068
2018-12-24,52.730000,54.270000,52.099998,52.450001,257900,0.000000,0.000000,52.730000,54.270000,52.099998,52.450001,56.064000,59.648600,68.094000,72.541400,54.423521,56.802630,-2.379109,-2.292633,-0.086476,33.765749,56.064000,62.069042,50.058959,0.199086,2.497684,0.047620,-0.005687,-0.034070,-0.142133,-0.318831,-0.341080,-0.242599,0.450337,-0.395040,-0.395040,0.001145,289340.000000,13526855.257900,-0.093600
2018-12-26,53.040001,54.950001,52.230000,54.790001,247100,0.000000,0.000000,53.040001,54.950001,52.230000,54.790001,55.705500,59.465400,67.877400,72.433850,54.479902,56.653546,-2.173644,-2.268835,0.095192,43.314998,55.705500,61.048027,50.362973,0.414320,2.513564,0.045876,0.044614,-0.009222,-0.099885,-0.292119,-0.314697,-0.226130,0.484460,-0.368051,-0.368051,0.045810,293985.000000,13538609.247100,-0.110650
2018-12-27,53.860001,55.340000,53.290001,55.290001,183100,0.000000,0.000000,53.860001,55.340000,53.290001,55.290001,55.502000,59.313200,67.674300,72.328550,54.604533,56.552543,-1.948010,-2.204670,0.256660,45.135198,55.502000,60.560944,50.443056,0.479047,2.480452,0.044863,0.009126,0.018232,-0.107650,-0.289788,-0.308010,-0.214631,0.480268,-0.362284,-0.362284,0.055354,296715.000000,10123599.183100,-0.113215
2018-12-28,55.419998,56.730000,54.689999,55.410000,162700,0.000000,0.000000,55.419998,56.730000,54.689999,55.410000,55.157000,59.127600,67.460400,72.224600,54.728451,56.467910,-1.739459,-2.111628,0.372169,45.586792,55.157000,59.073106,51.240895,0.532302,2.448991,0.044198,0.002170,0.057645,-0.066543,-0.275686,-0.317190,-0.214600,0.461397,-0.360900,-0.360900,0.057645,294355.000000,9015207.000000,-0.094456
2018-12-31,55.779999,55.980000,54.900002,55.820000,225300,0.000000,0.000000,55.779999,55.980000,54.900002,55.820000,55.036000,58.967600,67.262600,72.122950,54.896382,56.419917,-1.523535,-1.994009,0.470474,47.186318,55.036000,58.691919,51.380081,0.607223,2.351206,0.042121,0.007399,0.058199,-0.104157,-0.269850,-0.309586,-0.219301,0.422289,-0.356171,-0.356171,0.065471,286670.000000,12576246.000000,-0.094482
2019-01-02,54.980000,55.930000,53.650002,54.540001,608500,0.000000,0.000000,54.980000,55.930000,53.650002,54.540001,54.747500,58.819200,67.047000,72.014150,54.841554,56.280664,-1.439110,-1.883029,0.443920,42.942251,54.747500,57.432882,52.062118,0.461365,2.346120,0.043016,-0.022931,0.039847,-0.063530,-0.282368,-0.322063,-0.229117,0.367875,-0.370934,-0.370934,0.041038,305815.000000,33187590.608500,-0.111744
2019-01-03,54.330002,55.389999,53.349998,54.000000,242000,0.000000,0.000000,54.330002,55.389999,53.349998,54.000000,54.517500,58.690200,66.820000,71.904900,54.712084,56.111725,-1.399641,-1.786352,0.386710,41.256371,54.517500,56.512894,52.522107,0.370326,2.324254,0.043042,-0.009901,-0.014419,-0.104626,-0.257936,-0.322884,-0.244755,0.340781,-0.377163,-0.377163,0.030731,308065.000000,13068000.000000,-0.065919
2019-01-04,54.700001,55.910000,54.700001,55.070000,221200,0.000000,0.000000,54.700001,55.910000,54.700001,55.070000,54.517000,58.584400,66.607700,71.794250,54.767148,56.034561,-1.267413,-1.682564,0.415151,45.797223,54.517000,56.511805,52.522195,0.638610,2.294664,0.041668,0.019815,-0.003979,-0.060239,-0.252782,-0.307731,-0.224912,0.340087,-0.364821,-0.364821,0.051155,307330.000000,12181484.000000,-0.092505
2019-01-07,55.209999,55.880001,54.770000,54.880001,304300,0.000000,0.000000,55.209999,55.880001,54.770000,54.880001,54.498000,58.496200,66.398000,71.681400,54.784510,55.949038,-1.164528,-1.578957,0.414429,45.130116,54.498000,56.470118,52.525883,0.596850,2.210046,0.040271,-0.003450,-0.009565,-0.003631,-0.230726,-0.321632,-0.229213,0.268928,-0.367013,-0.367013,0.047528,302770.000000,16699984.304300,-0.096703
2019-01-08,55.590000,57.259998,55.240002,56.310001,200900,0.000000,0.000000,55.590000,57.259998,55.240002,56.310001,54.576500,58.484400,66.200600,71.588200,55.019201,55.975776,-0.956575,-1.454480,0.497906,50.924297,54.576500,56.707745,52.445256,0.906687,2.222185,0.039463,0.026057,0.008778,0.019001,-0.176152,-0.312874,-0.207460,0.283641,-0.350519,-0.350519,0.074823,291340.000000,11312679.200900,-0.061694
2019-01-09,56.529999,57.500000,55.860001,57.139999,198800,0.000000,0.000000,56.529999,57.500000,55.860001,57.139999,54.680500,58.443200,66.014500,71.503150,55.345478,56.062014,-0.716537,-1.306892,0.590355,53.963017,54.680500,57.095231,52.265769,1.009270,2.180600,0.038162,0.014740,0.047671,0.043844,-0.152477,-0.278991,-0.203624,0.284757,-0.340946,-0.340946,0.090666,290675.000000,11359431.801200,-0.051795
2019-01-10,56.869999,57.880001,56.450001,57.139999,130400,0.000000,0.000000,56.869999,57.880001,56.450001,57.139999,54.775500,58.430000,65.820900,71.406350,55.621558,56.141865,-0.520307,-1.149575,0.629267,53.963017,54.775500,57.421350,52.129650,0.946832,2.126986,0.037224,0.000000,0.058148,0.037777,-0.138679,-0.255990,-0.225220,0.284533,-0.340946,-0.340946,0.090666,286040.000000,7451055.869600,-0.041503
2019-01-11,57.009998,57.060001,55.790001,56.580002,221500,0.000000,0.000000,57.009998,57.060001,55.790001,56.580002,54.839000,58.420400,65.614700,71.319750,55.769011,56.174320,-0.405309,-1.000722,0.595413,51.469282,54.839000,57.597428,52.080573,0.815579,2.071487,0.036612,-0.009800,0.027420,0.024258,-0.130608,-0.267098,-0.235405,0.287340,-0.347405,-0.347405,0.079977,287375.000000,12532470.443000,-0.069902
2019-01-14,56.090000,56.540001,54.650002,55.220001,178300,0.000000,0.000000,56.090000,56.540001,54.650002,55.220001,54.875000,58.361200,65.388400,71.228100,55.684548,56.103629,-0.419082,-0.884394,0.465312,45.919348,54.875000,57.633593,52.116408,0.562532,2.061381,0.037330,-0.024037,0.006195,-0.001627,-0.138130,-0.278641,-0.271023,0.300445,-0.363091,-0.363091,0.054018,280995.000000,9845726.178300,-0.080396
2019-01-15,55.529999,55.669998,54.430000,55.130001,123200,0.000000,0.000000,55.529999,55.669998,54.430000,55.130001,54.940500,58.206600,65.154700,71.128000,55.599233,56.031509,-0.432276,-0.793970,0.361694,45.569162,54.940500,57.655484,52.225517,0.534899,2.002710,0.036327,-0.001630,-0.020955,0.011560,-0.137920,-0.260992,-0.273171,0.295747,-0.364129,-0.364129,0.052300,279925.000000,6792016.123200,-0.074819
2019-01-16,55.130001,56.250000,55.130001,55.459999,98000,0.000000,0.000000,55.130001,56.250000,55.130001,55.459999,54.998500,58.031800,64.929800,71.035550,55.577812,55.989175,-0.411363,-0.717449,0.306086,47.160332,54.998500,57.705421,52.291579,0.585244,1.939660,0.034974,0.005986,-0.029401,0.030472,-0.118283,-0.273608,-0.265917,0.292268,-0.360323,-0.360323,0.058599,269640.000000,5435079.902000,-0.064984
2019-01-17,55.459999,57.220001,55.330002,56.270000,360800,0.000000,0.000000,55.459999,57.220001,55.330002,56.270000,55.047000,57.881600,64.719000,70.936900,55.684303,56.009977,-0.325674,-0.639094,0.313420,50.950554,55.047000,57.810828,52.283173,0.721251,1.936112,0.034408,0.014605,-0.015226,0.036280,-0.130159,-0.282728,-0.261064,0.294718,-0.350980,-0.350980,0.074060,269030.000000,20302216.000000,-0.056779
2019-01-18,56.779999,59.810001,56.779999,59.119999,310500,0.000000,0.000000,56.779999,59.810001,56.779999,59.119999,55.288000,57.789000,64.539700,70.855750,56.212871,56.240349,-0.027477,-0.516770,0.489293,61.433030,55.288000,58.569646,52.006354,1.083853,2.050676,0.034687,0.050649,0.044892,0.069078,-0.073645,-0.254477,-0.239614,0.335815,-0.318108,-0.318108,0.128460,270270.000000,18356759.689500,-0.010124
2019-01-22,58.570000,58.919998,57.180000,57.549999,215100,0.000000,0.000000,58.570000,58.919998,57.180000,57.549999,55.546000,57.646200,64.330200,70.772250,56.418583,56.337360,0.081223,-0.397172,0.478395,54.520610,55.546000,58.676181,52.415819,0.820109,2.042770,0.035496,-0.026556,0.042195,0.059853,-0.071175,-0.263596,-0.263124,0.343831,-0.336217,-0.336217,0.098492,262260.000000,12379004.784900,-0.009081
2019-01-23,57.910000,57.910000,55.860001,56.689999,116400,0.000000,0.000000,57.910000,57.910000,55.860001,56.689999,55.743000,57.462800,64.121100,70.695700,56.460340,56.363481,0.096858,-0.298366,0.395224,51.127000,55.743000,58.617776,52.868225,0.664708,2.043287,0.036043,-0.014944,0.028297,0.082077,-0.062200,-0.278753,-0.271805,0.321981,-0.346136,-0.346136,0.082077,230300.000000,6598715.883600,-0.005379
2019-01-24,56.889999,57.310001,56.459999,57.290001,147700,0.000000,0.000000,56.889999,57.310001,56.459999,57.290001,55.985000,57.294800,63.897500,70.626650,56.587980,56.432112,0.155867,-0.207519,0.363386,53.310530,55.985000,58.482733,53.487267,0.761237,1.958052,0.034178,0.010584,0.032997,0.086066,-0.050861,-0.237150,-0.267391,0.322661,-0.339216,-0.339216,0.093529,224790.000000,8461733.147700,0.002049
2019-01-25,57.830002,59.779999,57.529999,59.680000,249200,0.000000,0.000000,57.830002,59.779999,57.529999,59.680000,56.229500,57.214200,63.704300,70.568550,57.063675,56.672697,0.390979,-0.087820,0.478798,60.819637,56.229500,59.155359,53.303642,1.089656,1.996048,0.033446,0.041718,0.060601,0.137846,0.006578,-0.226943,-0.233398,0.345463,-0.311649,-0.311649,0.139149,224895.000000,14872256.000000,0.043241
2019-01-28,59.250000,60.290001,59.160000,59.730000,182500,0.000000,0.000000,59.250000,60.290001,59.160000,59.730000,56.451500,57.151800,63.509100,70.503200,57.473879,56.899164,0.574715,0.044687,0.530028,60.961094,56.451500,59.729761,53.173239,1.000036,1.934188,0.032382,0.000838,0.010318,0.090162,0.049736,-0.196638,-0.249623,0.316504,-0.311073,-0.311073,0.140103,224865.000000,10900725.000000,0.052933
2019-01-29,60.310001,61.160000,59.119999,61.000000,387400,0.000000,0.000000,60.310001,61.160000,59.119999,61.000000,56.731000,57.109600,63.337600,70.440200,58.016359,57.202929,0.813430,0.198436,0.614994,64.469981,56.731000,60.544824,52.917176,1.059674,1.941746,0.031832,0.021262,0.059948,0.103274,0.030405,-0.163237,-0.219450,0.321584,-0.296424,-0.296424,0.164344,236100.000000,23631400.000000,0.070039
2019-01-30,61.009998,61.730000,60.439999,61.570000,243500,0.000000,0.000000,61.009998,61.730000,60.439999,61.570000,57.018500,57.085000,63.160800,70.379550,58.563073,57.526416,1.036657,0.366080,0.670577,65.949273,57.018500,61.371910,52.665090,1.022751,1.895193,0.030781,0.009344,0.086082,0.111171,0.065225,-0.160600,-0.202461,0.321781,-0.289850,-0.289850,0.175224,237010.000000,14992295.000000,0.063011
2019-01-31,61.570000,61.570000,59.450001,59.970001,404500,0.000000,0.000000,61.570000,61.570000,59.450001,59.970001,57.290000,57.004400,62.973500,70.296650,58.779524,57.707422,1.072101,0.507284,0.564817,58.576793,57.290000,61.669786,52.910214,0.805951,1.911250,0.031870,-0.025987,0.046780,0.074346,0.050999,-0.204114,-0.218632,0.339250,-0.308304,-0.308304,0.144684,226810.000000,24257865.404500,0.018170
2019-02-01,60.130001,61.450001,59.919998,60.790001,274300,0.000000,0.000000,60.130001,61.450001,59.919998,60.790001,57.629500,56.957800,62.792900,70.212850,59.088828,57.935761,1.153066,0.636441,0.516626,60.984061,57.629500,61.988102,53.270899,0.862559,1.884018,0.030992,0.013674,0.018599,0.114595,0.044861,-0.187842,-0.195367,0.326592,-0.298847,-0.298847,0.160336,228425.000000,16674697.274300,0.030588
2019-02-04,64.739998,65.769997,59.040001,65.650002,574200,0.000000,0.000000,64.739998,65.769997,59.040001,65.650002,58.158500,57.020000,62.613400,70.151100,60.098239,58.507187,1.591053,0.827363,0.763689,71.540461,58.158500,63.634155,52.682846,1.184074,2.230160,0.033970,0.079947,0.099113,0.215741,0.044384,-0.141269,-0.142950,0.411021,-0.242791,-0.242791,0.253102,246075.000000,37696231.148400,0.038685
2019-02-05,66.790001,67.489998,66.080002,67.169998,313200,0.000000,0.000000,66.790001,67.489998,66.080002,67.169998,58.773000,57.171000,62.469100,70.107200,61.186202,59.148876,2.037326,1.069356,0.967970,73.917387,58.773000,65.347666,52.198334,1.138587,2.202291,0.032787,0.023153,0.101148,0.219720,0.046262,-0.111508,-0.128228,0.412221,-0.225260,-0.225260,0.282115,246520.000000,21037643.373600,0.050564
2019-02-06,67.169998,67.620003,64.580002,64.839996,315000,0.000000,0.000000,67.169998,67.620003,64.580002,64.839996,59.199500,57.245000,62.303500,70.062150,61.748324,59.570441,2.177883,1.291061,0.886822,64.960888,59.199500,66.194666,52.204334,0.903171,2.262127,0.034888,-0.034688,0.053110,0.181487,0.016620,-0.155729,-0.109708,0.438269,-0.252134,-0.252134,0.237641,252225.000000,20424598.740000,0.014134
2019-02-07,66.820000,67.129997,65.199997,66.029999,289700,0.000000,0.000000,66.820000,67.129997,65.199997,66.029999,59.644000,57.348200,62.159800,70.020800,62.407043,60.048927,2.358117,1.504472,0.853644,67.150168,59.644000,67.195803,52.092197,0.922813,2.264118,0.034289,0.018353,0.101050,0.172616,0.035765,-0.126587,-0.099795,0.435144,-0.238408,-0.238408,0.260355,256770.000000,19128890.710300,0.041291
2019-02-08,65.470001,66.410004,63.820000,65.110001,230100,0.000000,0.000000,65.470001,66.410004,63.820000,65.110001,60.042500,57.411200,61.996900,69.987350,62.822883,60.423821,2.399062,1.683390,0.715672,63.829735,60.042500,67.873912,52.211088,0.823537,2.287396,0.035131,-0.013933,0.071064,0.139482,0.006492,-0.144415,-0.114150,0.440816,-0.249020,-0.249020,0.242794,261755.000000,14981811.230100,0.017035
2019-02-11,65.220001,65.660004,64.129997,65.410004,324100,0.000000,0.000000,65.220001,65.660004,64.129997,65.410004,60.484000,57.532200,61.854000,69.956150,63.220902,60.793168,2.427734,1.832259,0.595475,64.447105,60.484000,68.487224,52.480776,0.807751,2.233297,0.034143,0.004608,-0.003656,0.144732,-0.006833,-0.147197,-0.076782,0.440236,-0.245559,-0.245559,0.248521,266885.000000,21199382.296400,0.027887
2019-02-12,66.570000,68.699997,66.309998,67.940002,435400,0.000000,0.000000,66.570000,68.699997,66.309998,67.940002,61.120000,57.644800,61.733400,69.961350,63.946917,61.322563,2.624354,1.990678,0.633676,69.218671,61.120000,69.379444,52.860557,0.912861,2.308775,0.033983,0.038679,0.011464,0.200778,0.034252,-0.109568,-0.029429,0.449121,-0.216378,-0.216378,0.296812,279740.000000,29581076.870800,0.049690
2019-02-13,68.199997,68.239998,67.269997,67.849998,230800,0.000000,0.000000,68.199997,68.239998,67.269997,67.849998,61.756000,57.837000,61.615400,69.964850,64.547391,61.806077,2.741314,2.140805,0.600509,68.864586,61.756000,70.032286,53.479714,0.868160,2.213148,0.032618,-0.001325,0.046422,0.228721,0.064982,-0.105471,-0.033476,0.434649,-0.217416,-0.217416,0.295094,285120.000000,15659779.538400,0.063162
2019-02-14,67.370003,69.809998,63.930000,68.930000,289500,0.000000,0.000000,67.370003,69.809998,63.930000,68.930000,62.429500,58.009400,61.513200,69.979250,65.221639,62.333775,2.887864,2.290217,0.597647,70.795163,62.429500,70.740747,54.118253,0.891066,2.475066,0.035907,0.015917,0.043919,0.250317,0.096738,-0.093623,-0.035944,0.432875,-0.204960,-0.204960,0.315709,294695.000000,19955235.000000,0.065342
2019-02-15,69.169998,69.769997,68.389999,69.519997,257200,0.000000,0.000000,69.169998,69.769997,68.389999,69.519997,63.092000,58.227800,61.435900,69.995850,65.882925,62.866087,3.016837,2.435541,0.581296,71.823029,63.092000,71.448182,54.735817,0.884625,2.396847,0.034477,0.008559,0.067731,0.253516,0.101569,-0.082244,-0.060541,0.432588,-0.198155,-0.198155,0.326971,289515.000000,17880543.228400,0.063859
2019-02-19,69.320000,71.589996,68.629997,70.540001,335600,0.000000,0.000000,69.320000,71.589996,68.629997,70.540001,63.663000,58.537000,61.371300,70.002050,66.599398,63.434526,3.164872,2.581407,0.583465,73.555830,63.663000,72.427133,54.898867,0.892338,2.437072,0.034549,0.014672,0.078428,0.253599,0.123248,-0.077908,-0.038309,0.432595,-0.186390,-0.186390,0.346440,290770.000000,23673224.335600,0.074151
2019-02-20,70.730003,71.839996,70.230003,70.360001,197100,0.000000,0.000000,70.730003,71.839996,70.230003,70.360001,64.303500,58.839000,61.300900,70.007350,67.177952,63.947524,3.230428,2.711212,0.519217,72.706101,64.303500,73.058935,55.548065,0.845871,2.377995,0.033798,-0.002552,0.035620,0.190122,0.099375,-0.088601,-0.049831,0.410088,-0.188466,-0.188466,0.343004,289870.000000,13867956.197100,0.067685
2019-02-21,70.300003,70.300003,68.519997,69.110001,171300,0.000000,0.000000,70.300003,70.300003,68.519997,69.110001,64.924500,59.126400,61.213500,70.001400,67.475190,64.329929,3.145261,2.798021,0.347240,66.924223,64.924500,73.152156,56.696844,0.754356,2.339567,0.033853,-0.017766,0.018570,0.200869,0.094899,-0.112267,-0.041470,0.401627,-0.202883,-0.202883,0.319145,292615.000000,11838543.171300,0.065671
2019-02-22,69.220001,69.260002,66.169998,68.919998,146700,0.000000,0.000000,69.220001,69.260002,66.169998,68.919998,65.506000,59.403600,61.137700,69.987500,67.697469,64.669934,3.027534,2.843924,0.183610,66.064221,65.506000,73.079689,57.932311,0.725385,2.393170,0.034724,-0.002749,-0.000145,0.215735,0.102015,-0.122038,-0.053946,0.394606,-0.205075,-0.205075,0.315518,292565.000000,10110563.706600,0.031009
2019-02-25,69.099998,69.709999,68.540001,68.610001,137900,0.000000,0.000000,69.099998,69.709999,68.540001,68.610001,65.952500,59.671000,61.059300,69.962550,67.837858,64.961791,2.876067,2.850353,0.025714,64.605516,65.952500,73.122158,58.782843,0.685330,2.305800,0.033607,-0.004498,-0.013090,0.197591,0.150788,-0.119820,-0.063345,0.397596,-0.208650,-0.208650,0.309601,287000.000000,9461319.137900,0.057337
2019-02-26,68.550003,69.419998,67.309998,67.510002,141400,0.000000,0.000000,68.550003,69.419998,67.309998,67.510002,66.341500,59.915000,60.974400,69.927600,67.787419,65.150548,2.636871,2.807656,-0.170785,59.578500,66.341500,72.908544,59.774456,0.588967,2.291815,0.033948,-0.016033,-0.042954,0.131200,0.104187,-0.127214,-0.088319,0.387772,-0.221338,-0.221338,0.288605,284945.000000,9545914.282800,0.021423
2019-02-27,67.180000,67.570000,66.849998,67.250000,72400,0.000000,0.000000,67.180000,67.570000,66.849998,67.250000,66.654000,60.170000,60.919200,69.889350,67.704739,65.306063,2.398676,2.725860,-0.327184,58.421372,66.654000,72.727055,60.580946,0.549069,2.179542,0.032410,-0.003851,-0.044201,0.125900,0.104814,-0.127190,-0.086277,0.388922,-0.224337,-0.224337,0.283642,269195.000000,4868900.000000,0.016107
2019-02-28,67.169998,67.169998,65.669998,66.160004,294700,0.000000,0.000000,67.169998,67.169998,65.669998,66.160004,66.883500,60.416800,60.843800,69.835400,67.467087,65.369318,2.097770,2.600242,-0.502472,53.711669,66.883500,72.475469,61.291532,0.435309,2.136718,0.032296,-0.016208,-0.042686,0.084590,0.067786,-0.157197,-0.088705,0.391973,-0.236909,-0.236909,0.262837,271755.000000,19497353.178800,0.004147
2019-03-01,66.529999,67.680000,65.720001,67.320000,219700,0.000000,0.000000,66.529999,67.680000,65.720001,67.320000,67.251000,60.677200,60.803600,69.787500,67.444459,65.513813,1.930646,2.466323,-0.535677,57.626660,67.251000,71.798433,62.703567,0.507587,2.124095,0.031552,0.017533,-0.023215,0.093390,0.134097,-0.132474,-0.073365,0.394357,-0.223529,-0.223529,0.284978,262515.000000,14790204.000000,0.061716
2019-03-04,67.599998,68.220001,64.449997,64.529999,272900,0.000000,0.000000,67.599998,68.220001,64.449997,64.529999,67.438000,60.861800,60.765400,69.735900,66.996080,65.440937,1.555143,2.284087,-0.728944,47.270829,67.438000,71.085232,63.790769,0.101341,2.241660,0.034738,-0.041444,-0.059467,0.076038,0.035628,-0.189831,-0.092405,0.412648,-0.255709,-0.255709,0.231724,262445.000000,17610236.727100,-0.003592
2019-03-05,64.519997,64.519997,63.279999,63.330002,182100,0.000000,0.000000,64.519997,64.519997,63.279999,63.330002,67.322000,61.042400,60.724500,69.674300,66.432068,65.284572,1.147496,2.056769,-0.909272,43.638449,67.322000,71.337641,63.306360,0.002944,2.170827,0.034278,-0.018596,-0.061917,0.041783,0.087397,-0.198354,-0.104243,0.418037,-0.269550,-0.269550,0.208819,242840.000000,11532393.364200,0.045698
2019-03-06,63.099998,63.580002,62.060001,62.110001,158000,0.000000,0.000000,63.099998,63.580002,62.060001,62.110001,67.069000,61.236800,60.682200,69.604350,65.767135,65.049418,0.717716,1.788958,-1.071242,40.251959,67.069000,71.713344,62.424657,-0.033875,2.124340,0.034203,-0.019264,-0.076431,-0.053922,0.029846,-0.216278,-0.119007,0.314133,-0.283622,-0.283622,0.185532,235080.000000,9813380.158000,0.005921
2019-03-07,62.110001,62.169998,60.330002,61.250000,224600,0.000000,0.000000,62.110001,62.169998,60.330002,61.250000,66.889501,61.406800,60.643900,69.527100,65.072191,64.767980,0.304211,1.492009,-1.187798,38.012562,66.889501,72.135152,61.643850,-0.037541,2.104029,0.034351,-0.013846,-0.074214,-0.088135,0.045222,-0.216251,-0.135498,0.302053,-0.293541,-0.293541,0.169116,230560.000000,13756750.000000,0.047916
2019-03-08,60.799999,61.209999,59.959999,61.009998,184700,0.000000,0.000000,60.799999,61.209999,59.959999,61.009998,66.638500,61.578000,60.613300,69.430400,64.447238,64.489611,-0.042373,1.185132,-1.227505,37.387432,66.638500,72.501405,60.775596,0.019990,2.045884,0.033534,-0.003918,-0.093731,-0.059068,0.107662,-0.230158,-0.141913,0.281008,-0.296309,-0.296309,0.164535,225310.000000,11268546.630600,0.072778
2019-03-11,61.110001,63.299999,61.110001,62.840000,223900,0.000000,0.000000,61.110001,63.299999,61.110001,62.840000,66.525000,61.739000,60.602200,69.351600,64.199971,64.367418,-0.167447,0.914617,-1.082063,44.836718,66.525000,72.596669,60.453332,0.196541,2.063321,0.032835,0.029995,-0.026189,-0.048311,0.137170,-0.201525,-0.133839,0.294588,-0.275202,-0.275202,0.199466,225000.000000,14069876.000000,0.085725
2019-03-12,62.630001,62.630001,61.520000,62.000000,147400,0.000000,0.000000,62.630001,62.630001,61.520000,62.000000,66.354500,61.873200,60.593200,69.265350,63.861514,64.192053,-0.330540,0.665585,-0.996125,42.346253,66.354500,72.741337,59.967663,0.159104,2.010227,0.032423,-0.013367,-0.021001,-0.047765,0.132627,-0.213697,-0.185283,0.294310,-0.284890,-0.284890,0.183432,216165.000000,9138800.000000,0.043409
2019-03-13,62.130001,64.290001,62.130001,63.410000,186600,0.000000,0.000000,62.130001,64.290001,62.130001,63.410000,66.128000,62.033200,60.580400,69.174500,63.792050,64.134123,-0.342073,0.464054,-0.806127,47.606967,66.128000,72.598837,59.657163,0.289981,2.030211,0.032017,0.022742,0.020931,-0.030576,0.151653,-0.241507,-0.168938,0.306038,-0.268627,-0.268627,0.210346,203725.000000,11832306.000000,0.062929
2019-03-14,63.669998,64.110001,62.619999,63.860001,183200,0.000000,0.000000,63.669998,64.110001,62.619999,63.860001,65.928500,62.194000,60.580800,69.082550,63.802504,64.113818,-0.311314,0.308980,-0.620294,49.200125,65.928500,72.421788,59.435212,0.340720,1.991624,0.031187,0.007097,0.042612,-0.060053,0.156046,-0.217402,-0.163589,0.271679,-0.263437,-0.263437,0.218935,201345.000000,11699152.183200,0.070851
2019-03-15,63.980000,64.610001,62.610001,62.700001,287400,0.000000,0.000000,63.980000,64.610001,62.610001,62.700001,65.617000,62.357200,60.588200,68.986050,63.632888,64.009091,-0.376203,0.171944,-0.548146,45.370241,65.617000,72.101749,59.132252,0.275088,1.992223,0.031774,-0.018165,0.027700,-0.075903,0.133611,-0.229730,-0.177165,0.276739,-0.276817,-0.276817,0.196793,201240.000000,18019980.287400,0.050461
2019-03-18,62.549999,63.439999,62.400002,63.160000,135100,0.000000,0.000000,62.549999,63.439999,62.400002,63.160000,65.299001,62.540400,60.615300,68.881600,63.560136,63.946195,-0.386059,0.060343,-0.446402,47.127880,65.299001,71.599006,58.998995,0.330238,1.924207,0.030466,0.007337,0.005092,-0.083708,0.158899,-0.214428,-0.170584,0.270640,-0.271511,-0.271511,0.205574,195135.000000,8532916.000000,0.067793
2019-03-19,63.150002,63.150002,60.110001,60.299999,156900,0.000000,0.000000,63.150002,63.150002,60.110001,60.299999,64.787000,62.645000,60.614700,68.771100,63.058577,63.676107,-0.617530,-0.075232,-0.542298,38.774842,64.787000,70.956652,58.617349,0.136365,2.004620,0.033244,-0.045282,-0.027419,-0.132624,0.120401,-0.259214,-0.209699,0.301614,-0.304498,-0.304498,0.150983,186200.000000,9461069.843100,0.002715
2019-03-20,60.250000,61.090000,59.000000,59.740002,273500,0.000000,0.000000,60.250000,61.090000,59.000000,59.740002,64.256000,62.742200,60.619200,68.657300,62.548027,63.384543,-0.836517,-0.227489,-0.609028,37.377878,64.256000,70.231063,58.280938,0.122096,2.010719,0.033658,-0.009287,-0.057877,-0.153105,0.100184,-0.250439,-0.212393,0.291597,-0.310957,-0.310957,0.140294,190020.000000,16338890.547000,-0.044216
2019-03-21,59.689999,61.250000,59.180000,60.900002,178300,0.000000,0.000000,59.689999,61.250000,59.180000,60.900002,63.845500,62.834000,60.659200,68.561050,62.294484,63.200503,-0.906019,-0.363195,-0.542824,42.036395,63.845500,69.537835,58.153166,0.241275,2.014953,0.033086,0.019417,-0.046351,-0.134451,0.101266,-0.238750,-0.211140,0.306075,-0.297578,-0.297578,0.162436,190370.000000,10858470.356600,-0.054256
2019-03-22,60.610001,60.639999,59.020000,59.060001,164800,0.000000,0.000000,60.610001,60.639999,59.020000,59.060001,63.352501,62.872400,60.657800,68.455350,61.796872,62.893799,-1.096928,-0.509941,-0.586987,37.296848,63.352501,68.900420,57.804581,0.113143,2.005314,0.033954,-0.030213,-0.058054,-0.145420,0.087661,-0.258506,-0.237443,0.314675,-0.318800,-0.318800,0.127314,191275.000000,9733088.164800,-0.063893
2019-03-25,59.000000,60.099998,58.459999,58.639999,144100,0.000000,0.000000,59.000000,60.099998,58.459999,58.639999,62.854001,62.902400,60.666200,68.348300,61.311199,62.578703,-1.267504,-0.661454,-0.606050,36.291009,62.854001,68.200884,57.507117,0.105939,1.979220,0.033752,-0.007111,-0.071564,-0.149158,0.119298,-0.259128,-0.217612,0.314249,-0.323645,-0.323645,0.119298,191585.000000,8450023.855900,-0.050595
2019-03-26,59.099998,60.919998,58.790001,60.689999,177300,0.000000,0.000000,59.099998,60.919998,58.790001,60.689999,62.513000,62.984600,60.702500,68.238000,61.215630,62.438799,-1.223169,-0.773797,-0.449372,44.200902,62.513000,67.464926,57.561075,0.315930,2.000704,0.032966,0.034959,0.006468,-0.115435,0.150521,-0.214369,-0.181524,0.346979,-0.300000,-0.300000,0.158427,193380.000000,10760336.822700,-0.063995
2019-03-27,60.500000,61.410000,60.279999,60.980000,111800,0.000000,0.000000,60.500000,61.410000,60.279999,60.980000,62.199500,63.099800,60.730500,68.124650,61.179379,62.330740,-1.151361,-0.849310,-0.302051,45.236735,62.199500,66.658028,57.740973,0.363240,1.938511,0.031789,0.004778,0.020757,-0.096726,0.162631,-0.208052,-0.202876,0.346580,-0.296655,-0.296655,0.163963,195350.000000,6817564.000000,-0.071582
2019-03-28,61.099998,62.169998,60.930000,62.009998,220000,0.000000,0.000000,61.099998,62.169998,60.930000,62.009998,61.992000,63.237400,60.722000,68.005200,61.307166,62.306981,-0.999815,-0.879411,-0.120404,48.867366,61.992000,66.042001,57.941999,0.502222,1.888617,0.030457,0.016891,0.018227,-0.077918,0.131776,-0.198837,-0.160893,0.354506,-0.284775,-0.284775,0.183623,191615.000000,13642199.560000,-0.038311
2019-03-29,62.110001,62.470001,61.040001,61.099998,174900,0.000000,0.000000,62.110001,62.470001,61.040001,61.099998,61.681000,63.350200,60.691000,67.877200,61.275294,62.217575,-0.942281,-0.891985,-0.050296,45.967780,61.681000,64.872620,58.489380,0.408980,1.855859,0.030374,-0.014675,0.034541,-0.076481,0.105082,-0.215157,-0.169273,0.353859,-0.295271,-0.295271,0.166253,189375.000000,10686389.650200,-0.069677
2019-04-01,61.770000,63.740002,61.709999,63.320000,152200,0.000000,0.000000,61.770000,63.740002,61.709999,63.320000,61.620500,63.491200,60.686400,67.773550,61.589865,62.299236,-0.709372,-0.855462,0.146090,53.254811,61.620500,64.625125,58.615875,0.782814,1.911869,0.030194,0.036334,0.079809,-0.059418,0.142754,-0.172288,-0.157419,0.373421,-0.269665,-0.269665,0.208628,183340.000000,9637304.000000,-0.046233
2019-04-02,63.270000,63.730000,61.570000,61.790001,161300,0.000000,0.000000,63.270000,63.730000,61.570000,61.790001,61.543500,63.544600,60.666800,67.668500,61.620655,62.261515,-0.640860,-0.812542,0.171681,48.409204,61.543500,64.440673,58.646327,0.542542,1.929593,0.031228,-0.024163,0.018125,-0.042461,0.106951,-0.191759,-0.164435,0.355151,-0.287313,-0.287313,0.179424,182300.000000,9966727.161300,-0.075922
2019-04-03,62.369999,63.320000,62.180000,62.730000,130200,0.000000,0.000000,62.369999,63.320000,62.180000,62.730000,61.574500,63.648200,60.647200,67.561650,61.791323,62.296218,-0.504894,-0.751012,0.246118,51.338707,61.574500,64.510208,58.638792,0.696801,1.901050,0.030305,0.015213,0.028698,-0.009474,0.150165,-0.174605,-0.174605,0.354346,-0.276471,-0.276471,0.197366,180910.000000,8167446.000000,-0.034297
2019-04-04,62.959999,63.810001,62.779999,63.779999,109700,0.000000,0.000000,62.959999,63.810001,62.779999,63.779999,61.701000,63.790000,60.626400,67.463050,62.097273,62.406127,-0.308854,-0.662581,0.353727,54.450103,61.701000,64.791773,58.610227,0.836323,1.842404,0.028887,0.016738,0.028544,0.026888,0.181111,-0.123540,-0.153550,0.351899,-0.264360,-0.264360,0.217408,175165.000000,6996665.890300,-0.039865
2019-04-05,63.930000,64.639999,63.810001,64.349998,176800,0.000000,0.000000,63.930000,64.639999,63.810001,64.349998,61.868000,63.931200,60.613000,67.375550,62.443846,62.550118,-0.106271,-0.551319,0.445047,56.091414,61.868000,65.156196,58.579804,0.877410,1.772232,0.027541,0.008937,0.053191,0.050612,0.168513,-0.126866,-0.133333,0.348212,-0.257785,-0.257785,0.228288,174770.000000,11377079.646400,-0.009534
2019-04-08,64.050003,65.089996,63.709999,64.820000,86400,0.000000,0.000000,64.050003,65.089996,63.709999,64.820000,61.967000,64.034000,60.624100,67.286650,62.809408,62.718257,0.091151,-0.422825,0.513976,57.452811,61.967000,65.489308,58.444692,0.904990,1.744216,0.026909,0.007304,0.023689,0.062449,0.181122,-0.091393,-0.099722,0.347742,-0.252364,-0.252364,0.237259,167895.000000,5600448.000000,0.015458
2019-04-09,64.459999,65.000000,63.459999,63.650002,106700,0.000000,0.000000,64.459999,65.000000,63.459999,63.650002,62.049500,64.112400,60.632100,67.196400,62.938731,62.787275,0.151455,-0.307969,0.459424,53.043811,62.049500,65.651455,58.447545,0.722171,1.729629,0.027174,-0.018050,0.030102,0.012890,0.130350,-0.068764,-0.104782,0.340710,-0.265859,-0.265859,0.214927,165860.000000,6791455.213400,-0.016421
2019-04-10,63.630001,64.279999,62.880001,63.130001,113200,0.000000,0.000000,63.630001,64.279999,62.880001,63.130001,62.035500,64.155000,60.632300,67.098300,62.968157,62.812662,0.155494,-0.215276,0.370771,51.164489,62.035500,65.617311,58.453689,0.652786,1.706084,0.027025,-0.008170,0.006377,0.018226,0.104830,-0.063631,-0.114586,0.338449,-0.271857,-0.271857,0.205001,162190.000000,7146316.113200,-0.039937
2019-04-11,63.830002,66.330002,63.830002,65.900002,261400,0.000000,0.000000,63.830002,66.330002,63.830002,65.900002,62.137500,64.241600,60.663300,67.029800,63.419210,63.041354,0.377856,-0.096650,0.474505,59.413605,62.137500,66.039915,58.235086,0.982074,1.812792,0.027508,0.043878,0.033239,0.039268,0.153308,-0.006632,-0.094780,0.362557,-0.239908,-0.239908,0.257874,166100.000000,17226260.522800,0.015707
2019-04-12,66.709999,67.739998,66.489998,67.180000,235700,0.000000,0.000000,66.709999,67.739998,66.489998,67.180000,62.361500,64.385800,60.695100,66.965950,63.997793,63.347921,0.649872,0.052655,0.597218,62.560724,62.361500,66.867493,57.855507,1.034677,1.814735,0.027013,0.019423,0.043978,0.051989,0.187345,0.032268,-0.087228,0.367189,-0.225144,-0.225144,0.282306,163515.000000,15834326.000000,0.042085
2019-04-15,67.169998,67.790001,66.949997,67.190002,326900,0.000000,0.000000,67.169998,67.790001,66.949997,67.190002,62.563000,64.513800,60.735800,66.902400,64.488902,63.632519,0.856383,0.213400,0.642983,62.585138,62.563000,67.553700,57.572300,0.963562,1.745112,0.025973,0.000149,0.036563,0.071611,0.216769,0.048697,-0.088331,0.359495,-0.225029,-0.225029,0.282497,173105.000000,21964411.653800,0.061817
2019-04-16,67.010002,68.000000,66.750000,67.709999,149900,0.000000,0.000000,67.010002,68.000000,66.750000,67.709999,62.933500,64.555000,60.787500,66.835200,64.984455,63.934555,1.049901,0.380700,0.669200,63.903034,62.933500,68.302684,57.564316,0.944807,1.709746,0.025251,0.007739,0.063786,0.072039,0.228188,0.058796,-0.115480,0.359551,-0.219031,-0.219031,0.292422,172755.000000,10149728.850100,0.089175
2019-04-17,68.169998,69.279999,67.949997,68.919998,146100,0.000000,0.000000,68.169998,69.279999,67.949997,68.919998,63.392500,64.590000,60.880500,66.775550,65.589924,64.303847,1.286077,0.561776,0.724301,66.830827,63.392500,69.166485,57.618515,0.978655,1.699765,0.024663,0.017870,0.091715,0.142952,0.242697,0.095707,-0.111283,0.315283,-0.205075,-0.205075,0.315518,166385.000000,10069211.707800,0.106033
2019-04-18,69.139999,70.029999,67.099998,68.459999,130900,0.000000,0.000000,69.139999,70.029999,67.099998,68.459999,63.770500,64.662400,60.953700,66.715600,66.031474,64.611710,1.419764,0.733373,0.686390,64.682918,63.770500,69.839734,57.701266,0.886334,1.787639,0.026112,-0.006674,0.038847,0.145966,0.216634,0.058278,-0.122308,0.313753,-0.210381,-0.210381,0.306738,164015.000000,8961413.869100,0.087676
2019-04-22,68.180000,70.250000,68.019997,68.570000,135400,0.000000,0.000000,68.180000,70.250000,68.019997,68.570000,64.246000,64.713200,61.030700,66.659700,66.422016,64.904917,1.517099,0.890118,0.626981,64.972831,64.246000,70.251147,58.240853,0.860025,1.819236,0.026531,0.001607,0.020691,0.125944,0.159844,0.074428,-0.097169,0.310704,-0.209112,-0.209112,0.308838,162545.000000,9284378.000000,0.039960
2019-04-23,68.589996,68.750000,67.860001,68.330002,186600,0.000000,0.000000,68.589996,68.750000,67.860001,68.330002,64.730500,64.777600,61.094400,66.603600,66.715552,65.158627,1.556926,1.023480,0.533446,63.743371,64.730500,70.384572,59.076428,0.818311,1.752862,0.025653,-0.003500,0.016967,0.156959,0.187315,0.102808,-0.074746,0.284299,-0.211880,-0.211880,0.304257,164670.000000,12750378.373200,0.030563
2019-04-24,68.440002,70.769997,68.440002,70.389999,222000,0.000000,0.000000,68.440002,70.769997,68.440002,70.389999,65.215500,64.877200,61.204700,66.551050,67.280852,65.546136,1.734716,1.165727,0.568989,69.141053,65.215500,71.070777,59.360222,0.941866,1.801943,0.025599,0.030148,0.039581,0.200375,0.241665,0.164433,-0.052625,0.290042,-0.188120,-0.188120,0.343577,166905.000000,15626579.778000,0.088481
2019-04-25,70.470001,70.760002,64.589996,65.269997,436300,0.000000,0.000000,70.470001,70.760002,64.589996,65.269997,65.430000,64.823800,61.234300,66.467650,66.971490,65.525681,1.445809,1.221743,0.224065,49.440093,65.430000,70.935855,59.924144,0.485470,2.113947,0.032388,-0.072738,-0.052960,0.075465,0.139291,0.081345,-0.090947,0.390593,-0.247174,-0.247174,0.245848,183130.000000,28477299.691100,-0.008475
2019-04-26,64.739998,66.680000,64.709999,66.129997,179500,0.000000,0.000000,64.739998,66.680000,64.709999,66.129997,65.636000,64.789400,61.313200,66.402050,66.842029,65.570445,1.271584,1.231712,0.039872,51.918336,65.636000,70.906343,60.365656,0.546866,2.103666,0.031811,0.013176,-0.034035,0.084454,0.108076,0.115365,-0.077041,0.391949,-0.237255,-0.237255,0.262264,181105.000000,11870334.461500,-0.028917
2019-04-29,66.070000,66.900002,64.669998,65.150002,163100,0.000000,0.000000,66.070000,66.900002,64.669998,65.150002,65.838500,64.713800,61.361600,66.343800,66.581717,65.539301,1.042416,1.193852,-0.151436,48.972555,65.838500,70.667780,61.009220,0.428716,2.112690,0.032428,-0.014819,-0.049876,0.050637,0.090742,0.144991,-0.026158,0.394361,-0.248558,-0.248558,0.243558,180515.000000,10625965.326200,-0.061138
2019-04-30,65.099998,65.540001,63.880001,64.389999,259800,0.000000,0.000000,65.099998,65.540001,63.880001,64.389999,65.892000,64.611200,61.419500,66.279750,66.244530,65.454168,0.790362,1.113154,-0.322792,46.756903,65.892000,70.626582,61.157417,0.341380,2.080355,0.032309,-0.011665,-0.057661,0.053846,0.055574,0.087669,-0.041102,0.392829,-0.257324,-0.257324,0.229051,185895.000000,16728521.740200,-0.096256
2019-05-01,62.470001,65.690002,62.470001,64.320000,690600,0.000000,0.000000,62.470001,65.690002,62.470001,64.320000,66.018500,64.486800,61.511900,66.218600,65.948448,65.370155,0.578293,1.006182,-0.427889,46.548016,66.018500,70.414719,61.622280,0.306823,2.161758,0.033609,-0.001087,-0.086234,0.015793,0.044665,0.112803,-0.026192,0.373488,-0.258131,-0.258131,0.227715,212360.000000,44419392.000000,-0.075974
2019-05-02,63.040001,65.889999,62.220001,65.709999,248000,0.000000,0.000000,63.040001,65.889999,62.220001,65.709999,66.167500,64.393800,61.616400,66.174150,65.911764,65.395329,0.516435,0.908233,-0.391798,51.209342,66.167500,70.287770,62.047230,0.444482,2.269489,0.034538,0.021611,0.006741,0.063441,0.095714,0.151595,-0.007402,0.368230,-0.242099,-0.242099,0.254247,218250.000000,16296079.752000,-0.007974
2019-05-03,66.379997,68.449997,65.760002,68.269997,190500,0.000000,0.000000,66.379997,68.449997,65.760002,68.269997,66.392000,64.377000,61.751700,66.133750,66.274569,65.608267,0.666302,0.859846,-0.193545,58.403956,66.392000,70.453404,62.330595,0.731200,2.303097,0.033735,0.038959,0.032361,0.088315,0.123046,0.173427,-0.014863,0.386719,-0.212572,-0.212572,0.303111,222290.000000,13005434.428500,-0.000872
2019-05-06,66.830002,69.260002,63.529999,68.900002,218100,0.000000,0.000000,66.830002,69.260002,63.529999,68.900002,66.619500,64.376600,61.890100,66.086000,66.678482,65.852099,0.826382,0.853154,-0.026771,59.968410,66.619500,70.708933,62.530066,0.778829,2.547876,0.036979,0.009228,0.057559,0.080276,0.049505,0.096087,-0.005772,0.384550,-0.205306,-0.205306,0.315137,224355.000000,15027090.436200,-0.056075
2019-05-07,67.959999,68.260002,66.739998,67.699997,309500,0.000000,0.000000,67.959999,68.260002,66.739998,67.699997,66.763500,64.358400,62.014700,66.028000,66.835638,65.988981,0.846657,0.851854,-0.005197,55.673235,66.763500,70.788449,62.738551,0.616337,2.520171,0.037226,-0.017417,0.051405,0.052059,0.007890,0.054517,-0.036984,0.391041,-0.219146,-0.219146,0.292231,235510.000000,20953149.071500,-0.067991
2019-05-08,67.750000,68.599998,66.599998,66.849998,192800,0.000000,0.000000,67.750000,68.599998,66.599998,66.849998,66.923500,64.345200,62.130100,65.971500,66.837847,66.052760,0.785087,0.838501,-0.053414,52.789055,66.923500,70.672258,63.174741,0.490197,2.483016,0.037143,-0.012555,0.039335,0.031317,0.030999,0.048134,-0.067643,0.394142,-0.228950,-0.228950,0.276007,239815.000000,12888679.614400,-0.046020
2019-05-09,66.269997,67.419998,65.510002,67.180000,121700,0.000000,0.000000,66.269997,67.419998,65.510002,67.180000,67.125999,64.343800,62.256900,65.914400,66.890486,66.136259,0.754227,0.821646,-0.067419,53.789965,67.125999,70.422175,63.829824,0.508191,2.442086,0.036351,0.004936,0.022371,0.055460,0.017416,0.053804,-0.087228,0.387569,-0.225144,-0.225144,0.282306,240240.000000,8175806.000000,-0.067958
2019-05-10,66.870003,66.870003,65.540001,66.570000,165000,0.000000,0.000000,66.870003,66.870003,65.540001,66.570000,67.159499,64.352000,62.384400,65.871750,66.841181,66.168388,0.672792,0.791875,-0.119083,51.611759,67.159499,70.416598,63.902400,0.409505,2.384794,0.035824,-0.009080,-0.024901,0.054491,0.022424,0.029062,-0.106443,0.387908,-0.232180,-0.232180,0.270662,235420.000000,10984050.000000,-0.062356
2019-05-13,65.120003,65.720001,64.290001,65.169998,215800,0.000000,0.000000,65.120003,65.720001,64.290001,65.169998,67.058999,64.309000,62.493100,65.811600,66.584076,66.094433,0.489642,0.731429,-0.241787,46.916037,67.058999,70.435294,63.682705,0.220255,2.377309,0.036479,-0.021031,-0.054136,-0.011077,-0.003669,-0.010477,-0.129907,0.365882,-0.248328,-0.248328,0.243940,234425.000000,14063685.568400,-0.050074
2019-05-14,65.269997,66.309998,64.959999,66.099998,103700,0.000000,0.000000,65.269997,66.309998,64.959999,66.099998,67.004499,64.340400,62.601100,65.770350,66.509602,66.094845,0.414757,0.668094,-0.253338,50.159964,67.004499,70.406978,63.602020,0.367082,2.303929,0.034855,0.014270,-0.023634,-0.016076,-0.027083,0.006241,-0.141001,0.362809,-0.237601,-0.237601,0.261691,223265.000000,6854569.792600,-0.070223
2019-05-15,65.559998,66.330002,64.970001,66.290001,119800,0.000000,0.000000,65.559998,66.330002,64.970001,66.290001,66.933499,64.399600,62.721000,65.737300,66.475817,66.109301,0.366516,0.607779,-0.241263,50.821187,66.933499,70.333253,63.533745,0.405361,2.236506,0.033738,0.002874,-0.008377,-0.013395,-0.022992,0.040496,-0.137971,0.362995,-0.235409,-0.235409,0.265318,221760.000000,7941542.119800,-0.077136
2019-05-16,66.220001,67.330002,66.180000,67.290001,92600,0.000000,0.000000,66.220001,67.330002,66.180000,67.290001,66.851999,64.503200,62.870000,65.707000,66.601076,66.196761,0.404316,0.567086,-0.162770,54.260600,66.851999,70.127109,63.576890,0.566868,2.158899,0.032083,0.015085,0.001637,-0.006203,-0.023792,0.070644,-0.101002,0.365947,-0.223875,-0.223875,0.284405,219085.000000,6231054.092600,-0.087223
2019-05-17,66.540001,67.860001,66.169998,66.309998,138700,0.000000,0.000000,66.540001,67.860001,66.169998,66.309998,66.744499,64.604400,63.005600,65.661800,66.556295,66.205149,0.351146,0.523898,-0.172752,50.530888,66.744499,69.937489,63.551510,0.431960,2.125406,0.032053,-0.014564,-0.003906,-0.037870,-0.046174,0.050705,-0.123463,0.363186,-0.235179,-0.235179,0.265700,219475.000000,9197196.722600,-0.092192
2019-05-20,65.750000,67.050003,65.190002,66.940002,101100,0.000000,0.000000,65.750000,67.050003,65.190002,66.940002,66.662999,64.723000,63.150500,65.622250,66.615327,66.259582,0.355745,0.490267,-0.134523,52.778054,66.662999,69.740936,63.585063,0.544998,2.106449,0.031468,0.009501,0.027160,-0.022203,-0.051035,0.065924,-0.120368,0.364648,-0.227912,-0.227912,0.277725,217760.000000,6767634.202200,-0.079834
2019-05-21,67.339996,68.510002,66.980003,67.440002,116300,0.000000,0.000000,67.339996,68.510002,66.980003,67.440002,66.618499,64.815000,63.277000,65.577200,66.742200,66.347021,0.395179,0.471250,-0.076071,54.542929,66.618499,69.619736,63.617262,0.636861,2.068131,0.030666,0.007469,0.020272,-0.016479,-0.041501,0.053750,-0.120730,0.365702,-0.222145,-0.222145,0.287269,214245.000000,7843272.232600,-0.081112
2019-05-22,67.000000,67.250000,64.370003,65.160004,199000,0.000000,0.000000,67.000000,67.250000,64.370003,65.160004,66.357000,64.878200,63.375700,65.525000,66.498785,66.259094,0.239692,0.424938,-0.185247,46.084758,66.357000,68.841504,63.872495,0.259108,2.139693,0.032838,-0.033808,-0.017046,-0.046392,-0.057155,0.032319,-0.189048,0.383440,-0.248443,-0.248443,0.243749,213095.000000,12966840.796000,-0.096182
2019-05-23,64.930000,64.930000,63.349998,64.019997,161900,0.000000,0.000000,64.930000,64.930000,63.349998,64.019997,66.294500,64.890400,63.461800,65.461100,66.117433,66.093235,0.024199,0.344790,-0.320592,42.533163,66.294500,68.951071,63.637929,0.071910,2.116144,0.033054,-0.017496,-0.048596,-0.090496,-0.071097,0.023665,-0.185496,0.368370,-0.261592,-0.261592,0.221989,199375.000000,10364837.514300,-0.084480
2019-05-24,64.419998,64.419998,63.270000,64.019997,95600,0.000000,0.000000,64.419998,64.419998,63.270000,64.019997,66.189000,64.893600,63.543800,65.403200,65.794751,65.939661,-0.144911,0.246850,-0.391761,42.533163,66.189000,69.033984,63.344015,0.118802,2.047133,0.031976,0.000000,-0.034535,-0.019151,-0.066900,0.073801,-0.192177,0.271366,-0.261592,-0.261592,0.221989,195180.000000,6120311.713200,-0.077827
2019-05-28,64.010002,64.080002,62.330002,62.369999,160200,0.000000,0.000000,64.010002,64.080002,62.330002,62.369999,66.049999,64.887000,63.622100,65.334550,65.267866,65.675242,-0.407376,0.116005,-0.523381,37.661184,66.049999,69.344813,62.755186,-0.058454,2.025909,0.032482,-0.025773,-0.068270,-0.056858,-0.076137,0.020118,-0.235474,0.279543,-0.280623,-0.280623,0.190494,195035.000000,9991673.839800,-0.083826
2019-05-29,61.730000,62.529999,61.020000,61.160000,111500,0.000000,0.000000,61.730000,62.529999,61.020000,61.160000,65.888499,64.847000,63.693700,65.256850,64.635886,65.340780,-0.704893,-0.048175,-0.656718,34.536921,65.888499,69.787214,61.989785,-0.106418,1.989059,0.032522,-0.019400,-0.093120,-0.061243,-0.090558,0.004764,-0.256413,0.282494,-0.294579,-0.294579,0.167398,187620.000000,6819340.000000,-0.089605
2019-05-30,61.169998,61.549999,59.380001,60.080002,169200,0.000000,0.000000,61.169998,61.549999,59.380001,60.080002,65.676500,64.842600,63.743800,65.175750,63.934981,64.951092,-1.016111,-0.241762,-0.774349,31.986331,65.676500,70.323614,61.029385,-0.102148,2.001983,0.033322,-0.017659,-0.077962,-0.066936,-0.091898,-0.030342,-0.267317,0.285595,-0.307036,-0.307036,0.146784,161550.000000,10165536.338400,-0.096570
2019-05-31,59.320000,59.669998,58.650002,59.000000,209500,0.000000,0.000000,59.320000,59.669998,58.650002,59.000000,65.341000,64.827800,63.785000,65.091500,63.175753,64.510271,-1.334517,-0.460313,-0.874204,29.629806,65.341000,70.864209,59.817790,-0.074032,1.961127,0.033239,-0.017976,-0.078413,-0.082711,-0.123589,-0.006065,-0.298037,0.290024,-0.319492,-0.319492,0.126169,159625.000000,12360500.000000,-0.104867
2019-06-03,58.990002,60.570000,57.500000,57.759998,360600,0.000000,0.000000,58.990002,60.570000,57.500000,57.759998,64.815500,64.765000,63.799500,65.000050,62.342560,64.010250,-1.667690,-0.701789,-0.965902,27.156050,64.815500,71.111235,58.519765,-0.060340,2.040332,0.035324,-0.021017,-0.097782,-0.120986,-0.104912,-0.073022,-0.299029,0.280121,-0.333795,-0.333795,0.102500,168130.000000,20828255.278800,-0.072640
2019-06-04,58.509998,59.599998,56.349998,59.570000,164400,0.000000,0.000000,58.509998,59.599998,56.349998,59.570000,64.349000,64.775200,63.823800,64.919150,61.916012,63.681343,-1.765331,-0.914497,-0.850834,35.607043,64.349000,70.752157,57.945843,0.126825,2.126737,0.035701,0.031337,-0.044893,-0.127435,-0.059372,0.022837,-0.277939,0.265583,-0.312918,-0.312918,0.137049,165445.000000,9793308.000000,-0.052872
2019-06-05,59.560001,59.630001,58.180000,58.540001,156700,0.000000,0.000000,59.560001,59.630001,58.180000,58.540001,63.891000,64.773200,63.837800,64.829350,61.396626,63.300503,-1.903877,-1.112373,-0.791504,33.243500,63.891000,70.588556,57.193443,0.100526,2.078399,0.035504,-0.017291,-0.042838,-0.150363,-0.057479,-0.029348,-0.269619,0.261862,-0.324798,-0.324798,0.117389,157805.000000,9173218.156700,-0.066746
2019-06-06,58.570000,58.570000,56.919998,58.320000,124100,0.000000,0.000000,58.570000,58.570000,56.919998,58.320000,63.464500,64.725800,63.855200,64.734950,60.923299,62.931577,-2.008278,-1.291554,-0.716724,32.743551,63.464500,70.448908,56.480091,0.131715,2.047799,0.035113,-0.003758,-0.029294,-0.138552,-0.047837,-0.004778,-0.272818,0.259675,-0.327336,-0.327336,0.113190,154370.000000,7237512.000000,-0.073989
2019-06-07,58.430000,59.189999,58.360001,58.500000,119600,0.000000,0.000000,58.430000,59.189999,58.360001,58.500000,63.030500,64.676200,63.888000,64.638200,60.550484,62.603312,-2.052828,-1.443809,-0.609019,33.623117,63.030500,70.120723,55.940277,0.180511,1.963670,0.033567,0.003086,-0.008475,-0.124906,-0.041141,0.062091,-0.269207,0.261070,-0.325259,-0.325259,0.116625,154265.000000,6996600.000000,-0.086221
2019-06-10,58.830002,60.520000,58.770000,60.480000,203400,0.000000,0.000000,58.830002,60.520000,58.770000,60.480000,62.726000,64.645600,63.941500,64.548100,60.539640,62.446029,-1.906389,-1.536325,-0.370064,42.526935,62.726000,69.698292,55.753707,0.338934,1.967694,0.032535,0.033846,0.047091,-0.099732,-0.037556,0.094463,-0.269124,0.293774,-0.302422,-0.302422,0.154419,156185.000000,12301632.000000,-0.072632
2019-06-11,60.990002,61.419998,58.630001,59.630001,319500,0.000000,0.000000,60.990002,61.419998,58.630001,59.630001,62.449000,64.616200,63.983200,64.456500,60.399696,62.237435,-1.837739,-1.596608,-0.241131,40.043626,62.449000,69.452587,55.445413,0.298746,2.026430,0.033983,-0.014054,0.001007,-0.104251,-0.038226,0.089331,-0.287149,0.295183,-0.312226,-0.312226,0.138194,161370.000000,19051785.319500,-0.068728
2019-06-12,59.250000,60.919998,59.130001,60.720001,281900,0.000000,0.000000,59.250000,60.919998,59.130001,60.720001,62.180000,64.564200,64.027700,64.373350,60.448973,62.125032,-1.676059,-1.612498,-0.063561,44.517802,62.180000,69.004122,55.355878,0.393027,2.009542,0.033095,0.018279,0.037239,-0.068283,-0.042422,0.102797,-0.293132,0.299767,-0.299654,-0.299654,0.159000,170280.000000,17116968.281900,-0.061957
2019-06-13,60.919998,62.410000,60.500000,61.799999,143200,0.000000,0.000000,60.919998,62.410000,60.500000,61.799999,61.955500,64.564400,64.054500,64.297100,60.656823,62.100956,-1.444132,-1.578825,0.134693,48.609833,61.955500,68.500009,55.410991,0.488120,2.002432,0.032402,0.017787,0.059671,-0.065053,-0.032258,0.118754,-0.287197,0.302582,-0.287197,-0.265161,0.179614,171450.000000,8849759.856800,-0.059282
2019-06-14,61.480000,62.759998,60.549999,62.200001,140500,0.000000,0.000000,61.480000,62.759998,60.549999,62.200001,61.701000,64.553800,64.101000,64.215600,60.894235,62.108292,-1.214057,-1.505871,0.291814,50.078412,61.701000,67.749102,55.652898,0.541253,2.017258,0.032432,0.006473,0.063248,-0.061699,-0.007974,0.124571,-0.259964,0.303721,-0.282584,-0.260404,0.187250,173845.000000,8739100.140500,-0.022038
2019-06-17,62.070000,62.080002,60.709999,60.790001,166000,0.000000,0.000000,62.070000,62.080002,60.709999,60.790001,61.425000,64.494000,64.142000,64.131550,60.878199,62.010641,-1.132442,-1.431185,0.298744,45.177456,61.425000,67.078436,55.771565,0.443840,1.979597,0.032565,-0.022669,0.005126,-0.096597,-0.037524,0.115413,-0.265821,0.303782,-0.298847,-0.277170,0.160336,175210.000000,10091140.166000,-0.054445
2019-06-18,61.040001,62.330002,60.779999,61.680000,67300,0.000000,0.000000,61.040001,62.330002,60.779999,61.680000,61.162000,64.440600,64.185900,64.041700,61.001553,61.986149,-0.984596,-1.341867,0.357272,48.597042,61.162000,66.189980,56.134021,0.551512,1.948912,0.031597,0.014641,0.034379,-0.069824,0.022886,0.146042,-0.266587,0.308582,-0.288581,-0.262201,0.177324,173520.000000,4151064.000000,-0.006883
2019-06-19,61.509998,62.860001,60.939999,61.270000,97400,0.000000,0.000000,61.509998,62.860001,60.939999,61.270000,60.853500,64.369600,64.201800,63.953050,61.042853,61.933101,-0.890248,-1.251544,0.361295,47.138336,60.853500,64.925940,56.781060,0.551136,1.946847,0.031775,-0.006647,0.009058,-0.084703,0.025611,0.128361,-0.266228,0.305220,-0.293310,-0.267105,0.169498,172575.000000,5967698.000000,-0.007815
2019-06-20,61.900002,63.080002,61.900002,62.820000,93800,0.000000,0.000000,61.900002,63.080002,61.900002,62.820000,60.736500,64.353000,64.232700,63.870900,61.316260,61.998797,-0.682537,-1.137742,0.455205,52.894840,60.736500,64.402130,57.070870,0.784194,1.937072,0.030835,0.025298,0.016505,-0.068505,0.031527,0.135986,-0.232498,0.319593,-0.275433,-0.248565,0.199084,167315.000000,5892516.000000,0.004434
2019-06-21,62.590000,62.599998,61.110001,61.380001,245100,0.000000,0.000000,62.590000,62.599998,61.110001,61.380001,60.604500,64.318000,64.236500,63.787050,61.326066,61.952961,-0.626894,-1.035573,0.408679,47.698065,60.604500,63.948285,57.260715,0.615962,1.920852,0.031294,-0.022923,-0.013183,-0.058011,0.039282,0.130387,-0.256901,0.308481,-0.292041,-0.265789,0.171598,171475.000000,15044238.245100,-0.011622
2019-06-24,61.610001,61.610001,59.630001,59.750000,126700,0.000000,0.000000,61.610001,61.610001,59.630001,59.750000,60.391000,64.195000,64.218300,63.689550,61.083595,61.789778,-0.706184,-0.969695,0.263511,42.596485,60.391000,63.338334,57.443667,0.391258,1.925077,0.032219,-0.026556,-0.017108,-0.066698,0.018929,0.140485,-0.268666,0.315487,-0.310842,-0.285287,0.140485,173030.000000,7570325.000000,-0.029275
2019-06-25,59.919998,60.040001,58.959999,59.200001,149700,0.000000,0.000000,59.919998,60.040001,58.959999,59.200001,60.232500,64.035400,64.210600,63.592050,60.793811,61.597943,-0.804132,-0.936582,0.132450,41.002893,60.232500,63.070653,57.394347,0.318104,1.864715,0.031499,-0.009205,-0.040208,-0.075289,-0.024551,0.122275,-0.284592,0.315961,-0.317186,-0.291866,0.129987,172505.000000,8862240.149700,-0.049670
2019-06-26,59.259998,60.360001,59.240002,60.150002,159000,0.000000,0.000000,59.259998,60.360001,59.240002,60.150002,60.182000,63.894600,64.204200,63.498550,60.694763,61.490688,-0.795925,-0.908451,0.112526,44.841409,60.182000,62.986408,57.377593,0.494295,1.814378,0.030164,0.016047,-0.018280,-0.035594,-0.013611,0.146806,-0.244347,0.312057,-0.306228,-0.280502,0.148120,174880.000000,9563850.318000,-0.048490
2019-06-27,60.240002,62.720001,59.740002,62.680000,161400,0.000000,0.000000,60.240002,62.720001,59.740002,62.680000,60.312000,63.794000,64.174500,63.393950,61.000184,61.578785,-0.578601,-0.842481,0.263880,53.515461,60.312000,63.329456,57.294545,0.892384,1.897637,0.030275,0.042061,-0.002229,0.024853,0.010805,0.144004,-0.216010,0.339189,-0.277047,-0.250239,0.196412,174490.000000,10116552.000000,-0.028129
2019-06-28,62.810001,65.089996,62.810001,64.669998,645500,0.000000,0.000000,62.810001,65.089996,62.810001,64.669998,60.595500,63.709000,64.149500,63.309300,61.564771,61.807764,-0.242993,-0.722583,0.479590,58.979646,60.595500,64.117231,57.073770,1.078479,1.934234,0.029909,0.031749,0.053600,0.076398,0.058429,0.169651,-0.190613,0.347319,-0.254095,-0.226435,0.234396,196290.000000,41744483.709000,0.022602
2019-07-01,65.879997,66.250000,63.830002,64.639999,173900,0.000000,0.000000,65.879997,66.250000,63.830002,64.639999,60.939500,63.632600,64.147500,63.225500,62.037883,62.017559,0.020324,-0.574002,0.594326,58.867307,60.939500,64.634830,57.244170,1.000699,1.968931,0.030460,-0.000464,0.081841,0.095593,0.020846,0.166576,-0.203450,0.338715,-0.254441,-0.226794,0.233823,186955.000000,11240895.826100,-0.012651
2019-07-02,64.559998,65.330002,63.799999,64.070000,103100,0.000000,0.000000,64.559998,65.330002,63.799999,64.070000,61.164500,63.542600,64.127900,63.143850,62.350516,62.169592,0.180925,-0.423017,0.603941,56.659053,61.164500,65.051739,57.277262,0.873723,1.937579,0.030242,-0.008818,0.082263,0.109245,0.036899,0.147796,-0.207545,0.329617,-0.261015,-0.233612,0.222943,183890.000000,6605617.000000,0.003722
2019-07-03,64.150002,64.919998,63.799999,64.639999,47400,0.000000,0.000000,64.150002,64.919998,63.799999,64.639999,61.469500,63.468800,64.123200,63.060050,62.702745,62.352585,0.350160,-0.268381,0.618541,58.341954,61.469500,65.445906,57.493095,0.898664,1.879181,0.029071,0.008897,0.074647,0.085110,0.030448,0.185185,-0.196520,0.316044,-0.254441,-0.226794,0.233823,178425.000000,3063935.952600,-0.004341
2019-07-05,64.220001,64.879997,63.720001,64.540001,107400,0.000000,0.000000,64.220001,64.879997,63.720001,64.540001,61.780500,63.351800,64.114500,62.984250,62.985399,62.514616,0.470784,-0.120548,0.591332,57.917072,61.780500,65.692163,57.868837,0.852727,1.827810,0.028321,-0.001547,0.029675,0.102494,0.011916,0.195185,-0.190721,0.307209,-0.255594,-0.227990,0.231915,177590.000000,6931596.107400,-0.022298
2019-07-08,64.440002,64.440002,63.730000,64.230003,120600,0.000000,0.000000,64.440002,64.440002,63.730000,64.230003,62.067000,63.331000,64.077400,62.905400,63.176877,62.641681,0.535195,0.010600,0.524595,56.542353,62.067000,65.802379,58.331622,0.789529,1.755110,0.027325,-0.004803,-0.006804,0.101337,-0.001865,0.166334,-0.192583,0.307598,-0.259169,-0.231699,0.225997,177640.000000,7746138.361800,-0.021980
2019-07-09,63.939999,64.230003,63.540001,63.930000,71200,0.000000,0.000000,63.939999,64.230003,63.540001,63.930000,62.239500,63.287000,64.038200,62.826800,63.292742,62.737112,0.555629,0.119606,0.436023,55.177394,62.239500,65.984927,58.494073,0.725675,1.679030,0.026264,-0.004671,-0.010984,0.092821,-0.013730,0.164905,-0.209765,0.309307,-0.262630,-0.235287,0.220271,171030.000000,4551816.000000,-0.037348
2019-07-10,64.230003,64.230003,61.680000,62.310001,122100,0.000000,0.000000,64.230003,64.230003,61.680000,62.310001,62.373500,63.230200,63.972000,62.742600,63.141551,62.705475,0.436076,0.182900,0.253176,48.384897,62.373500,65.911874,58.835126,0.491027,1.741243,0.027945,-0.025340,-0.027470,0.030258,-0.021053,0.106553,-0.239658,0.306286,-0.281315,-0.254665,0.189349,161160.000000,7608051.122100,-0.058129
2019-07-11,62.160000,63.000000,61.130001,62.849998,123000,0.000000,0.000000,62.160000,63.000000,61.130001,62.849998,62.480000,63.199400,63.905300,62.670600,63.096697,62.716180,0.380517,0.222424,0.158093,50.569269,62.480000,65.936088,59.023913,0.553528,1.750440,0.027851,0.008666,-0.027692,0.054000,-0.004435,0.099930,-0.206940,0.301736,-0.275087,-0.248206,0.199656,153215.000000,7730549.754000,-0.033540
2019-07-12,62.980000,65.930000,62.980000,65.440002,140700,0.000000,0.000000,62.980000,65.930000,62.980000,65.440002,62.662000,63.221800,63.854300,62.612800,63.457205,62.917945,0.539261,0.285791,0.253470,59.436349,62.662000,66.343342,58.980659,0.877308,1.845408,0.028200,0.041209,0.013945,0.077734,-0.006980,0.145257,-0.147917,0.326142,-0.245213,-0.217225,0.249093,153090.000000,9207408.281400,-0.044323
2019-07-15,65.150002,65.470001,64.419998,65.169998,155400,0.000000,0.000000,65.150002,65.470001,64.419998,65.169998,62.810500,63.211000,63.802400,62.551650,63.720712,63.084763,0.635948,0.355822,0.280126,58.262990,62.810500,66.649603,58.971398,0.807298,1.788594,0.027445,-0.004126,0.014635,0.054531,-0.029920,0.151820,-0.155829,0.323096,-0.248328,-0.220455,0.243940,153835.000000,10127417.689200,-0.064241
2019-07-16,65.629997,68.080002,65.550003,66.139999,241200,0.000000,0.000000,65.629997,68.080002,65.550003,66.139999,63.078000,63.168400,63.772700,62.493100,64.092910,63.311077,0.781833,0.441025,0.340808,61.224560,63.078000,67.066956,59.089045,0.883810,1.868694,0.028254,0.014884,0.034569,0.063344,-0.015627,0.197754,-0.135990,0.325629,-0.237140,-0.208852,0.262455,157595.000000,15952967.758800,-0.046569
2019-07-17,65.650002,65.650002,64.330002,64.559998,168200,0.000000,0.000000,65.650002,65.650002,64.330002,64.559998,63.222000,63.081600,63.729100,62.433400,64.164770,63.403590,0.761180,0.505056,0.256124,54.447400,63.222000,67.206393,59.237607,0.667905,1.864502,0.028880,-0.023889,0.036110,0.062017,-0.046522,0.171050,-0.134584,0.326871,-0.255363,-0.227751,0.232296,162640.000000,10858991.663600,-0.069644
2019-07-18,64.410004,64.690002,63.610001,64.419998,199300,0.000000,0.000000,64.410004,64.690002,63.610001,64.419998,63.379500,63.016000,63.687200,62.373250,64.204035,63.478879,0.725156,0.549076,0.176080,53.878297,63.379500,67.287302,59.471698,0.633131,1.808466,0.028073,-0.002169,0.024980,0.044423,-0.065293,0.161558,-0.156254,0.324552,-0.256978,-0.229426,0.229624,167735.000000,12838905.601400,-0.091701
2019-07-19,64.650002,65.849998,63.840000,65.230003,157100,0.000000,0.000000,64.650002,65.849998,63.840000,65.230003,63.500000,62.983600,63.664400,62.319400,64.361877,63.608592,0.753284,0.589917,0.163367,56.698384,63.500000,67.483063,59.516937,0.717170,1.822861,0.027945,0.012574,-0.003209,0.064632,-0.047181,0.159232,-0.168515,0.324728,-0.247635,-0.219737,0.245085,170900.000000,10247633.471300,-0.065739
2019-07-22,65.470001,66.379997,64.980003,65.660004,129500,0.000000,0.000000,65.470001,66.379997,64.980003,65.660004,63.714000,62.953200,63.648500,62.283850,64.561589,63.760549,0.801040,0.632142,0.168898,58.160918,63.714000,67.677334,59.750666,0.745501,1.792656,0.027302,0.006592,0.007519,0.045209,-0.042438,0.110623,-0.172005,0.314998,-0.242676,-0.214593,0.253293,165120.000000,8502970.518000,-0.066002
2019-07-23,65.910004,66.570000,65.639999,66.459999,99100,0.000000,0.000000,65.910004,66.570000,65.639999,66.459999,64.049500,62.951000,63.651500,62.247650,64.853652,63.960508,0.893144,0.684342,0.208801,60.812767,64.049500,67.725570,60.373430,0.827864,1.731038,0.026046,0.012184,0.004838,0.082763,-0.027367,0.154822,-0.149584,0.302828,-0.233449,-0.205024,0.268563,163740.000000,6586185.900900,-0.043447
2019-07-24,66.129997,68.099998,65.690002,67.870003,212900,0.000000,0.000000,66.129997,68.099998,65.690002,67.870003,64.483000,63.005000,63.657000,62.230300,65.317706,64.250100,1.067606,0.760995,0.306611,65.020931,64.483000,67.776031,61.189970,1.014268,1.779535,0.026220,0.021216,0.051270,0.135900,-0.035800,0.197213,-0.136514,0.286962,-0.217186,-0.188158,0.295476,166900.000000,14449523.638700,-0.062891
2019-07-25,68.040001,69.419998,66.410004,66.779999,194600,0.000000,0.000000,68.040001,69.419998,66.410004,66.779999,64.814500,63.018600,63.679500,62.222450,65.542674,64.437500,1.105174,0.829831,0.275343,59.685051,64.814500,67.560319,62.068682,0.857908,1.867425,0.027964,-0.016060,0.036635,0.128041,0.023135,0.165648,-0.110786,0.292539,-0.229758,-0.201196,0.274671,168680.000000,12995387.805400,0.008371
2019-07-26,66.879997,68.660004,66.580002,68.500000,124200,0.000000,0.000000,66.879997,68.660004,66.580002,68.500000,65.105500,63.062800,63.731200,62.227850,65.997647,64.738426,1.259221,0.915709,0.343512,64.619136,65.105500,68.119360,62.091640,1.063148,1.882609,0.027483,0.025756,0.050130,0.138820,0.035839,0.147788,-0.112694,0.298646,-0.209919,-0.180622,0.307501,166820.000000,8507700.000000,0.013275
2019-07-29,68.250000,69.059998,67.669998,68.870003,184000,0.000000,0.000000,68.250000,69.059998,67.669998,68.870003,65.315500,63.094400,63.798800,62.240500,66.439548,65.044469,1.395079,1.011583,0.383496,65.594637,65.315500,68.756606,61.874395,1.016477,1.847423,0.026825,0.005402,0.048888,0.098756,0.057099,0.153022,-0.073705,0.268980,-0.205652,-0.176196,0.314564,143745.000000,12672080.552000,0.040990
2019-07-30,68.199997,70.139999,68.169998,69.629997,274000,0.000000,0.000000,68.199997,70.139999,68.169998,69.629997,65.565000,63.160800,63.882600,62.263250,66.930386,65.384137,1.546249,1.118516,0.427733,67.572356,65.565000,69.489533,61.640467,1.017896,1.856178,0.026658,0.011035,0.047698,0.076697,0.081379,0.141475,-0.044856,0.251681,-0.196886,-0.167105,0.329070,148750.000000,19078619.178000,0.059364
2019-07-31,74.070000,77.800003,71.519997,76.300003,808800,0.000000,0.000000,74.070000,77.800003,71.519997,76.300003,66.176500,63.348000,64.035500,62.324400,68.371866,66.192720,2.179146,1.330642,0.848504,78.988102,66.176500,72.309859,60.043142,1.325282,2.307166,0.030238,0.095792,0.124208,0.180384,0.186256,0.239240,0.040218,0.405662,-0.119954,-0.087321,0.456385,184035.000000,61711442.426400,0.170631
2019-08-01,78.690002,78.690002,74.500000,75.279999,469800,0.000000,0.000000,78.690002,78.690002,74.500000,75.279999,66.708500,63.504800,64.159900,62.381050,69.434656,66.865852,2.568804,1.578274,0.990529,74.659626,66.708500,74.014421,59.402579,1.086613,2.441654,0.032434,-0.013368,0.127284,0.174965,0.145640,0.255294,-0.000929,0.408368,-0.131719,-0.099522,0.436915,205155.000000,35366543.530200,0.136389
2019-08-02,74.949997,77.650002,74.220001,77.099998,292400,0.000000,0.000000,74.949997,77.650002,74.220001,77.099998,67.336500,63.743600,64.310900,62.452050,70.613939,67.623937,2.990002,1.860620,1.129382,77.073754,67.336500,75.907338,58.765663,1.069577,2.512251,0.032584,0.024176,0.125547,0.192760,0.129339,0.268301,0.030060,0.412198,-0.110727,-0.077751,0.471655,214405.000000,22544039.415200,0.148929
2019-08-05,75.510002,77.680000,75.120003,76.099998,436300,0.000000,0.000000,75.510002,77.680000,75.120003,76.099998,67.930000,63.985200,64.437800,62.509100,71.457948,68.251793,3.206155,2.129727,1.076428,72.960831,67.930000,77.209691,58.650309,0.940209,2.515661,0.033057,-0.012970,0.104980,0.179114,0.104499,0.159177,-0.004578,0.417653,-0.122261,-0.089713,0.452567,230190.000000,33202429.127400,0.153402
2019-08-06,76.360001,78.580002,75.580002,78.389999,280500,0.000000,0.000000,76.360001,78.580002,75.580002,78.389999,68.653000,64.272600,64.583100,62.581950,72.524417,69.002771,3.521646,2.408111,1.113535,76.105419,68.653000,78.830293,58.475707,0.978369,2.550257,0.032533,0.030092,0.125808,0.220458,0.157903,0.167039,0.036905,0.421445,-0.095848,-0.062321,0.496278,240655.000000,21988394.719500,0.174288
2019-08-07,77.459999,77.860001,76.010002,77.260002,214100,0.000000,0.000000,77.459999,77.860001,76.010002,77.260002,69.400500,64.570400,64.728700,62.658450,73.252969,69.614418,3.638551,2.654199,0.984352,71.675772,69.400500,79.809645,58.991355,0.877529,2.538095,0.032851,-0.014415,0.012582,0.208509,0.155722,0.191549,0.005990,0.426993,-0.108881,-0.075837,0.474709,245255.000000,16541366.428200,0.165855
2019-08-08,77.639999,80.959999,77.639999,80.860001,220500,0.000000,0.000000,77.639999,80.959999,77.639999,80.860001,70.301000,64.964400,64.905700,62.760500,74.423282,70.447424,3.975857,2.918531,1.057327,76.390441,70.301000,81.416253,59.185748,0.974978,2.621088,0.032415,0.046596,0.074123,0.297705,0.203632,0.224595,0.069577,0.425978,-0.067359,-0.032775,0.543424,250130.000000,17829630.220500,0.187379
2019-08-09,80.239998,81.820000,79.050003,79.930000,263600,0.000000,0.000000,80.239998,81.820000,79.050003,79.930000,71.025500,65.361400,65.102000,62.858350,75.270469,71.149837,4.120632,3.158951,0.961681,73.009495,71.025500,82.682414,59.368586,0.881941,2.631725,0.032925,-0.011501,0.036706,0.271758,0.200691,0.227615,0.050329,0.434106,-0.078085,-0.043899,0.525673,256275.000000,21069548.000000,0.195361
2019-08-12,79.650002,80.470001,79.360001,80.150002,150300,0.000000,0.000000,79.650002,80.470001,79.360001,80.150002,71.774500,65.784400,65.306100,62.962650,76.021166,71.816516,4.204650,3.368091,0.836560,73.310428,71.774500,83.767454,59.781547,0.849184,2.523030,0.031479,0.002752,0.053220,0.224786,0.229860,0.225348,0.044981,0.421604,-0.075548,-0.041268,0.529872,256020.000000,12046545.300600,0.201563
2019-08-13,80.129997,81.809998,79.500000,80.940002,213300,0.000000,0.000000,80.129997,81.809998,79.500000,80.940002,72.514500,66.248000,65.506500,63.082850,76.777910,72.492330,4.285580,3.551589,0.733992,74.413621,72.514500,84.864687,60.164314,0.841108,2.507813,0.030984,0.009857,0.032530,0.241983,0.224508,0.191345,0.060813,0.418461,-0.066436,-0.031818,0.544951,254625.000000,17264502.426600,0.188065
2019-08-14,79.639999,79.860001,78.139999,79.169998,298100,0.000000,0.000000,79.639999,79.860001,78.139999,79.169998,73.245000,66.640000,65.707600,63.182700,77.145924,72.986972,4.158952,3.673061,0.485891,67.665128,73.245000,85.339825,61.150176,0.744939,2.528684,0.031940,-0.021868,0.024722,0.197006,0.194298,0.166839,0.043771,0.432939,-0.086851,-0.052990,0.511166,261120.000000,23600576.403800,0.200461
2019-08-15,78.510002,79.029999,77.730003,78.940002,241100,0.000000,0.000000,78.510002,79.029999,77.730003,78.940002,73.971001,67.048000,65.910600,63.288400,77.421936,73.427937,3.993999,3.737249,0.256750,66.817172,73.971001,85.568310,62.373691,0.714231,2.450921,0.031048,-0.002905,-0.023745,0.222739,0.173131,0.145220,0.038001,0.418759,-0.089504,-0.055742,0.506776,263210.000000,19032434.482200,0.189772
2019-08-16,79.510002,81.800003,78.830002,81.290001,228000,0.000000,0.000000,79.510002,81.800003,78.830002,81.290001,74.774000,67.507400,66.116600,63.409550,78.017023,74.010312,4.006711,3.791141,0.215569,70.838343,74.774000,86.042308,63.505693,0.789130,2.487998,0.030606,0.029769,0.017015,0.261875,0.225909,0.169304,0.073135,0.421726,-0.062399,-0.027632,0.551632,266755.000000,18534120.228000,0.215711
2019-08-19,82.430000,83.580002,81.870003,82.489998,243800,0.000000,0.000000,82.430000,83.580002,81.870003,82.489998,75.615500,67.987200,66.331700,63.531100,78.705173,74.638437,4.066736,3.846260,0.220476,72.660268,75.615500,86.526039,64.704961,0.815039,2.473855,0.029990,0.014762,0.029195,0.264602,0.232298,0.169407,0.078301,0.421867,-0.048558,-0.013278,0.574537,272470.000000,20111061.512400,0.193293
2019-08-20,82.449997,83.260002,82.440002,82.540001,153300,0.000000,0.000000,82.449997,83.260002,82.440002,82.540001,76.419500,68.428400,66.537000,63.629500,79.295146,75.223738,4.071408,3.891290,0.180119,72.736704,76.419500,86.848574,65.990427,0.793435,2.355723,0.028540,0.000606,0.019768,0.257082,0.223903,0.173110,0.069171,0.423264,-0.047982,-0.012679,0.575492,275180.000000,12653382.153300,0.202988
2019-08-21,83.000000,84.199997,83.000000,83.919998,176500,0.000000,0.000000,83.000000,84.199997,83.000000,83.919998,77.222000,68.914200,66.765200,63.728100,80.006662,75.867906,4.138756,3.940783,0.197973,74.828321,77.222000,87.346696,67.097304,0.830775,2.306028,0.027479,0.016719,0.059997,0.262714,0.287907,0.214296,0.077970,0.423677,-0.032065,0.000000,0.601832,273360.000000,14811879.647000,0.253153
2019-08-22,84.180000,84.430000,81.860001,81.889999,139300,0.000000,0.000000,84.180000,84.430000,81.860001,81.889999,77.977500,69.337600,66.950900,63.818650,80.296406,76.313987,3.982420,3.949110,0.033309,66.719481,77.977500,87.018450,68.936550,0.716377,2.324883,0.028390,-0.024190,0.037370,0.206571,0.279132,0.188189,0.043185,0.439456,-0.055479,-0.024190,0.563085,270595.000000,11407276.860700,0.231531
2019-08-23,81.550003,82.309998,78.019997,79.650002,239400,0.000000,0.000000,81.550003,82.309998,78.019997,79.650002,78.535000,69.694600,67.129500,63.898150,80.196959,76.561099,3.635861,3.886460,-0.250600,59.107906,78.535000,86.415920,70.654080,0.570741,2.465248,0.030951,-0.027354,-0.020175,0.192722,0.244143,0.160910,0.021809,0.449311,-0.081315,-0.050882,0.520328,276355.000000,19068210.478800,0.229116
2019-08-26,80.500000,80.500000,77.949997,79.500000,202000,0.000000,0.000000,80.500000,80.500000,77.949997,79.500000,79.066500,70.040600,67.297200,63.972200,80.089735,76.778795,3.310940,3.771356,-0.460417,58.625577,79.066500,85.504651,72.628349,0.533666,2.471302,0.031086,-0.001883,-0.036247,0.160584,0.274651,0.177603,0.027796,0.446358,-0.083045,-0.052669,0.517465,277255.000000,16059000.000000,0.242263
2019-08-27,79.970001,80.970001,78.580002,78.709999,266200,0.000000,0.000000,79.970001,80.970001,78.580002,78.709999,79.520500,70.399000,67.446500,64.036450,79.877468,76.921847,2.955620,3.608209,-0.652589,56.032285,79.520500,84.196164,74.844837,0.413328,2.465495,0.031324,-0.009937,-0.046402,0.142878,0.286952,0.170409,0.021544,0.450402,-0.092157,-0.062083,0.502386,276865.000000,20952601.733800,0.249901
2019-08-28,78.599998,81.400002,75.720001,80.879997,273700,0.000000,0.000000,78.599998,81.400002,75.720001,80.879997,79.749500,70.783000,67.611800,64.112400,80.031703,77.215044,2.816659,3.449899,-0.633240,61.119835,79.749500,84.204456,75.294544,0.626881,2.695103,0.033322,0.027570,-0.036225,0.161568,0.346205,0.222491,0.030318,0.455991,-0.067128,-0.036225,0.543806,250110.000000,22136855.178900,0.307995
2019-08-29,81.790001,84.379997,80.910004,84.199997,232400,0.000000,0.000000,81.790001,84.379997,80.910004,84.199997,80.195500,71.241600,67.805600,64.214850,80.672979,77.732448,2.940532,3.348026,-0.407494,67.345447,80.195500,84.551347,75.839653,0.959669,2.752595,0.032691,0.041048,0.028209,0.103539,0.427119,0.250743,0.085052,0.349486,-0.028835,0.000000,0.607177,238240.000000,19568079.302800,0.357317
2019-08-30,84.620003,86.080002,84.500000,85.540001,259400,0.000000,0.000000,84.620003,86.080002,84.500000,85.540001,80.617500,71.696000,68.024500,64.328300,81.421752,78.310785,3.110967,3.300614,-0.189647,69.470301,80.617500,85.331277,75.903723,1.022140,2.690267,0.031450,0.015915,0.073949,0.136291,0.480956,0.325585,0.073949,0.344857,-0.013379,0.000000,0.632754,236590.000000,22189076.259400,0.395062
2019-09-03,85.089996,86.709999,83.570000,84.440002,422100,0.000000,0.000000,85.089996,86.709999,83.570000,84.440002,81.034500,72.157200,68.237600,64.434950,81.886098,78.764801,3.121297,3.264750,-0.143454,65.691406,81.034500,85.536417,76.532583,0.878228,2.722391,0.032241,-0.012859,0.062138,0.095201,0.417492,0.333333,0.068861,0.344567,-0.026067,-0.012859,0.611758,235880.000000,35642124.844200,0.371387
2019-09-04,86.550003,88.860001,86.410004,87.820000,401300,0.000000,0.000000,86.550003,88.860001,86.410004,87.820000,81.506000,72.718600,68.456800,64.560050,82.799006,79.435556,3.363449,3.284490,0.078959,70.924940,81.506000,86.755017,76.256983,1.101446,2.843649,0.032380,0.040028,0.115741,0.154008,0.500171,0.413943,0.108139,0.359189,0.000000,0.000000,0.676274,241920.000000,35242166.000000,0.447184
2019-09-05,90.709999,92.980003,90.199997,91.260002,609500,0.000000,0.000000,90.709999,92.980003,90.199997,91.260002,82.206000,73.359800,68.697600,64.696350,84.100698,80.311441,3.789256,3.385443,0.403813,75.089767,82.206000,88.665345,75.746655,1.200845,3.009103,0.032973,0.039171,0.128338,0.164179,0.564815,0.489959,0.167754,0.367790,0.000000,0.000000,0.741936,261690.000000,55622971.219000,0.498992
2019-09-06,91.459999,93.440002,88.639999,89.650002,321200,0.000000,0.000000,91.459999,93.440002,88.639999,89.650002,82.645500,73.949800,68.922200,64.829000,84.954437,81.003187,3.951250,3.498605,0.452645,70.033456,82.645500,89.870066,75.420935,0.984770,3.137024,0.034992,-0.017642,0.064727,0.160368,0.532479,0.469431,0.131230,0.370376,-0.017642,-0.017642,0.711204,266725.000000,28795580.642400,0.485854
2019-09-09,89.629997,93.599998,89.589996,93.500000,294300,0.000000,0.000000,89.629997,93.599998,89.589996,93.500000,83.324000,74.566200,69.180100,64.983800,86.269139,81.928876,4.340262,3.666936,0.673326,74.461985,83.324000,91.897670,74.750330,1.093445,3.199380,0.034218,0.042945,0.093056,0.156320,0.545966,0.487906,0.188056,0.365689,0.000000,0.000000,0.784692,268260.000000,27517050.000000,0.512185
2019-09-10,93.500000,94.809998,92.220001,93.400002,302600,0.000000,0.000000,93.500000,94.809998,92.220001,93.400002,83.986500,75.140800,69.424900,65.152700,87.366195,82.778589,4.587605,3.851070,0.736535,74.155449,83.986500,93.521318,74.451683,0.993638,3.155852,0.033789,-0.001069,0.106111,0.168522,0.566326,0.506452,0.184528,0.360722,-0.001069,-0.001069,0.782783,275875.000000,28262840.605200,0.532885
2019-09-11,93.669998,94.239998,89.660004,92.080002,479200,0.000000,0.000000,93.669998,94.239998,89.660004,92.080002,84.543500,75.689600,69.661100,65.307400,88.091396,83.467583,4.623813,4.005619,0.618194,70.055698,84.543500,94.615391,74.471609,0.874135,3.257577,0.035378,-0.014133,0.048508,0.148846,0.516469,0.452137,0.101435,0.368296,-0.015187,-0.015187,0.757587,289170.000000,44124736.958400,0.468096
2019-09-12,92.440002,94.040001,90.250000,93.540001,291700,0.000000,0.000000,92.440002,94.040001,90.250000,93.540001,85.262000,76.279000,69.910800,65.470750,88.929643,84.213688,4.715955,4.147686,0.568269,71.905795,85.262000,95.761041,74.762959,0.894227,3.295607,0.035232,0.015856,0.024984,0.155671,0.513592,0.464767,0.146324,0.369491,0.000000,0.000000,0.785455,288850.000000,27285618.291700,0.467997
2019-09-13,94.709999,94.860001,92.660004,93.830002,286400,0.000000,0.000000,94.709999,94.860001,92.660004,93.830002,86.006500,76.862800,70.165800,65.630100,89.683544,84.926008,4.757537,4.269656,0.487881,72.272255,86.006500,96.727353,75.285648,0.864873,3.217349,0.034289,0.003100,0.046626,0.185171,0.508521,0.496491,0.152703,0.354590,0.000000,0.000000,0.790991,291115.000000,26872912.572800,0.459776
2019-09-16,92.959999,94.690002,92.360001,94.120003,146800,0.000000,0.000000,92.959999,94.690002,92.360001,94.120003,86.648000,77.454400,70.403100,65.803900,90.366076,85.607044,4.759032,4.367531,0.391501,72.656360,86.648000,97.710525,75.585476,0.837717,3.153967,0.033510,0.003091,0.006631,0.192298,0.548281,0.490184,0.170647,0.352794,0.000000,0.000000,0.796526,287055.000000,13816816.440400,0.508954
2019-09-17,94.199997,95.379997,93.339996,94.580002,163400,0.000000,0.000000,94.199997,95.379997,93.339996,94.580002,87.252501,78.061400,70.696200,65.965250,91.014373,86.271708,4.742665,4.442558,0.300107,73.288448,87.252501,98.673825,75.831176,0.820782,3.074398,0.032506,0.004887,0.012634,0.163489,0.533398,0.568491,0.161916,0.344451,0.000000,0.000000,0.805306,283035.000000,15454372.326800,0.504212
2019-09-18,94.480003,95.910004,93.059998,95.849998,231600,0.000000,0.000000,94.480003,95.910004,93.059998,95.849998,87.918000,78.699800,70.993400,66.153300,91.758315,86.981211,4.777104,4.509467,0.267637,75.006285,87.918000,99.727658,76.108342,0.835827,3.058370,0.031908,0.013428,0.040943,0.161959,0.564387,0.604453,0.202635,0.344125,0.000000,0.000000,0.829548,286950.000000,22198859.536800,0.540591
2019-09-19,95.860001,96.760002,94.940002,94.989998,274600,0.000000,0.000000,95.860001,96.760002,94.940002,94.989998,88.471500,79.353400,71.291800,66.326700,92.255497,87.574454,4.681043,4.543782,0.137260,71.646152,88.471500,100.527292,76.415709,0.770347,2.969915,0.031266,-0.008972,0.015501,0.150836,0.512098,0.559770,0.187375,0.348083,-0.008972,-0.008972,0.813132,291855.000000,26084253.450800,0.495760
2019-09-20,94.790001,95.849998,92.879997,93.010002,366000,0.000000,0.000000,94.790001,95.849998,92.879997,93.010002,89.027501,79.956600,71.578000,66.498750,92.371575,87.977087,4.394487,4.513923,-0.119436,64.483735,89.027501,100.828251,77.226750,0.668739,2.969921,0.031931,-0.020844,-0.008739,0.108317,0.515314,0.574839,0.167734,0.358938,-0.029630,-0.029630,0.775339,303190.000000,34041660.732000,0.504612
2019-09-23,92.629997,95.580002,92.000000,94.800003,233500,0.000000,0.000000,92.629997,95.580002,92.000000,94.800003,89.785001,80.543800,71.882800,66.697350,92.745179,88.482489,4.262690,4.463677,-0.200986,67.633883,89.785001,100.980698,78.589303,0.723970,3.013498,0.031788,0.019245,0.007225,0.157651,0.586611,0.616644,0.197726,0.345487,-0.010955,-0.010955,0.809506,302895.000000,22135800.700500,0.573275
2019-09-24,95.309998,95.599998,93.610001,94.199997,219000,0.000000,0.000000,95.309998,95.599998,93.610001,94.199997,90.520001,81.124400,72.167700,66.892050,92.968997,88.906008,4.062989,4.383539,-0.320550,65.535582,90.520001,100.762212,80.277789,0.679649,2.940391,0.031214,-0.006329,-0.004018,0.182674,0.591216,0.552150,0.219417,0.326111,-0.017214,-0.017214,0.798053,303745.000000,20629799.343000,0.577403
2019-09-25,94.410004,97.589996,94.410004,96.250000,271200,0.000000,0.000000,94.410004,97.589996,94.410004,96.250000,91.397001,81.726600,72.447500,67.099600,93.473767,89.450007,4.023760,4.311583,-0.287824,69.066708,91.397001,100.297183,82.496818,0.772635,2.972506,0.030883,0.021762,0.004173,0.210692,0.600166,0.578386,0.250000,0.327166,0.000000,0.000000,0.837183,303995.000000,26103000.000000,0.579002
2019-09-26,96.500000,97.019997,95.300003,95.400002,247000,0.000000,0.000000,96.500000,97.019997,95.300003,95.400002,92.123001,82.343400,72.712500,67.301300,93.770111,89.890748,3.879363,4.225139,-0.345776,66.045148,92.123001,99.678244,84.567758,0.716869,2.883041,0.030221,-0.008831,0.004316,0.212044,0.522017,0.538462,0.232558,0.326366,-0.008831,-0.008831,0.820958,302660.000000,23563800.494000,0.514122
2019-09-27,95.739998,96.370003,93.629997,94.160004,269000,0.000000,0.000000,95.739998,96.370003,93.629997,94.160004,92.621001,82.938201,72.977100,67.495900,93.830094,90.206989,3.623106,4.104733,-0.481627,61.797750,92.621001,99.231254,86.010748,0.616410,2.872824,0.030510,-0.012998,0.012364,0.164194,0.456008,0.541080,0.209506,0.328157,-0.021714,-0.021714,0.797290,304490.000000,25329041.076000,0.464327
2019-09-30,94.230003,95.320000,93.470001,93.699997,310700,0.000000,0.000000,94.230003,95.320000,93.470001,93.699997,93.029001,83.507600,73.245600,67.687850,93.810079,90.465730,3.344349,3.952656,-0.608307,60.249769,93.029001,98.745970,87.312032,0.558685,2.799765,0.029880,-0.004885,-0.011603,0.112827,0.449567,0.479785,0.224837,0.306813,-0.026494,-0.026494,0.788509,307055.000000,29112589.067900,0.460915
2019-10-01,93.989998,94.830002,91.010002,91.940002,408200,0.000000,0.000000,93.989998,94.830002,91.010002,91.940002,93.404001,84.033200,73.493200,67.875050,93.522375,90.574935,2.947440,3.751613,-0.804173,54.613113,93.404001,97.504072,89.303930,0.321467,2.872639,0.031245,-0.018783,-0.023991,0.074819,0.434993,0.487943,0.202616,0.315090,-0.044779,-0.044779,0.754915,306360.000000,37529908.816400,0.459707
2019-10-02,90.970001,92.150002,89.610001,91.029999,490000,0.000000,0.000000,90.970001,92.150002,89.610001,91.029999,93.564501,84.524600,73.737800,68.061100,93.138933,90.608644,2.530289,3.507348,-0.977059,51.909000,93.564501,96.929643,90.199359,0.123418,2.848879,0.031296,-0.009898,-0.054234,0.078044,0.408261,0.451140,0.197763,0.313300,-0.054234,-0.054234,0.737545,310795.000000,44604699.510000,0.455381
2019-10-03,91.050003,93.449997,89.750000,93.379997,307500,0.000000,0.000000,91.050003,93.449997,89.750000,93.379997,93.670501,85.034800,74.019900,68.256500,93.176019,90.813929,2.362090,3.278296,-0.916206,57.729669,93.670501,96.858916,90.482085,0.454444,2.909673,0.031159,0.025816,-0.021174,0.063311,0.446855,0.464095,0.283221,0.295962,-0.029818,-0.029818,0.782401,295695.000000,28714349.077500,0.482328
2019-10-04,93.930000,94.419998,90.620003,91.190002,310500,0.000000,0.000000,93.930000,94.419998,90.620003,91.190002,93.747501,85.523000,74.270800,68.435950,92.870478,90.841786,2.028692,3.028375,-0.999684,51.476779,93.747501,96.581815,90.913186,0.048833,2.973268,0.032605,-0.023453,-0.031542,-0.000767,0.419742,0.417094,0.237314,0.278776,-0.052571,-0.052571,0.740599,295160.000000,28314495.621000,0.434054
2019-10-07,91.000000,92.660004,90.360001,91.849998,233600,0.000000,0.000000,91.000000,92.660004,90.360001,91.849998,93.665001,85.990000,74.526400,68.623700,92.713481,90.916469,1.797013,2.782103,-0.985090,53.124598,93.665001,96.623005,90.706996,0.193205,2.925177,0.031847,0.007238,-0.019744,0.024540,0.436728,0.417001,0.287497,0.272056,-0.045714,-0.045714,0.753197,292125.000000,21456159.532800,0.459504
2019-10-08,91.129997,91.760002,90.089996,90.239998,286200,0.000000,0.000000,91.129997,91.760002,90.089996,90.239998,93.507000,86.417400,74.755900,68.812950,92.332945,90.866360,1.466586,2.518999,-1.052414,48.773369,93.507000,96.838592,90.175409,0.009693,2.841951,0.031493,-0.017529,-0.018490,-0.034866,0.448243,0.417753,0.320263,0.233294,-0.062442,-0.062442,0.722466,291305.000000,25826687.427600,0.494417
2019-10-09,91.320000,92.849998,91.320000,91.629997,205500,0.000000,0.000000,91.320000,92.849998,91.320000,91.629997,93.484500,86.857400,75.009100,69.007350,92.224800,90.922926,1.301874,2.275574,-0.973700,52.398396,93.484500,96.862426,90.106574,0.225497,2.825383,0.030835,0.015403,0.006591,-0.018951,0.457916,0.451449,0.359092,0.240617,-0.048000,-0.048000,0.748998,277620.000000,18829964.383500,0.493579
2019-10-10,91.739998,94.550003,91.650002,93.339996,250500,0.000000,0.000000,91.739998,94.550003,91.650002,93.339996,93.474500,87.198200,75.273100,69.211800,92.396368,91.101968,1.294400,2.079340,-0.784939,56.478621,93.474500,96.852918,90.096082,0.480094,2.832142,0.030342,0.018662,-0.000428,0.013684,0.426345,0.416388,0.406994,0.244510,-0.030234,-0.030234,0.781638,275560.000000,23381668.998000,0.461929
2019-10-11,94.459999,97.959999,93.519997,95.559998,327100,0.000000,0.000000,94.459999,97.959999,93.519997,95.559998,93.561000,87.603800,75.554300,69.415650,92.883080,91.432192,1.450888,1.953649,-0.502761,61.136102,93.561000,97.064033,90.057966,0.785324,2.959846,0.030974,0.023784,0.047922,0.021595,0.466319,0.422447,0.468347,0.252102,-0.007169,-0.007169,0.824012,277595.000000,31257675.345800,0.490677
2019-10-14,94.900002,96.790001,94.830002,95.989998,249500,0.000000,0.000000,94.900002,96.790001,94.830002,95.989998,93.654499,87.981600,75.862600,69.619150,93.361068,91.769808,1.591260,1.881171,-0.289911,61.984708,93.654499,97.316570,89.992429,0.818877,2.888428,0.030091,0.004500,0.045073,0.023020,0.451315,0.428635,0.498205,0.252286,-0.002701,-0.002701,0.832220,282730.000000,23949504.501000,0.472494
2019-10-15,96.769997,97.809998,95.739998,96.309998,240500,0.000000,0.000000,96.769997,97.809998,95.739998,96.309998,93.740999,88.385800,76.185500,69.823650,93.814749,92.106118,1.708631,1.846663,-0.138032,62.638517,93.740999,97.572903,89.909095,0.835212,2.829969,0.029384,0.003334,0.067265,0.023268,0.491791,0.422390,0.506020,0.252310,0.000000,0.000000,0.838328,286585.000000,23162554.519000,0.496250
2019-10-16,96.010002,97.430000,95.610001,95.839996,329800,0.000000,0.000000,96.010002,97.430000,95.610001,95.839996,93.740499,88.734800,76.503700,70.023750,94.126326,92.382701,1.743624,1.826056,-0.082431,60.979650,93.740499,97.571247,89.909751,0.774032,2.757828,0.028775,-0.004880,0.045946,0.013322,0.487737,0.390598,0.523688,0.252788,-0.004880,-0.004880,0.829357,291495.000000,31608030.680800,0.497857
2019-10-17,96.629997,97.250000,96.000000,97.230003,245900,0.000000,0.000000,96.629997,97.250000,96.000000,97.230003,93.852499,89.134200,76.852300,70.237200,94.603815,92.741761,1.862054,1.833255,0.028798,64.014902,93.852499,97.958182,89.746817,0.911321,2.661555,0.027374,0.014503,0.041676,0.014398,0.490572,0.420245,0.503014,0.253494,0.000000,0.000000,0.855889,290060.000000,23908857.737700,0.489300
2019-10-18,97.419998,99.599998,96.980003,98.599998,209200,0.000000,0.000000,97.419998,99.599998,96.980003,98.599998,94.131999,89.489000,77.226700,70.460200,95.218612,93.175704,2.042908,1.875186,0.167722,66.759377,94.131999,98.728005,89.535993,0.986074,2.658587,0.026963,0.014090,0.031812,0.038004,0.501675,0.437947,0.544970,0.254874,0.000000,0.000000,0.882039,282220.000000,20627119.581600,0.515644
2019-10-21,99.489998,101.000000,98.690002,99.550003,303300,0.000000,0.000000,99.489998,101.000000,98.690002,99.550003,94.369499,89.881400,77.621400,70.682600,95.884980,93.647875,2.237105,1.947570,0.289536,68.550565,94.369499,99.562935,89.176063,0.998755,2.640116,0.026521,0.009635,0.037087,0.070315,0.497894,0.456900,0.606682,0.242155,0.000000,0.000000,0.900172,285710.000000,30193515.909900,0.508608
2019-10-22,99.709999,100.889999,98.190002,98.349998,194900,0.000000,0.000000,99.709999,100.889999,98.190002,98.349998,94.576999,90.245400,78.014900,70.899950,96.264213,93.996180,2.268033,2.011662,0.256371,63.868871,94.576999,100.065177,89.088821,0.843739,2.644393,0.026888,-0.012054,0.021182,0.037447,0.449094,0.397216,0.626964,0.240539,-0.012054,-0.012054,0.877267,284505.000000,19168414.610200,0.475195
2019-10-23,98.349998,98.769997,97.330002,98.660004,227000,0.000000,0.000000,98.349998,98.769997,97.330002,98.660004,94.697499,90.599800,78.423900,71.111700,96.632797,94.341649,2.291148,2.067560,0.223589,64.542577,94.697499,100.440267,88.954732,0.845000,2.558365,0.025931,0.003152,0.029424,0.047346,0.477389,0.511567,0.634526,0.238707,-0.008940,-0.008940,0.883184,282295.000000,22395820.908000,0.491802
2019-10-24,98.480003,99.910004,96.199997,99.849998,276400,0.000000,0.000000,98.480003,99.910004,96.199997,99.849998,94.919999,91.013400,78.826700,71.325250,97.127751,94.749674,2.378076,2.129663,0.248413,67.080085,94.919999,101.105154,88.734845,0.898535,2.640625,0.026446,0.012062,0.026946,0.037403,0.457664,0.509905,0.684095,0.230988,0.000000,0.000000,0.905898,283765.000000,27598539.447200,0.475000
2019-10-25,99.559998,103.739998,98.989998,103.059998,524800,0.000000,0.000000,99.559998,103.739998,98.989998,103.059998,95.364999,91.495800,79.271900,71.554850,98.040404,95.365254,2.675150,2.238760,0.436390,72.746059,95.364999,102.523919,88.206079,1.037441,2.791295,0.027084,0.032148,0.045233,0.080293,0.496442,0.581888,0.811248,0.249953,0.000000,0.000000,0.967169,296555.000000,54085886.950400,0.502497
2019-10-28,103.500000,105.519997,103.500000,105.209999,395300,0.000000,0.000000,103.500000,105.519997,103.500000,105.209999,95.940499,91.974200,79.740800,71.798000,99.143419,96.094494,3.048924,2.400793,0.648131,75.755879,95.940499,104.287776,87.593222,1.055241,2.767631,0.026306,0.020862,0.056856,0.117353,0.510987,0.633949,0.777196,0.248795,0.000000,0.000000,1.008208,300785.000000,41589512.604700,0.504656
2019-10-29,104.889999,107.000000,104.650002,104.980003,438000,0.000000,0.000000,104.889999,107.000000,104.650002,104.980003,96.592499,92.424000,80.205600,72.046800,100.041355,96.752680,3.288675,2.578369,0.710305,74.804172,96.592499,105.632440,87.552558,0.963914,2.737800,0.026079,-0.002186,0.067412,0.120384,0.375885,0.632152,0.816263,0.247560,-0.002186,-0.002186,1.003818,302275.000000,45981241.314000,0.363478
2019-10-30,98.519997,104.500000,90.019997,92.610001,1129700,0.000000,0.000000,98.519997,104.500000,90.019997,92.610001,96.671499,92.625400,80.526900,72.234200,98.898070,96.445815,2.452255,2.553146,-0.100892,43.298277,96.671499,105.532610,87.810389,0.270825,3.610815,0.038989,-0.117832,-0.061322,0.007287,0.230207,0.409375,0.623028,0.489625,-0.119760,-0.119760,0.767704,334260.000000,104621518.129700,0.206430
2019-10-31,91.430000,92.419998,87.690002,89.199997,422000,0.000000,0.000000,91.430000,92.419998,87.690002,89.199997,96.462499,92.731000,80.822600,72.402900,97.406058,95.909088,1.496971,2.341911,-0.844941,38.486119,96.462499,105.833028,87.091971,0.112482,3.704328,0.041528,-0.036821,-0.106660,-0.020103,0.156939,0.306577,0.533173,0.505675,-0.152172,-0.152172,0.702615,339985.000000,37642398.734000,0.120921
2019-11-01,89.680000,93.339996,88.919998,93.330002,283800,0.000000,0.000000,89.680000,93.339996,88.919998,93.330002,96.569499,92.959800,81.148700,72.588200,96.778973,95.718044,1.060928,2.085715,-1.024786,46.274233,96.569499,105.733119,87.405879,0.323241,3.755447,0.040238,0.046301,-0.094411,-0.000535,0.226413,0.354572,0.484728,0.523741,-0.112917,-0.112917,0.781447,338650.000000,26487054.567600,0.140941
2019-11-04,93.760002,96.300003,93.699997,96.190002,406800,0.000000,0.000000,93.760002,96.300003,93.699997,96.190002,96.786499,93.290600,81.492600,72.773550,96.688362,95.753004,0.935358,1.855643,-0.920286,50.909324,96.786499,105.681148,87.891851,0.466469,3.699344,0.038459,0.030644,-0.085733,0.054831,0.227070,0.420827,0.498287,0.526063,-0.085733,-0.085733,0.836037,347310.000000,39130092.813600,0.150482
2019-11-05,96.320000,98.410004,95.559998,96.099998,398800,0.000000,0.000000,96.320000,98.410004,95.559998,96.099998,97.079499,93.622600,81.831600,72.966300,96.597844,95.778707,0.819137,1.648342,-0.829205,50.760906,97.079499,105.435938,88.723061,0.441392,3.638677,0.037863,-0.000936,-0.084588,0.046271,0.243852,0.437547,0.506742,0.526014,-0.086589,-0.086589,0.834320,352940.000000,38324679.202400,0.171124
2019-11-06,95.980003,97.610001,95.070000,97.050003,357100,0.000000,0.000000,95.980003,97.610001,95.070000,97.050003,97.350500,93.989400,82.194200,73.168100,96.667407,95.872877,0.794530,1.477580,-0.683050,52.340293,97.350500,105.304681,89.396318,0.481111,3.560200,0.036684,0.009886,0.047943,0.075465,0.200223,0.444626,0.522353,0.521277,-0.077559,-0.077559,0.852453,360520.000000,34656556.071300,0.154015
2019-11-07,97.980003,99.160004,97.489998,98.400002,228800,0.000000,0.000000,97.980003,99.160004,97.489998,98.400002,97.603500,94.339800,82.561400,73.373650,96.933960,96.060072,0.873888,1.356841,-0.482953,54.570320,97.603500,105.339471,89.867529,0.551480,3.456614,0.035128,0.013910,0.103139,0.073884,0.231077,0.478143,0.521101,0.520891,-0.064728,-0.064728,0.878221,359435.000000,22513920.457600,0.171350
2019-11-08,98.400002,99.430000,96.919998,98.199997,179400,0.000000,0.000000,98.400002,99.430000,96.919998,98.199997,97.735500,94.619800,82.930700,73.566250,97.128735,96.218585,0.910150,1.267503,-0.357353,54.165952,97.735500,105.414540,90.056460,0.530244,3.388999,0.034511,-0.002033,0.052180,0.052068,0.225203,0.506828,0.491042,0.518450,-0.066629,-0.066629,0.874403,352050.000000,17617079.461800,0.147387
2019-11-11,97.370003,99.510002,97.300003,99.480003,134000,0.000000,0.000000,97.370003,99.510002,97.300003,99.480003,97.910000,94.898600,83.297300,73.765000,97.490469,96.460171,1.030297,1.220062,-0.189765,56.393015,97.910000,105.580639,90.239361,0.602338,3.304785,0.033221,0.013035,0.034203,0.041021,0.229059,0.504993,0.514386,0.514329,-0.054462,-0.054462,0.898836,346275.000000,13330320.402000,0.173183
2019-11-12,99.570000,99.980003,96.739998,99.010002,133400,0.000000,0.000000,99.570000,99.980003,96.739998,99.010002,98.045000,95.190000,83.673600,73.955050,97.724243,96.649048,1.075195,1.191089,-0.115893,55.329911,98.045000,105.692076,90.397925,0.563096,3.300158,0.033332,-0.004725,0.030281,0.031462,0.250600,0.493589,0.554073,0.514857,-0.058930,-0.058930,0.889865,340920.000000,13207934.266800,0.158993
2019-11-13,98.360001,99.330002,97.239998,99.110001,138000,0.000000,0.000000,98.360001,99.330002,97.239998,99.110001,98.208501,95.415800,84.067200,74.142750,97.937437,96.831341,1.106096,1.174090,-0.067994,55.522033,98.208501,105.796675,90.620326,0.559402,3.213718,0.032426,0.001010,0.021226,0.029073,0.255510,0.472879,0.576929,0.514844,-0.057979,-0.057979,0.891773,331330.000000,13677180.138000,0.163388
2019-11-14,98.830002,99.830002,98.459999,98.650002,197400,0.000000,0.000000,98.830002,99.830002,98.459999,98.650002,98.279501,95.563600,84.461700,74.336150,98.047062,96.966056,1.081006,1.155473,-0.074467,54.363748,98.279501,105.855690,90.703312,0.524452,3.082024,0.031242,-0.004641,0.002541,0.029320,0.213556,0.487709,0.563144,0.514805,-0.062351,-0.062351,0.882993,328905.000000,19473510.394800,0.139718
2019-11-15,99.559998,99.570000,97.029999,97.120003,172700,0.000000,0.000000,99.559998,99.570000,97.029999,97.120003,98.205501,95.713000,84.831400,74.517800,97.904438,96.977460,0.926978,1.109774,-0.182796,50.583842,98.205501,105.797404,90.613597,0.428510,3.043308,0.031336,-0.015509,-0.010998,-0.001131,0.177355,0.450852,0.546497,0.516048,-0.076894,-0.076894,0.853789,327080.000000,16772624.518100,0.110126
2019-11-18,96.739998,97.410004,94.879997,97.209999,224700,0.000000,0.000000,96.739998,97.410004,94.879997,97.209999,98.088501,95.787200,85.176700,74.675600,97.797601,96.994685,0.802916,1.048403,-0.245487,50.800537,98.088501,105.665270,90.511732,0.442027,3.006644,0.030929,0.000927,-0.022819,-0.014097,0.177732,0.441429,0.518906,0.513681,-0.076038,-0.076038,0.855507,323150.000000,21843086.775300,0.102073
2019-11-19,97.160004,97.989998,96.029999,97.050003,153000,0.000000,0.000000,97.160004,97.989998,96.029999,97.050003,98.023501,95.860200,85.500500,74.825000,97.682586,96.998782,0.683803,0.975483,-0.291679,50.377588,98.023501,105.613118,90.433883,0.435866,2.931884,0.030210,-0.001646,-0.019796,-0.025113,0.156459,0.489411,0.537548,0.512459,-0.077559,-0.077559,0.852453,321055.000000,14848650.459000,0.087826
2019-11-20,96.120003,97.639999,95.510002,96.269997,221200,0.000000,0.000000,96.120003,97.639999,95.510002,96.269997,97.904000,95.944000,85.816800,74.982150,97.465264,96.944798,0.520466,0.884479,-0.364013,48.267747,97.904000,105.526611,90.281390,0.392819,2.874606,0.029860,-0.008037,-0.028655,-0.021149,0.175601,0.503749,0.539335,0.511524,-0.084973,-0.084973,0.837564,320765.000000,21294923.336400,0.108612
2019-11-21,96.860001,97.089996,94.930000,95.680000,314300,0.000000,0.000000,96.860001,97.089996,94.930000,95.680000,97.695501,95.986800,86.132900,75.130400,97.190608,96.851110,0.339499,0.775483,-0.435984,46.675402,97.695501,105.322113,90.068889,0.367864,2.823562,0.029510,-0.006129,-0.030106,-0.030205,0.201255,0.494533,0.604831,0.511700,-0.090581,-0.090581,0.826303,322660.000000,30072224.000000,0.103931
2019-11-22,96.370003,96.940002,92.470001,93.059998,194000,0.000000,0.000000,96.370003,96.940002,92.470001,93.059998,97.195501,95.971400,86.417100,75.270150,96.555130,96.570287,-0.015157,0.617355,-0.632512,40.315016,97.195501,104.650556,89.740445,0.222638,2.941165,0.031605,-0.027383,-0.041804,-0.068002,0.170566,0.492063,0.522080,0.517286,-0.115483,-0.115483,0.776293,306120.000000,18053639.612000,0.085748
2019-11-25,92.860001,95.339996,90.889999,94.360001,343100,0.000000,0.000000,92.860001,95.339996,90.889999,94.360001,96.653001,95.976200,86.715300,75.414900,96.217418,96.406562,-0.189144,0.456055,-0.645199,44.366023,96.653001,103.172874,90.133127,0.324153,3.048939,0.032312,0.013970,-0.029318,-0.084417,0.198831,0.542838,0.550189,0.505503,-0.103127,-0.103127,0.801107,303510.000000,32374916.343100,0.095912
2019-11-26,94.480003,96.559998,94.129997,96.430000,185900,0.000000,0.000000,94.480003,96.559998,94.129997,96.430000,96.225501,96.013200,87.037300,75.557350,96.250123,96.408298,-0.158175,0.333209,-0.491384,50.166092,96.225501,101.436262,91.014739,0.519623,3.004729,0.031160,0.021937,-0.006388,-0.083452,0.192260,0.605027,0.556327,0.506174,-0.083452,-0.083452,0.840618,290905.000000,17926337.000000,0.091578
2019-11-27,96.570000,97.089996,95.040001,95.370003,505900,0.000000,0.000000,96.570000,97.089996,95.040001,95.370003,96.363501,96.003600,87.351700,75.694950,96.114720,96.331387,-0.216667,0.223234,-0.439901,47.438715,96.363501,101.310618,91.416384,0.399588,2.936534,0.030791,-0.010992,-0.009349,-0.091541,0.132660,0.616441,0.606637,0.506776,-0.093527,-0.093527,0.820386,259715.000000,48247684.517700,0.040881
2019-11-29,95.279999,96.440002,94.250000,94.900002,85900,0.000000,0.000000,95.279999,96.440002,94.250000,94.900002,96.648501,96.001800,87.677600,75.824800,95.927840,96.225359,-0.297519,0.119083,-0.416602,46.238343,96.648501,100.360583,92.936419,0.264485,2.883210,0.030382,-0.004928,-0.008152,0.024727,0.109423,0.643006,0.523030,0.293363,-0.097994,-0.097994,0.811414,242910.000000,8151910.171800,0.021189
2019-12-02,94.800003,95.000000,90.019997,90.320000,313700,0.000000,0.000000,94.800003,95.000000,90.019997,90.320000,96.498001,95.948000,87.952300,75.928800,95.065095,95.787925,-0.722829,-0.049299,-0.673530,36.536369,96.498001,100.947421,92.048581,-0.194248,3.032981,0.033580,-0.048261,-0.029443,0.012556,0.069635,0.516199,0.550824,0.314054,-0.141526,-0.141526,0.723993,244405.000000,28333384.000000,-0.018480
2019-12-03,88.680000,91.269997,85.809998,86.510002,511900,0.000000,0.000000,88.680000,91.269997,85.809998,86.510002,96.014001,95.782200,88.163000,76.008650,93.748927,95.100671,-1.351744,-0.309788,-1.041956,30.755150,96.014001,102.322183,89.705819,-0.253307,3.206339,0.037063,-0.042183,-0.083192,-0.073074,-0.014917,0.477793,0.434422,0.301800,-0.177740,-0.177740,0.651269,249660.000000,44284470.023800,-0.083084
2019-12-04,87.120003,89.330002,86.989998,87.110001,289200,0.000000,0.000000,87.120003,89.330002,86.989998,87.110001,95.564501,95.640400,88.382400,76.092400,92.727554,94.508770,-1.781216,-0.604074,-1.177142,32.564786,95.564501,103.023163,88.105838,-0.066757,3.178744,0.036491,0.006936,-0.096650,-0.094397,-0.045474,0.493656,0.486519,0.278333,-0.172037,-0.172037,0.662722,244180.000000,25192212.289200,-0.100895
2019-12-05,87.000000,89.110001,86.699997,88.830002,274000,0.000000,0.000000,87.000000,89.110001,86.699997,88.830002,95.153501,95.492000,88.609300,76.191000,92.127931,94.088120,-1.960190,-0.875297,-1.084893,37.599285,95.153501,103.153746,87.153255,0.104793,3.123834,0.035166,0.019745,-0.068575,-0.075650,-0.009147,0.518462,0.612745,0.290673,-0.155689,-0.155689,0.695553,240025.000000,24339420.548000,-0.066857
2019-12-06,89.510002,91.349998,89.209999,90.019997,279100,0.000000,0.000000,89.510002,91.349998,89.209999,90.019997,94.734501,95.384400,88.863900,76.296500,91.803633,93.786778,-1.983145,-1.096866,-0.886278,40.887426,94.734501,102.895003,86.573999,0.211139,3.080702,0.034222,0.013396,-0.051423,-0.072437,-0.037219,0.488426,0.629026,0.292968,-0.144378,-0.144378,0.718267,242540.000000,25124581.162700,-0.107586
2019-12-09,89.529999,92.489998,89.529999,92.250000,240100,0.000000,0.000000,89.529999,92.489998,89.529999,92.250000,94.437001,95.346200,89.142200,76.414700,91.872305,93.672942,-1.800637,-1.237621,-0.563017,46.569360,94.437001,102.498782,86.375220,0.364360,3.072081,0.033302,0.024772,0.021368,-0.062500,-0.012313,0.547040,0.685239,0.303293,-0.123182,-0.123182,0.760832,245575.000000,22149225.000000,-0.078822
2019-12-10,92.029999,92.029999,90.480003,91.389999,178400,0.000000,0.000000,92.029999,92.029999,90.480003,91.389999,94.032501,95.300000,89.403800,76.534100,91.798104,93.503835,-1.705731,-1.331243,-0.374489,44.781660,94.032501,101.836594,86.228407,0.330698,2.979075,0.032597,-0.009323,0.056410,-0.069348,-0.007494,0.505105,0.659826,0.304083,-0.131356,-0.131356,0.744417,247795.000000,16303975.821600,-0.062147
2019-12-11,91.970001,93.870003,91.730003,93.410004,180900,0.000000,0.000000,91.970001,93.870003,91.730003,93.410004,93.752501,95.329400,89.681300,76.664900,92.046089,93.496885,-1.450796,-1.355153,-0.095643,49.668955,93.752501,101.198268,86.306733,0.477001,2.943427,0.031511,0.022103,0.072322,-0.061017,-0.001390,0.511489,0.690985,0.311725,-0.112157,-0.112157,0.782974,250170.000000,16897869.723600,-0.057474
2019-12-12,93.260002,95.529999,92.290001,94.489998,423500,0.000000,0.000000,93.260002,95.529999,92.290001,94.489998,93.521501,95.398600,89.961600,76.806550,92.422075,93.570449,-1.148374,-1.313798,0.165423,52.109508,93.521501,100.541941,86.501060,0.568977,2.964611,0.031375,0.011562,0.063717,-0.045652,0.007034,0.519132,0.708371,0.315545,-0.101891,-0.101891,0.803588,264445.000000,40016514.153000,-0.059082
2019-12-13,94.599998,94.599998,90.860001,91.589996,207900,0.000000,0.000000,94.599998,94.599998,90.860001,91.589996,93.168500,95.362800,90.198800,76.927900,92.294063,93.423749,-1.129686,-1.276975,0.147289,45.701225,93.168500,99.802516,86.534485,0.381030,3.019995,0.032973,-0.030691,0.017441,-0.075875,-0.026881,0.506662,0.680550,0.330451,-0.129455,-0.129455,0.748234,264970.000000,19041560.168400,-0.098180
2019-12-16,91.809998,93.290001,91.559998,91.949997,255100,0.000000,0.000000,91.809998,93.290001,91.559998,91.949997,92.910000,95.378000,90.450500,77.065000,92.241129,93.314582,-1.073452,-1.236271,0.162818,46.579485,92.910000,99.293897,86.526102,0.424811,2.927853,0.031842,0.003931,-0.003252,-0.067917,-0.027807,0.490759,0.708473,0.331424,-0.126034,-0.126034,0.755106,269090.000000,23456444.234700,-0.104549
2019-12-17,92.269997,94.510002,90.720001,91.339996,184000,0.000000,0.000000,92.269997,94.510002,90.720001,91.339996,92.616500,95.367800,90.678900,77.205050,92.102494,93.168316,-1.065823,-1.202181,0.136358,45.244100,92.616500,98.700721,86.532279,0.395097,2.989435,0.032729,-0.006634,-0.000547,-0.059514,-0.047053,0.490778,0.682136,0.328663,-0.131832,-0.131832,0.743462,267055.000000,16806559.264000,-0.126047
2019-12-18,91.279999,91.919998,88.970001,91.449997,214700,0.000000,0.000000,91.279999,91.919998,88.970001,91.449997,92.336500,95.392000,90.904700,77.351750,92.002109,93.041033,-1.038924,-1.169530,0.130606,45.547267,92.336500,98.066771,86.606228,0.422647,2.986618,0.032658,0.001204,-0.020983,-0.059253,-0.037267,0.455747,0.653707,0.328703,-0.130786,-0.130786,0.745562,270140.000000,19634314.355900,-0.116073
2019-12-19,91.529999,92.589996,90.379997,90.500000,318400,0.000000,0.000000,91.529999,92.589996,90.379997,90.500000,92.048000,95.369400,91.113400,77.498000,91.771016,92.852809,-1.081793,-1.151982,0.070189,43.316693,92.048000,97.519586,86.576413,0.358542,2.931145,0.032388,-0.010388,-0.042227,-0.067491,-0.026986,0.474422,0.666667,0.329744,-0.139816,-0.139816,0.727429,275000.000000,28815200.000000,-0.121786
2019-12-20,90.779999,91.889999,89.970001,91.339996,1056000,0.000000,0.000000,90.779999,91.889999,89.970001,91.339996,91.830999,95.329400,91.263800,77.649650,91.704705,92.740748,-1.036043,-1.128795,0.092751,45.842236,91.830999,97.033727,86.628272,0.452813,2.858920,0.031300,0.009282,-0.002730,-0.051210,-0.036498,0.528703,0.743462,0.331936,-0.131832,-0.131832,0.741468,312085.000000,96455035.776000,-0.136653
2019-12-23,91.370003,91.440002,89.339996,90.750000,229600,0.000000,0.000000,91.370003,91.440002,89.339996,90.750000,91.715500,95.233200,91.418500,77.789200,91.557827,92.593286,-1.035458,-1.110127,0.074669,44.347630,91.715500,96.905898,86.525101,0.406992,2.804712,0.030906,-0.006459,-0.013051,-0.051526,-0.036624,0.532939,0.720379,0.331987,-0.137439,-0.137439,0.730219,313865.000000,20836200.000000,-0.155722
2019-12-24,91.029999,92.779999,90.529999,92.320000,86400,0.000000,0.000000,91.029999,92.779999,90.529999,92.320000,91.613500,95.159800,91.570700,77.940800,91.675085,92.573042,-0.897958,-1.067693,0.169736,49.103040,91.613500,96.663358,86.563641,0.569953,2.765090,0.029951,0.017300,0.010729,-0.007952,-0.040831,0.534830,0.760152,0.325478,-0.122517,-0.122517,0.709630,301030.000000,7976448.000000,-0.149220
2019-12-26,92.190002,92.190002,90.739998,92.089996,84600,0.000000,0.000000,92.190002,92.190002,90.739998,92.089996,91.396499,95.075400,91.730600,78.084200,91.738917,92.537261,-0.798344,-1.013823,0.215480,48.449883,91.396499,95.920509,86.872490,0.576646,2.680441,0.029107,-0.002491,0.006998,-0.024057,-0.034696,0.469209,0.680781,0.321433,-0.124703,-0.124703,0.705370,295965.000000,7790813.661600,-0.158189
2019-12-27,92.309998,92.760002,90.910004,92.360001,154400,0.000000,0.000000,92.309998,92.760002,90.910004,92.360001,91.245999,95.005800,91.870300,78.226700,91.834468,92.524131,-0.689662,-0.948991,0.259329,49.302428,91.245999,95.398443,87.093555,0.634138,2.621123,0.028379,0.002932,0.020552,-0.042207,-0.019116,0.428174,0.670465,0.310945,-0.122137,-0.122137,0.710370,278390.000000,14260384.154400,-0.153504
2019-12-30,92.699997,93.389999,91.879997,92.209999,132400,0.000000,0.000000,92.699997,93.389999,91.879997,92.209999,91.111499,94.905400,92.019800,78.374250,91.892242,92.500862,-0.608619,-0.880917,0.272298,48.819380,91.111499,94.926125,87.296873,0.643985,2.541758,0.027565,-0.001624,0.009525,-0.033134,-0.015902,0.426516,0.664140,0.309169,-0.123562,-0.123562,0.707593,280715.000000,12208603.867600,-0.134243
2019-12-31,92.000000,94.339996,92.000000,93.120003,200500,0.000000,0.000000,92.000000,94.339996,92.000000,93.120003,91.251499,94.795800,92.142400,78.524050,92.081129,92.546724,-0.465595,-0.797853,0.332257,51.898397,91.251499,95.148451,87.354547,0.739739,2.527346,0.027141,0.009869,0.026116,-0.018757,0.012834,0.453410,0.668219,0.311295,-0.114913,-0.114913,0.724444,275055.000000,18670560.601500,-0.121691
2020-01-02,93.709999,93.860001,92.559998,93.790001,224200,0.000000,0.000000,93.709999,93.860001,92.559998,93.790001,91.615499,94.680600,92.281000,78.691500,92.344032,92.638819,-0.294786,-0.697239,0.402453,54.088395,91.615499,94.969896,88.261102,0.824127,2.439679,0.026012,0.007195,0.015923,0.038419,0.030320,0.450959,0.719655,0.259546,-0.108545,-0.108545,0.736852,260670.000000,21027718.224200,-0.137554
2020-01-03,92.410004,93.099998,90.910004,92.930000,227400,0.000000,0.000000,92.410004,93.099998,90.910004,92.930000,91.906499,94.572200,92.408800,78.857450,92.434181,92.660388,-0.226207,-0.603033,0.376826,50.885877,91.906499,94.549531,89.263467,0.693623,2.471130,0.026591,-0.009169,0.009122,0.074211,-0.004819,0.439882,0.720926,0.209158,-0.116719,-0.116719,0.693331,257580.000000,21132282.000000,-0.150712
2020-01-06,92.129997,92.540001,89.889999,91.769997,197400,0.000000,0.000000,92.129997,92.540001,89.889999,91.769997,92.053499,94.434400,92.517100,79.011800,92.331999,92.594433,-0.262434,-0.534913,0.272479,46.855950,92.053499,94.268439,89.838559,0.436002,2.511764,0.027370,-0.012483,-0.006388,0.053496,0.006360,0.428771,0.666424,0.215846,-0.127745,-0.127745,0.672194,253750.000000,18115397.407800,-0.130064
2020-01-07,91.010002,93.800003,90.910004,93.440002,205500,0.000000,0.000000,91.010002,93.800003,90.910004,93.440002,92.224499,94.306200,92.659800,79.183700,92.502461,92.657067,-0.154607,-0.458852,0.304245,52.667627,92.224499,94.302238,90.146760,0.792506,2.538780,0.027170,0.018198,0.013339,0.051897,0.017311,0.461599,0.702624,0.214356,-0.111871,-0.111871,0.694903,250070.000000,19201920.411000,-0.122489
2020-01-08,93.290001,93.919998,88.849998,89.150002,412300,0.000000,0.000000,93.290001,93.919998,88.849998,89.150002,92.069499,94.028000,92.761900,79.336250,91.986698,92.397285,-0.410587,-0.449199,0.038612,40.434811,92.069499,94.560625,89.578373,-0.085979,2.719582,0.030506,-0.045912,-0.042633,-0.009664,-0.012079,0.430749,0.583200,0.268088,-0.152647,-0.152647,0.617087,258680.000000,36756545.824600,-0.178937
2020-01-09,89.919998,91.660004,89.860001,91.309998,457800,0.000000,0.000000,89.919998,91.660004,89.860001,91.309998,92.065499,93.750000,92.862100,79.489350,91.882590,92.316745,-0.434155,-0.446190,0.012035,47.097359,92.065499,94.561472,89.569527,0.348656,2.704612,0.029620,0.024229,-0.026442,-0.010190,-0.003492,0.452824,0.598005,0.267453,-0.132117,-0.132117,0.656267,272650.000000,41801717.084400,-0.167932
2020-01-10,91.440002,93.379997,90.760002,92.910004,261400,0.000000,0.000000,91.440002,93.379997,90.760002,92.910004,92.040499,93.508600,92.966300,79.649000,92.040654,92.360690,-0.320036,-0.420959,0.100923,51.431069,92.040499,94.489341,89.591658,0.677534,2.698568,0.029045,0.017523,-0.000215,0.016632,-0.004607,0.419774,0.626006,0.272231,-0.116909,-0.116909,0.685289,276675.000000,24286675.045600,-0.159067
2020-01-13,93.040001,94.029999,91.550003,94.000000,271500,0.000000,0.000000,93.040001,94.029999,91.550003,94.000000,92.015999,93.536400,93.080900,79.808950,92.342092,92.482121,-0.140029,-0.364773,0.224744,54.184551,92.015999,94.369609,89.662390,0.921480,2.682956,0.028542,0.011732,0.024300,0.006316,-0.016325,0.442382,0.661364,0.264322,-0.106549,-0.106549,0.705061,269075.000000,25521000.000000,-0.167359
2020-01-14,93.629997,95.830002,93.440002,94.980003,200400,0.000000,0.000000,93.629997,95.830002,93.440002,94.980003,92.185500,93.652000,93.191500,79.978350,92.747924,92.667149,0.080775,-0.275663,0.356439,56.568598,92.185500,94.874336,89.496663,1.019649,2.662030,0.028027,0.010426,0.016481,0.005186,-0.010522,0.436045,0.720029,0.263748,-0.097234,-0.097234,0.722837,268700.000000,19033992.601200,-0.159948
2020-01-15,94.790001,97.809998,94.790001,96.769997,272700,0.000000,0.000000,94.790001,97.809998,94.790001,96.769997,92.426500,93.720800,93.340300,80.145600,93.366705,92.971064,0.395641,-0.141402,0.537044,60.601279,92.426500,95.802648,89.050352,1.143262,2.687599,0.027773,0.018846,0.085474,0.056556,0.004776,0.498916,0.755306,0.245405,-0.080221,-0.080221,0.744861,269580.000000,26389178.181900,-0.131440
2020-01-16,97.779999,99.849998,96.559998,96.889999,325100,0.000000,0.000000,97.779999,99.849998,96.559998,96.889999,92.704000,93.734800,93.512700,80.321100,93.908750,93.261355,0.647395,0.016357,0.631038,60.863636,92.704000,96.579550,88.828449,1.040052,2.730628,0.028183,0.001240,0.061111,0.053725,0.010956,0.504036,0.747025,0.245417,-0.079080,-0.079080,0.721877,276635.000000,31498938.674900,-0.140807
2020-01-17,97.150002,97.629997,94.769997,97.500000,279600,0.000000,0.000000,97.150002,97.629997,94.769997,97.500000,93.006500,93.762800,93.692700,80.494950,94.461250,93.575329,0.885921,0.190270,0.695651,62.240108,93.006500,97.382113,88.630887,1.013471,2.739869,0.028101,0.006296,0.049403,0.067440,0.002777,0.494711,0.732717,0.243359,-0.073282,-0.073282,0.719880,279880.000000,27261000.000000,-0.148273
2020-01-21,96.769997,97.080002,93.959999,94.930000,267300,0.000000,0.000000,96.769997,97.080002,93.959999,94.930000,93.228000,93.720400,93.854900,80.650700,94.533365,93.675675,0.857691,0.323754,0.533937,53.674772,93.228000,97.517020,88.938980,0.698414,2.797021,0.029464,-0.026359,0.009894,0.038054,-0.037221,0.445781,0.605717,0.264092,-0.097709,-0.097709,0.674546,277325.000000,25374789.000000,-0.195607
2020-01-22,95.160004,95.739998,93.919998,94.510002,193300,0.000000,0.000000,95.160004,95.739998,93.919998,94.510002,93.386500,93.642600,93.991200,80.801500,94.529771,93.737477,0.792294,0.417462,0.374832,52.405514,93.386500,97.615624,89.157377,0.632829,2.727234,0.028857,-0.004424,-0.004948,0.044309,-0.050628,0.422058,0.642224,0.261386,-0.101701,-0.101701,0.667137,234190.000000,18268783.386600,-0.200178
2020-01-23,94.199997,94.250000,92.019997,94.160004,230900,0.000000,0.000000,94.199997,94.250000,92.019997,94.160004,93.557000,93.561800,94.090800,80.948200,94.472884,93.768775,0.704109,0.474791,0.229317,51.316484,93.557000,97.609857,89.504144,0.574392,2.710289,0.028784,-0.003703,-0.026971,0.030874,-0.042603,0.387358,0.660963,0.260822,-0.105028,-0.105028,0.643568,234255.000000,21741544.923600,-0.202787
2020-01-24,94.550003,94.629997,91.430000,92.919998,167700,0.000000,0.000000,94.550003,94.629997,91.430000,92.919998,93.587000,93.430600,94.164600,81.094550,94.233978,93.705903,0.528076,0.485448,0.042627,47.546625,93.587000,97.610076,89.563924,0.417103,2.745268,0.029544,-0.013169,-0.040974,0.023912,-0.058180,0.391435,0.621923,0.264438,-0.116814,-0.116814,0.608726,238320.000000,15582683.664600,-0.205366
2020-01-27,91.279999,91.500000,88.889999,89.169998,314200,0.000000,0.000000,91.279999,91.500000,88.889999,89.169998,93.441000,93.233800,94.211900,81.224750,93.454904,93.369910,0.084995,0.405357,-0.320363,38.367113,93.441000,97.882953,88.999048,0.019243,2.837035,0.031816,-0.040357,-0.085436,-0.034120,-0.106960,0.301752,0.494135,0.294132,-0.152457,-0.152457,0.543802,249800.000000,28017213.371600,-0.223444
2020-01-28,89.930000,91.059998,88.790001,90.419998,174900,0.000000,0.000000,89.930000,91.059998,88.790001,90.419998,93.344000,93.060000,94.237900,81.347350,92.987996,93.151398,-0.163402,0.291606,-0.455008,42.361722,93.344000,97.966410,88.721590,0.183715,2.796532,0.030928,0.014018,-0.047509,-0.018134,-0.122647,0.312908,0.513812,0.298941,-0.140576,-0.140576,0.565443,250825.000000,15814457.650200,-0.247182
2020-01-29,90.529999,92.940002,90.529999,91.610001,162700,0.000000,0.000000,90.529999,92.940002,90.529999,91.610001,93.314000,92.919200,94.241400,81.469500,92.775997,93.037220,-0.261224,0.181040,-0.442263,45.953055,93.314000,97.975026,88.652975,0.317208,2.776780,0.030311,0.013161,-0.030685,-0.008120,-0.129265,0.315669,0.501803,0.302585,-0.129265,-0.129265,0.586046,252340.000000,14904947.162700,-0.243266
2020-01-30,90.930000,91.589996,90.120003,91.160004,205700,0.000000,0.000000,90.930000,91.589996,90.120003,91.160004,93.216000,92.800000,94.256500,81.589350,92.527382,92.898167,-0.370785,0.070675,-0.441460,44.815892,93.216000,97.975578,88.456423,0.284015,2.684867,0.029452,-0.004912,-0.031861,-0.011387,-0.131644,0.194758,0.480591,0.302992,-0.133542,-0.133542,0.578255,252600.000000,18751612.822800,-0.255131
2020-01-31,90.699997,91.029999,86.800003,87.099998,488500,0.000000,0.000000,90.699997,91.029999,86.800003,87.099998,92.881500,92.597800,94.192500,81.686300,91.692400,92.468673,-0.776273,-0.098715,-0.677558,36.128970,92.881500,98.357624,87.405376,-0.027883,2.804519,0.032199,-0.044537,-0.062635,-0.064648,-0.059497,0.157014,0.452393,0.336582,-0.172132,-0.172132,0.507964,265815.000000,42548349.023000,-0.161491
2020-02-03,85.650002,96.199997,81.010002,94.570000,985900,0.000000,0.000000,85.650002,96.199997,81.010002,94.570000,92.963500,92.548200,94.204200,81.814550,92.135108,92.624327,-0.489219,-0.176816,-0.312404,53.852811,92.963500,98.491551,87.435450,0.645304,3.689196,0.039010,0.085764,0.060559,0.008316,0.060202,0.226589,0.555683,0.455489,-0.101131,-0.101131,0.637292,303740.000000,93236563.000000,-0.058105
2020-02-04,94.489998,98.000000,92.309998,94.510002,318700,0.000000,0.000000,94.489998,98.000000,92.309998,94.510002,93.100500,92.513000,94.228500,81.944800,92.500476,92.764007,-0.263531,-0.194159,-0.069372,53.723861,93.100500,98.639809,87.561192,0.627227,3.832111,0.040547,-0.000634,0.045233,0.017002,0.012643,0.241919,0.439604,0.454097,-0.101701,-0.101701,0.636254,309805.000000,30120337.637400,-0.116324
2020-02-05,95.489998,99.070000,93.629997,98.260002,308800,0.000000,0.000000,95.489998,99.070000,93.629997,98.260002,93.341501,92.564600,94.275700,82.093250,93.386557,93.171117,0.215440,-0.112239,0.327679,60.147081,93.341501,99.343119,87.339882,0.909765,3.946960,0.040169,0.039678,0.072590,0.070720,0.021520,0.253476,0.462856,0.469983,-0.066058,-0.066058,0.701177,314970.000000,30342688.617600,-0.106009
2020-02-06,98.260002,101.419998,97.269997,100.199997,302200,0.000000,0.000000,98.260002,101.419998,97.269997,100.199997,93.894000,92.707400,94.339400,82.252600,94.434779,93.691775,0.743003,0.058809,0.684194,63.007706,93.894000,100.292314,87.495686,0.992786,3.961463,0.039536,0.019743,0.099166,0.072346,0.042664,0.296919,0.545342,0.470616,-0.047619,-0.047619,0.734765,309465.000000,30280439.093400,-0.092193
2020-02-07,99.709999,100.120003,97.080002,97.169998,265400,0.000000,0.000000,99.709999,100.120003,97.080002,97.169998,94.187000,92.763600,94.369900,82.386500,94.855582,93.949421,0.906160,0.228280,0.677881,56.220067,94.187000,100.623665,87.750335,0.731719,3.901358,0.040150,-0.030240,0.115614,0.089961,0.001236,0.201707,0.471604,0.452565,-0.076419,-0.076419,0.682306,299845.000000,25788917.469200,-0.130725
2020-02-10,97.000000,98.290001,95.459999,97.059998,189200,0.000000,0.000000,97.000000,98.290001,95.459999,97.059998,94.394500,92.776200,94.394700,82.545450,95.194723,94.179834,1.014888,0.385601,0.629287,55.984276,94.394500,100.924719,87.864281,0.704089,3.824833,0.039407,-0.001132,0.026330,0.062972,-0.013618,0.214312,0.490708,0.447123,-0.077464,-0.077464,0.680402,296235.000000,18363751.621600,-0.155164
2020-02-11,98.019997,98.019997,95.599998,96.820000,215200,0.000000,0.000000,98.019997,98.019997,95.599998,96.820000,94.535500,92.805200,94.404400,82.698900,95.444765,94.375402,1.069363,0.522354,0.547009,55.437963,94.535500,101.151075,87.919925,0.672661,3.724488,0.038468,-0.002473,0.024442,0.042084,-0.014053,0.207985,0.480202,0.444457,-0.079745,-0.079745,0.676247,293420.000000,20835664.000000,-0.151349
2020-02-12,97.360001,97.720001,96.629997,96.879997,165000,0.000000,0.000000,97.360001,97.720001,96.629997,96.879997,94.630500,92.844800,94.423300,82.857550,95.665570,94.560928,1.104642,0.638811,0.465831,55.554727,94.630500,101.327023,87.933976,0.667960,3.536310,0.036502,0.000620,-0.014044,0.030638,-0.026136,0.196936,0.425964,0.443161,-0.079175,-0.079175,0.677285,291650.000000,15985199.505000,-0.175195
2020-02-13,96.080002,97.349998,93.919998,95.379997,202900,0.000000,0.000000,96.080002,97.349998,93.919998,95.379997,94.561000,92.946000,94.447000,83.012500,95.621636,94.621600,1.000036,0.711056,0.288980,51.893694,94.561000,101.192566,87.929433,0.561750,3.528717,0.036996,-0.015483,-0.048104,0.004211,-0.036663,0.204749,0.405748,0.445888,-0.093432,-0.093432,0.651316,288160.000000,19352601.391300,-0.181121
2020-02-14,95.320000,95.489998,93.230003,93.970001,176100,0.000000,0.000000,95.320000,95.489998,93.230003,93.970001,94.415000,93.095200,94.438700,83.160750,95.367538,94.573333,0.794205,0.727686,0.066519,48.648341,94.415000,100.958662,87.871338,0.465998,3.438094,0.036587,-0.014783,-0.032932,-0.028935,-0.051862,0.190398,0.363267,0.443732,-0.106834,-0.106834,0.626905,280710.000000,16548117.176100,-0.199122
2020-02-18,93.690002,95.690002,93.580002,95.440002,103600,0.000000,0.000000,93.690002,95.690002,93.580002,95.440002,94.312000,93.261800,94.451100,83.309400,95.378686,94.637531,0.741156,0.730380,0.010776,52.017450,94.312000,100.714531,87.909469,0.588090,3.343230,0.035030,0.015643,-0.016691,-0.014965,-0.032539,0.174068,0.372842,0.447451,-0.092862,-0.092862,0.652355,271910.000000,9887584.207200,-0.180401
2020-02-19,96.050003,97.180000,94.989998,96.970001,235600,0.000000,0.000000,96.050003,97.180000,94.989998,96.970001,94.414000,93.424600,94.458300,83.452900,95.623504,94.810306,0.813198,0.746944,0.066254,55.304334,94.414000,100.922114,87.905886,0.696370,3.260856,0.033627,0.016031,0.001549,-0.005436,-0.001545,0.175536,0.374681,0.450532,-0.078320,-0.078320,0.678844,270325.000000,22846132.235600,-0.150985
2020-02-20,97.220001,101.300003,96.639999,100.949997,348200,0.000000,0.000000,97.220001,101.300003,96.639999,100.949997,94.736000,93.643200,94.513800,83.613150,96.442964,95.265098,1.177866,0.833128,0.344738,62.500519,94.736000,101.871164,87.600835,0.935449,3.360796,0.033292,0.041044,0.042011,0.063415,0.038473,0.223043,0.434764,0.461006,-0.040490,-0.040490,0.747749,278070.000000,35150788.955400,-0.101999
2020-02-21,99.730003,104.330002,99.730003,103.830002,295500,0.000000,0.000000,99.730003,104.330002,99.730003,103.830002,95.219500,93.874800,94.610500,83.793800,97.579432,95.899535,1.679896,1.002482,0.677415,66.680983,95.219500,103.421154,87.017845,1.024925,3.449310,0.033221,0.028529,0.088593,0.098614,0.069861,0.237250,0.502388,0.468104,-0.013117,-0.013117,0.797611,281300.000000,30681765.591000,-0.047508
2020-02-24,99.419998,101.260002,97.720001,99.500000,316000,0.000000,0.000000,99.419998,101.260002,97.720001,99.500000,95.548500,94.037000,94.668500,83.957050,97.874904,96.166237,1.708667,1.143719,0.564948,56.485343,95.548500,103.888499,87.208500,0.736901,3.639359,0.036576,-0.041703,0.058849,0.056712,0.033552,0.215045,0.443703,0.494654,-0.054272,-0.054272,0.722645,288715.000000,31442000.000000,-0.047904
2020-02-25,99.529999,99.529999,92.440002,93.019997,203800,0.000000,0.000000,99.529999,99.529999,92.440002,93.019997,95.741000,94.029200,94.679300,84.086250,97.127995,95.933182,1.194813,1.153938,0.040876,45.317894,95.741000,103.626442,87.855557,0.327467,3.885834,0.041774,-0.065126,-0.025356,0.001076,-0.027801,0.167859,0.355779,0.546223,-0.115864,-0.115864,0.610457,283195.000000,18957475.388600,-0.081809
2020-02-26,93.820000,95.709999,93.230003,94.639999,307300,0.000000,0.000000,93.820000,95.709999,93.230003,94.639999,95.952000,94.032200,94.715400,84.226600,96.745226,95.837390,0.907836,1.104717,-0.196881,48.081435,95.952000,103.454486,88.449513,0.412562,3.800417,0.040157,0.017416,-0.024028,0.061344,0.016978,0.190440,0.401866,0.527983,-0.100466,-0.100466,0.638504,289815.000000,29082871.692700,-0.037119
2020-02-27,91.019997,95.400002,90.290001,92.260002,427300,0.000000,0.000000,91.019997,95.400002,90.290001,92.260002,95.984500,94.045600,94.704200,84.362050,96.055192,95.572399,0.482793,0.980333,-0.497539,44.521546,95.984500,103.413057,88.555942,0.249312,3.893959,0.042206,-0.025148,-0.086082,0.020350,-0.022255,0.172151,0.371896,0.535404,-0.123087,-0.123087,0.597299,303045.000000,39422698.854600,-0.014609
2020-02-28,90.769997,90.849998,85.870003,87.309998,606900,0.000000,0.000000,90.769997,90.849998,85.870003,87.309998,95.791999,93.952800,94.665400,84.468100,94.709777,94.960369,-0.250592,0.734148,-0.984739,38.188589,95.791999,103.914114,87.669885,-0.022155,4.072247,0.046641,-0.053653,-0.159106,-0.046938,-0.094576,0.079501,0.319679,0.566206,-0.170136,-0.170136,0.511600,323105.000000,52988437.786200,-0.085261
2020-03-02,87.820000,88.279999,83.169998,87.760002,400700,0.000000,0.000000,87.820000,88.279999,83.169998,87.760002,95.825000,93.881200,94.624500,84.575450,93.640581,94.427009,-0.786427,0.430033,-1.216460,39.037563,95.825000,103.802493,87.847507,-0.005484,4.146373,0.047247,0.005154,-0.117990,-0.037297,-0.079794,0.042280,0.303625,0.566556,-0.165859,-0.165859,0.519391,318715.000000,35165432.801400,-0.108167
2020-03-03,87.540001,91.260002,84.940002,87.769997,404500,0.000000,0.000000,87.540001,91.260002,84.940002,87.769997,95.484999,93.807600,94.599800,84.677850,92.737414,93.933897,-1.196482,0.104730,-1.301212,39.057584,95.484999,104.230379,86.739620,0.058910,4.301632,0.049010,0.000114,-0.056439,0.007692,-0.075132,0.026070,0.360143,0.544199,-0.165764,-0.165764,0.519564,289645.000000,35502963.786500,-0.077281
2020-03-04,85.099998,86.339996,81.559998,86.279999,687400,0.000000,0.000000,85.099998,86.339996,81.559998,86.279999,95.073499,93.723200,94.546300,84.777700,91.743966,93.366941,-1.622975,-0.240811,-1.382164,37.101391,95.073499,104.738223,85.408776,0.045072,4.437944,0.051437,-0.016976,-0.088335,-0.087660,-0.044730,0.021791,0.362387,0.450732,-0.179926,-0.179926,0.493767,308080.000000,59308871.312600,-0.097263
2020-03-05,84.000000,84.809998,82.129997,82.559998,333300,0.000000,0.000000,84.000000,84.809998,82.129997,82.559998,94.288499,93.547600,94.438500,84.855800,90.331048,92.566427,-2.235379,-0.639725,-1.595654,32.698159,94.288499,105.317572,83.259427,-0.031708,4.417376,0.053505,-0.043115,-0.105138,-0.126442,-0.045660,-0.059895,0.329254,0.470366,-0.215284,-0.215284,0.429363,309305.000000,27517247.333400,-0.071239
2020-03-06,79.290001,83.110001,78.699997,79.260002,319300,0.000000,0.000000,79.290001,83.110001,78.699997,79.260002,93.241499,93.317800,94.275500,84.914900,88.627810,91.580766,-2.952956,-1.102371,-1.850585,29.368372,93.241499,105.780095,80.702903,-0.057538,4.416850,0.055726,-0.039971,-0.092200,-0.193365,-0.090116,-0.131492,0.294041,0.453544,-0.246650,-0.246650,0.372230,310160.000000,25307718.638600,-0.091161
2020-03-09,73.820000,74.160004,67.570000,69.620003,690900,0.000000,0.000000,73.820000,74.160004,67.570000,69.620003,91.864000,92.863800,94.011800,84.937200,85.703532,89.954043,-4.250511,-1.731999,-2.518512,22.242663,91.864000,108.095027,75.632972,-0.185231,4.936361,0.070904,-0.121625,-0.206700,-0.305190,-0.216256,-0.223424,0.141124,0.583373,-0.338276,-0.338276,0.205333,331435.000000,48100460.072700,-0.143914
2020-03-10,72.389999,75.860001,70.040001,75.709999,345200,0.000000,0.000000,72.389999,75.860001,70.040001,75.709999,90.796500,92.536200,93.805800,84.995650,84.166065,88.898928,-4.732863,-2.332172,-2.400691,33.259619,90.796500,108.343621,73.249379,0.070115,5.029478,0.066431,0.087475,-0.137405,-0.220850,-0.158965,-0.190267,0.204806,0.682569,-0.280392,-0.280392,0.310769,339235.000000,26135091.654800,-0.122890
2020-03-11,73.150002,75.120003,71.040001,72.750000,370800,0.000000,0.000000,73.150002,75.120003,71.040001,72.750000,89.593000,92.144000,93.574900,85.039300,82.409748,87.702711,-5.292964,-2.924330,-2.368634,30.963327,89.593000,108.638415,70.547584,0.057820,5.003800,0.068781,-0.039097,-0.156815,-0.250464,-0.211382,-0.221092,0.173387,0.688359,-0.308526,-0.308526,0.259522,347015.000000,26975700.000000,-0.133698
2020-03-12,68.029999,77.440002,65.190002,66.790001,497100,0.000000,0.000000,68.029999,77.440002,65.190002,66.790001,88.088500,91.635600,93.270500,85.061400,80.006710,86.153622,-6.146912,-3.568847,-2.578066,26.931437,88.088500,109.336724,66.840276,-0.001183,5.521386,0.082668,-0.081924,-0.191013,-0.310163,-0.269176,-0.274652,0.053304,0.727373,-0.365174,-0.365174,0.156337,363620.000000,33201309.497100,-0.105022
2020-03-13,70.300003,74.599998,65.529999,74.580002,367300,0.000000,0.000000,70.300003,74.599998,65.529999,74.580002,87.048500,91.264800,93.030300,85.128500,79.171832,85.296317,-6.124485,-4.079974,-2.044511,38.249619,87.048500,108.823642,65.273358,0.213699,5.774858,0.077432,0.116634,-0.059046,-0.230182,-0.201584,-0.202694,0.167867,0.860608,-0.291132,-0.291132,0.291205,371840.000000,27393234.734600,-0.111549
2020-03-16,62.009998,71.129997,61.459999,67.849998,394400,0.000000,0.000000,62.009998,71.129997,61.459999,67.849998,85.742500,90.746000,92.713300,85.167350,77.430011,84.003997,-6.573986,-4.578776,-1.995209,33.431627,85.742500,108.861449,62.623551,0.113034,6.299512,0.092845,-0.090239,-0.025424,-0.288635,-0.281935,-0.276884,0.082137,0.903433,-0.355099,-0.355099,0.174688,382755.000000,26760039.211200,-0.073989
2020-03-17,68.889999,78.370003,64.680000,76.970001,580800,0.000000,0.000000,68.889999,78.370003,64.680000,76.970001,84.819000,90.426800,92.499500,85.257200,77.359240,83.482960,-6.123720,-4.887765,-1.235955,43.768376,84.819000,107.781971,61.856029,0.329094,6.827404,0.088702,0.134414,0.016642,-0.180909,-0.159624,-0.182214,0.218651,1.040380,-0.268416,-0.268416,0.332583,406615.000000,44704176.580800,0.000664
2020-03-18,73.309998,81.110001,70.080002,77.849998,613600,0.000000,0.000000,73.309998,81.110001,70.080002,77.849998,83.863000,90.148400,92.291400,85.357650,77.434741,83.065703,-5.630962,-5.036405,-0.594558,44.661303,83.863000,106.281540,61.444459,0.365892,7.127589,0.091555,0.011433,0.070103,-0.184304,-0.153344,-0.176887,0.291045,1.039305,-0.260051,-0.260051,0.347819,425515.000000,47768758.772800,0.053638
2020-03-19,78.809998,82.279999,70.059998,72.489998,331000,0.000000,0.000000,78.809998,82.279999,70.059998,72.489998,82.440000,89.729400,92.017800,85.422250,76.674012,82.282318,-5.608306,-5.150785,-0.457521,40.448194,82.440000,103.883626,60.996374,0.267996,7.491333,0.103343,-0.068850,0.085342,-0.252449,-0.206372,-0.243714,0.213425,1.056405,-0.310997,-0.310997,0.255021,424655.000000,23994189.338000,-0.016786
2020-03-20,72.180000,78.650002,69.389999,69.750000,388000,0.000000,0.000000,72.180000,78.650002,69.389999,69.750000,80.736000,89.341400,91.684700,85.478300,75.608779,81.353998,-5.745219,-5.269672,-0.475547,38.451312,80.736000,100.362082,61.109917,0.220117,7.617667,0.109214,-0.037798,-0.064763,-0.309064,-0.237288,-0.265712,0.145320,1.042036,-0.337040,-0.337040,0.207583,429280.000000,27063000.000000,-0.016595
2020-03-23,69.599998,69.599998,62.970001,65.500000,407400,0.000000,0.000000,69.599998,69.599998,62.970001,65.500000,79.036000,88.825200,91.287600,85.514200,74.053582,80.179628,-6.126046,-5.440946,-0.685099,35.521946,79.036000,97.684368,60.387632,0.137073,7.557833,0.115387,-0.060932,-0.034635,-0.369161,-0.276243,-0.295775,0.109042,1.040564,-0.377436,-0.377436,0.134003,433850.000000,26684700.000000,-0.048213
2020-03-24,69.349998,72.570000,67.040001,70.250000,433400,0.000000,0.000000,69.349998,72.570000,67.040001,70.250000,77.897500,88.372000,90.940300,85.572950,73.468416,79.444100,-5.975684,-5.547894,-0.427790,40.937736,77.897500,95.712843,60.082156,0.285368,7.522988,0.107089,0.072519,-0.087307,-0.293970,-0.230896,-0.258966,0.197988,1.084424,-0.332288,-0.332288,0.216240,445330.000000,30446350.000000,-0.062032
2020-03-25,70.099998,77.760002,68.910004,73.269997,788300,0.000000,0.000000,70.099998,77.760002,68.910004,73.269997,76.829000,87.957400,90.746900,85.636900,73.437890,78.986759,-5.548869,-5.548089,-0.000780,44.149717,76.829000,92.893700,60.764299,0.389229,7.617774,0.103969,0.042989,-0.058831,-0.212320,-0.192617,-0.222187,0.207283,1.085190,-0.303583,-0.303583,0.268525,469380.000000,57758738.635100,-0.018080
2020-03-26,74.430000,78.519997,70.760002,76.849998,662300,0.000000,0.000000,74.430000,78.519997,70.760002,76.849998,76.058500,87.594800,90.623400,85.723000,73.962830,78.828480,-4.865651,-5.411601,0.545951,47.775473,76.058500,90.391865,61.725134,0.527610,7.627933,0.099257,0.048860,0.060146,-0.187975,-0.167569,-0.201558,0.260249,1.100235,-0.269556,-0.269556,0.330506,481130.000000,50897753.675400,-0.038523
2020-03-27,73.440002,76.680000,71.139999,73.180000,421100,0.000000,0.000000,73.440002,76.680000,71.139999,73.180000,75.352000,87.123000,90.421900,85.785300,73.842394,78.410074,-4.567680,-5.242817,0.675137,44.580374,75.352000,88.710003,61.993996,0.418700,7.490938,0.102363,-0.047755,0.049176,-0.206807,-0.205343,-0.232914,0.180132,1.107539,-0.304439,-0.304439,0.266967,471840.000000,30816098.000000,-0.036872
2020-03-30,74.040001,76.699997,71.949997,74.309998,338200,0.000000,0.000000,74.040001,76.699997,71.949997,74.309998,74.679499,86.671400,90.203100,85.847850,73.914333,78.106365,-4.192032,-5.032660,0.840628,45.782677,74.679499,86.694003,62.664996,0.484623,7.295156,0.098172,0.015441,0.134504,-0.148895,-0.195431,-0.210811,0.216203,1.098012,-0.293698,-0.293698,0.286530,468715.000000,25131641.323600,-0.058590
2020-03-31,74.419998,75.190002,71.870003,73.540001,532700,0.000000,0.000000,74.419998,75.190002,71.870003,73.540001,73.968000,86.192200,89.977500,85.904550,73.856744,77.768116,-3.911372,-4.808402,0.897030,45.065233,73.968000,84.283721,63.652278,0.479255,7.011217,0.095339,-0.010362,0.046833,-0.162033,-0.202473,-0.215155,0.161402,1.097450,-0.301017,-0.301017,0.273200,475125.000000,39174758.532700,-0.063205
2020-04-01,70.699997,72.360001,65.239998,66.220001,443600,0.000000,0.000000,70.699997,72.360001,65.239998,66.220001,72.965000,85.618000,89.669200,85.931700,72.681860,76.912700,-4.230840,-4.692890,0.462050,38.834845,72.965000,82.070152,63.859848,0.129605,7.103273,0.107268,-0.099538,-0.096219,-0.245528,-0.288875,-0.279748,0.071694,1.143624,-0.370592,-0.370592,0.146468,462935.000000,29375192.443600,-0.109214
2020-04-02,65.440002,66.669998,62.029999,64.180000,282400,0.000000,0.000000,65.440002,66.669998,62.029999,64.180000,72.046000,85.011400,89.327000,85.944200,71.373882,75.969537,-4.595655,-4.673443,0.077788,37.287659,72.046000,80.776033,63.315966,0.049486,6.927325,0.107936,-0.030806,-0.164867,-0.256143,-0.315705,-0.294958,0.023115,1.145556,-0.389982,-0.389982,0.111150,460390.000000,18124432.000000,-0.139193
2020-04-03,64.180000,65.720001,63.310001,64.589996,234000,0.000000,0.000000,64.180000,65.720001,63.310001,64.589996,71.312500,84.420000,88.990900,85.960800,70.330207,75.126608,-4.796401,-4.698035,-0.098366,37.823800,71.312500,79.955157,62.669842,0.111086,6.604659,0.102255,0.006388,-0.117382,-0.217660,-0.304961,-0.308310,0.012700,1.141188,-0.386085,-0.386085,0.118248,456125.000000,15114059.064000,-0.122306
2020-04-06,67.169998,73.209999,67.000000,73.180000,299600,0.000000,0.000000,67.169998,73.209999,67.000000,73.180000,71.490499,84.025200,88.727900,86.012600,70.768637,74.982415,-4.213778,-4.601183,0.387405,47.877963,71.490499,80.133027,62.847972,0.597743,6.748612,0.092219,0.132993,-0.015207,-0.076710,-0.202572,-0.197500,0.137218,1.235755,-0.304439,-0.304439,0.266967,436560.000000,21924728.000000,-0.074893
2020-04-07,74.070000,77.230003,73.830002,75.239998,264200,0.000000,0.000000,74.070000,77.230003,73.830002,75.239998,71.466999,83.746600,88.490200,86.081900,71.456538,75.001495,-3.544957,-4.389938,0.844981,49.967416,71.466999,80.063652,62.870346,0.719446,6.555854,0.087133,0.028150,0.023117,0.080724,-0.194777,-0.180838,0.160753,1.157922,-0.284859,-0.284859,0.302632,432510.000000,19878407.471600,-0.064512
2020-04-08,76.570000,81.150002,75.150002,80.059998,267300,0.000000,0.000000,76.570000,81.150002,75.150002,80.059998,71.832499,83.539400,88.299700,86.183450,72.780148,75.376199,-2.596051,-4.031161,1.435109,54.557672,71.832499,81.241994,62.423004,0.937191,6.516150,0.081391,0.064062,0.209000,0.057456,-0.101963,-0.112810,0.257816,1.139914,-0.239046,-0.239046,0.386080,427335.000000,21400037.465400,0.011775
2020-04-09,81.529999,83.860001,79.779999,83.339996,279200,0.000000,0.000000,81.529999,83.860001,79.779999,83.339996,72.659999,83.373999,88.146600,86.304150,74.404740,75.966110,-1.561370,-3.537203,1.975832,57.420503,72.659999,83.061000,62.258998,1.013412,6.342140,0.076100,0.040969,0.298535,0.145567,-0.087285,-0.090473,0.320133,1.134551,-0.207870,-0.207870,0.442867,416440.000000,23268526.883200,0.026786
2020-04-13,82.300003,82.300003,76.050003,76.570000,186600,0.000000,0.000000,82.300003,82.300003,76.050003,76.570000,72.759499,83.082199,87.941100,86.386250,74.737857,76.010842,-1.272986,-3.084359,1.811373,50.367344,72.759499,83.275278,62.243720,0.681180,6.409843,0.083712,-0.081233,0.185478,0.146429,-0.175869,-0.179666,0.161912,1.133856,-0.272217,-0.272217,0.325658,407405.000000,14287962.000000,-0.068400
2020-04-14,77.839996,79.540001,75.820000,78.010002,282000,0.000000,0.000000,77.839996,79.540001,75.820000,78.010002,73.267499,82.900399,87.749100,86.462900,75.241264,76.158928,-0.917665,-2.651020,1.733356,51.725634,73.267499,83.766280,62.768718,0.725860,6.217712,0.079704,0.018806,0.066002,0.045991,-0.170106,-0.183654,0.161209,1.065332,-0.258531,-0.258531,0.350589,401785.000000,21998820.564000,-0.088351
2020-04-15,75.830002,77.239998,72.769997,73.790001,209500,0.000000,0.000000,75.830002,77.239998,72.769997,73.790001,73.108499,82.484799,87.516500,86.508500,75.017992,75.983452,-0.965460,-2.313908,1.348448,47.613307,73.108499,83.466560,62.750438,0.532897,6.147876,0.083316,-0.054096,-0.019272,0.087546,-0.223100,-0.231274,0.098229,1.031763,-0.298641,-0.298641,0.277528,383220.000000,15459005.209500,-0.130340
2020-04-16,73.970001,77.629997,71.900002,75.610001,415600,0.000000,0.000000,73.970001,77.629997,71.900002,75.610001,72.996499,82.106799,87.309900,86.563350,75.109071,75.955789,-0.846719,-2.020470,1.173752,49.478822,72.996499,83.185757,62.807242,0.628248,6.118027,0.080916,0.024665,-0.055583,-0.017669,-0.218663,-0.214931,0.116674,0.924054,-0.281342,-0.281342,0.309037,373320.000000,31423516.415600,-0.140213
2020-04-17,78.309998,79.190002,77.459999,78.000000,223100,0.000000,0.000000,78.309998,79.190002,77.459999,78.000000,73.271999,81.701599,87.133100,86.633000,75.553829,76.107212,-0.553383,-1.727053,1.173670,51.901100,73.271999,83.698787,62.845211,0.726724,5.936739,0.076112,0.031610,-0.064075,0.001927,-0.194963,-0.186144,0.131747,0.929618,-0.258626,-0.258626,0.350416,367925.000000,17401800.000000,-0.119407
2020-04-20,75.760002,76.570000,71.879997,73.279999,147300,0.000000,0.000000,75.760002,76.570000,71.879997,73.279999,73.448499,81.163199,86.935300,86.676200,75.204009,75.897789,-0.693780,-1.520398,0.826618,47.098398,73.448499,83.742929,63.154069,0.491816,5.949830,0.081193,-0.060513,-0.042967,0.010898,-0.248410,-0.246323,0.070406,0.922061,-0.303488,-0.303488,0.268698,355890.000000,10794143.852700,-0.160199
2020-04-21,71.169998,71.209999,69.029999,70.540001,218400,0.000000,0.000000,71.169998,71.209999,69.029999,70.540001,73.700499,80.630600,86.697100,86.706200,74.486469,75.500916,-1.014446,-1.419208,0.404761,44.522764,73.700499,83.405552,63.995446,0.337173,5.828413,0.082626,-0.037391,-0.095757,0.011326,-0.256926,-0.284584,0.028730,0.921840,-0.329531,-0.329531,0.221260,346440.000000,15405936.218400,-0.138732
2020-04-22,72.120003,74.150002,71.669998,73.269997,261000,0.000000,0.000000,72.120003,74.150002,71.669998,73.269997,73.851499,80.154799,86.465500,86.751400,74.299320,75.335663,-1.036343,-1.342635,0.306292,47.597624,73.851499,83.423571,64.279428,0.469625,5.669955,0.077384,0.038701,-0.007047,0.118626,-0.224738,-0.263988,0.072296,0.900314,-0.303583,-0.303583,0.268525,337820.000000,19123469.217000,-0.130065
2020-04-23,74.349998,78.889999,73.480003,77.500000,417900,0.000000,0.000000,74.349998,78.889999,73.480003,77.500000,74.062999,79.768400,86.286800,86.819250,74.791732,75.495984,-0.704252,-1.214958,0.510706,52.033805,74.062999,83.766991,64.359008,0.677092,5.666387,0.073115,0.057732,0.024997,0.103203,-0.176933,-0.211998,0.101009,0.888104,-0.263378,-0.263378,0.341759,319300.000000,32387250.000000,-0.080391
2020-04-24,78.269997,81.720001,77.680000,81.430000,256200,0.000000,0.000000,78.269997,81.720001,77.680000,81.430000,74.291999,79.459400,86.152100,86.914850,75.813004,75.935541,-0.122537,-0.996474,0.873937,55.779388,74.291999,84.477148,64.106851,0.850412,5.563074,0.068317,0.050710,0.043974,0.111369,-0.123655,-0.174640,0.247587,0.892528,-0.226024,-0.226024,0.409799,298995.000000,20862366.000000,-0.050612
2020-04-27,82.129997,87.220001,82.129997,85.730003,260700,0.000000,0.000000,82.129997,87.220001,82.129997,85.730003,74.919500,79.266400,86.106200,87.029250,77.338696,76.661056,0.677640,-0.661651,1.339291,59.505384,74.919500,86.293229,63.545770,0.975240,5.579283,0.065080,0.052806,0.169896,0.115550,-0.038578,-0.141412,0.296386,0.894987,-0.185153,-0.185153,0.484245,290975.000000,22349811.782100,0.006190
2020-04-28,87.839996,90.919998,85.070000,85.470001,510200,0.000000,0.000000,87.839996,90.919998,85.070000,85.470001,75.477500,79.096400,86.095800,87.129400,78.589666,77.313571,1.276095,-0.274102,1.550197,59.180678,75.477500,87.782248,63.172751,0.906042,5.598620,0.065504,-0.003033,0.211653,0.167942,-0.054744,-0.170677,0.311896,0.873840,-0.187625,-0.187625,0.479744,299575.000000,43606794.510200,0.016666
2020-04-29,96.000000,102.709999,92.930000,98.220001,605800,0.000000,0.000000,96.000000,102.709999,92.930000,98.220001,76.711500,79.152000,86.206900,87.294650,81.609718,78.862195,2.747522,0.330223,2.417299,68.312217,76.711500,92.620417,60.802583,1.175989,6.430147,0.065467,0.149175,0.340521,0.321760,0.072154,-0.066439,0.525392,1.000197,-0.066439,-0.066439,0.700485,303230.000000,59501676.605800,0.111016
2020-04-30,97.849998,97.849998,92.160004,92.519997,405500,0.000000,0.000000,97.849998,97.849998,92.160004,92.519997,78.026500,79.063000,86.243800,87.426550,83.288222,79.873884,3.414338,0.947046,2.467292,61.670156,78.026500,94.617222,61.435777,0.936795,6.403707,0.069214,-0.058033,0.193806,0.258091,0.014919,-0.118689,0.438433,1.028788,-0.120616,-0.120616,0.601801,301325.000000,37516858.783500,0.058943
2020-05-01,90.349998,94.040001,89.050003,91.349998,330300,0.000000,0.000000,90.349998,94.040001,89.050003,91.349998,79.384999,78.871000,86.257100,87.560500,84.528495,80.723967,3.804529,1.518543,2.285986,60.372561,79.384999,95.648145,63.121854,0.867856,6.302728,0.068995,-0.012646,0.121822,0.379493,0.048794,-0.013605,0.390199,0.950094,-0.131737,-0.131737,0.581544,303720.000000,30172904.339400,0.108459
2020-05-04,89.779999,91.000000,87.500000,88.709999,326400,0.000000,0.000000,89.779999,91.000000,87.500000,88.709999,80.591000,78.568600,86.221700,87.681950,85.171804,81.315525,3.856279,1.986090,1.870189,57.435921,80.591000,95.776184,65.405815,0.767333,6.127533,0.069074,-0.028900,0.034760,0.382206,-0.061965,-0.005493,0.299399,0.948905,-0.156829,-0.156829,0.535838,308340.000000,28954943.673600,-0.001287
2020-05-05,89.849998,95.610001,89.849998,94.580002,223500,0.000000,0.000000,89.849998,95.610001,89.849998,94.580002,81.661000,78.470200,86.253600,87.828700,86.619219,82.298079,4.321140,2.453100,1.868040,61.876349,81.661000,97.642390,65.679609,0.904189,6.182710,0.065370,0.066171,0.106587,0.464313,0.000741,0.013393,0.372714,0.962829,-0.101036,-0.101036,0.637465,304535.000000,21138630.447000,0.070328
2020-05-06,95.529999,96.279999,93.160004,93.860001,197200,0.000000,0.000000,95.529999,96.279999,93.160004,93.860001,82.592000,78.487000,86.258100,87.969700,87.733185,83.154517,4.578668,2.878214,1.700454,61.035260,82.592000,99.157177,66.026823,0.840111,5.963944,0.063541,-0.007613,-0.044390,0.282591,-0.044779,-0.024223,0.386411,0.874091,-0.107879,-0.107879,0.625000,301185.000000,18509192.197200,0.024031
2020-05-07,95.779999,96.519997,92.430000,93.349998,205400,0.000000,0.000000,95.779999,96.519997,92.430000,93.349998,83.256500,78.461200,86.246700,88.104150,88.597310,83.909738,4.687572,3.240085,1.447487,60.408874,83.256500,100.448398,66.064602,0.793554,5.830091,0.062454,-0.005434,0.008971,0.240696,-0.068363,-0.028616,0.396410,0.874662,-0.112727,-0.112727,0.616170,298090.000000,19174089.589200,-0.006466
2020-05-08,95.489998,99.459999,93.589996,98.779999,236500,0.000000,0.000000,95.489998,99.459999,93.589996,98.779999,84.028500,78.591600,86.318600,88.258700,90.163878,85.011239,5.152639,3.622596,1.530043,64.577152,84.028500,102.569884,65.487116,0.897799,5.850084,0.059223,0.058168,0.081336,0.233825,0.016569,0.017826,0.470378,0.870448,-0.061116,-0.061116,0.710180,295955.000000,23361469.763500,0.058498
2020-05-11,97.379997,100.330002,96.099998,99.500000,226300,0.000000,0.000000,97.379997,100.330002,96.099998,99.500000,85.175000,78.835400,86.394100,88.422300,91.600204,86.084480,5.515724,4.001222,1.514502,65.101814,85.175000,104.589686,65.760314,0.868922,5.734364,0.057632,0.007289,0.121632,0.193905,0.025139,0.011179,0.494667,0.863855,-0.054272,-0.054272,0.722645,297940.000000,22516850.000000,0.070427
2020-05-12,100.510002,100.529999,94.790001,95.540001,248300,0.000000,0.000000,100.510002,100.529999,94.790001,95.540001,86.051500,78.991000,86.436100,88.557500,92.206327,86.784889,5.421437,4.285265,1.136173,59.851139,86.051500,105.685781,66.417219,0.741631,5.734767,0.060025,-0.039799,0.010150,0.247747,-0.013220,-0.027088,0.466012,0.819596,-0.091911,-0.091911,0.654086,296255.000000,23722582.248300,0.052802
2020-05-13,94.680000,95.559998,91.610001,93.290001,172700,0.000000,0.000000,94.680000,95.559998,91.610001,93.290001,87.026500,79.101400,86.454500,88.679600,92.373046,87.266749,5.106296,4.449471,0.656825,57.036349,87.026500,106.023384,68.029615,0.664856,5.607283,0.060106,-0.023550,-0.006073,0.195872,-0.037056,-0.062224,0.411347,0.828141,-0.113297,-0.113297,0.615132,294415.000000,16111183.172700,0.051654
2020-05-14,91.239998,95.110001,89.110001,94.690002,256100,0.000000,0.000000,91.239998,95.110001,89.110001,94.690002,87.980500,79.269600,86.496400,88.804900,92.729501,87.816620,4.912881,4.542153,0.370728,58.348942,87.980500,106.473049,69.487951,0.681411,5.635334,0.059514,0.015007,0.014355,0.283236,-0.007234,-0.043632,0.428421,0.794880,-0.099990,-0.099990,0.639370,286440.000000,24250109.512200,0.071869
2020-05-15,94.209999,97.260002,93.580002,96.370003,162800,0.000000,0.000000,94.209999,97.260002,93.580002,96.370003,88.899000,79.545800,86.546700,88.905250,93.289578,88.450204,4.839374,4.601597,0.237777,59.930933,88.899000,107.127253,70.670747,0.704929,5.495668,0.057027,0.017742,-0.024398,0.274567,0.025540,-0.027646,0.432159,0.793972,-0.084022,-0.084022,0.668456,283425.000000,15689036.488400,0.099182
2020-05-18,100.000000,101.839996,98.760002,100.889999,184100,0.000000,0.000000,100.000000,101.839996,98.760002,100.889999,90.279500,79.978400,86.648100,89.033300,94.458874,89.371670,5.087203,4.698718,0.388485,63.903376,90.279500,107.690894,72.868107,0.804700,5.493834,0.054454,0.046903,0.013970,0.293462,0.057104,0.022707,0.521490,0.800286,-0.041061,-0.041061,0.746711,285265.000000,18573848.815900,0.108262
2020-05-19,100.879997,103.650002,100.139999,101.739998,207700,0.000000,0.000000,100.879997,103.650002,100.139999,101.739998,91.839500,80.620800,86.742300,89.156500,95.579047,90.287843,5.291204,4.817216,0.473988,64.613848,91.839500,107.283914,76.395086,0.820520,5.352132,0.052606,0.008425,0.064894,0.388373,0.049190,0.047570,0.519868,0.754262,-0.032982,-0.032982,0.761427,284730.000000,21131397.584600,0.113576
2020-05-20,104.070000,107.790001,103.699997,104.519997,404100,0.000000,0.000000,104.070000,107.790001,103.699997,104.519997,93.402000,81.197000,86.866600,89.298600,96.954577,91.342076,5.612501,4.976273,0.636228,66.907961,93.402000,107.168149,79.635851,0.903817,5.401980,0.051684,0.027325,0.120377,0.481712,0.035364,0.075198,0.549822,0.728574,-0.006558,-0.006558,0.809557,291885.000000,42236530.787700,0.073841
2020-05-21,104.180000,105.230003,102.110001,102.970001,214900,0.000000,0.000000,104.180000,105.230003,102.110001,102.970001,94.675500,81.801400,86.972700,89.421500,97.880027,92.203404,5.676623,5.116343,0.560280,64.401016,94.675500,106.870362,82.480638,0.840082,5.238981,0.050879,-0.014830,0.087443,0.405350,-0.008283,0.060999,0.580264,0.734708,-0.021291,-0.021291,0.782722,281735.000000,22128253.214900,0.022178
2020-05-22,103.080002,103.800003,100.849998,103.410004,177900,0.000000,0.000000,103.080002,103.800003,100.849998,103.410004,95.774500,82.533800,87.084700,89.552250,98.730793,93.033523,5.697270,5.232528,0.464742,64.804167,95.774500,106.853991,84.695009,0.844578,5.075483,0.049081,0.004273,0.073052,0.334323,0.039297,0.074166,0.615277,0.720862,-0.017109,-0.017109,0.790339,277820.000000,18396639.711600,0.028093
2020-05-26,105.959999,110.860001,105.779999,110.059998,232100,0.000000,0.000000,105.959999,110.860001,105.779999,110.059998,96.991000,83.243400,87.254100,89.698250,100.473747,94.294743,6.179004,5.421823,0.757181,70.281909,96.991000,108.748846,85.233154,1.055756,5.245091,0.047657,0.064307,0.090891,0.351590,0.183186,0.150293,0.719150,0.730873,0.000000,0.000000,0.905471,276390.000000,25544925.535800,0.141404
2020-05-27,113.889999,113.919998,108.190002,111.360001,295900,0.000000,0.000000,113.889999,113.919998,108.190002,111.360001,98.285500,84.113600,87.429800,89.855400,102.148556,95.558836,6.589720,5.655403,0.934317,71.224747,98.285500,110.398069,86.172931,1.039708,5.279727,0.047411,0.011812,0.094555,0.298962,0.176670,0.196647,0.785474,0.718134,0.000000,0.000000,0.927978,265675.000000,32951424.295900,0.128614
2020-05-28,113.059998,113.059998,109.279999,109.559998,260100,0.000000,0.000000,113.059998,113.059998,109.279999,109.559998,98.852500,84.765400,87.596100,90.002450,103.288778,96.595959,6.692818,5.862886,0.829933,68.007484,98.852500,111.971978,85.733022,0.908076,5.172604,0.047213,-0.016164,0.048220,0.281853,0.187514,0.161085,0.791367,0.723357,-0.016164,-0.016164,0.896814,248390.000000,28496555.479800,0.093833
2020-05-29,109.059998,109.959999,107.510002,108.440002,276400,0.000000,0.000000,109.059998,109.959999,107.510002,108.440002,99.648500,85.377200,87.762800,90.139950,104.081274,97.473296,6.607978,6.011904,0.596074,66.009509,99.648500,113.078401,86.218599,0.827311,4.978132,0.045907,-0.010223,0.053122,0.104052,0.242011,0.124546,0.804927,0.529623,-0.026221,-0.026221,0.877424,241935.000000,29972816.552800,0.134335
2020-06-01,107.970001,112.449997,107.680000,111.750000,297300,0.000000,0.000000,107.970001,112.449997,107.680000,111.750000,100.668500,86.162400,87.945900,90.302850,105.261078,98.530829,6.730248,6.155573,0.574675,68.915983,100.668500,114.536250,86.800751,0.899542,4.963265,0.044414,0.030524,0.080650,0.207847,0.273359,0.171752,0.894068,0.483100,0.000000,0.000000,0.934730,240285.000000,33223275.000000,0.206350
2020-06-02,111.900002,112.610001,108.709999,109.250000,295600,0.000000,0.000000,111.900002,112.610001,108.709999,109.250000,101.695500,86.952400,88.146900,90.454400,105.874758,99.324842,6.549916,6.234442,0.315474,64.434474,101.695500,114.858731,88.532269,0.786955,4.887318,0.044735,-0.022371,-0.007360,0.195950,0.244731,0.151212,0.891447,0.489837,-0.022371,-0.022371,0.873285,238745.000000,32294300.000000,0.138296
2020-06-03,111.639999,113.250000,110.339996,111.470001,326200,0.000000,0.000000,111.639999,113.250000,110.339996,111.470001,102.540000,87.871800,88.348500,90.605300,106.735565,100.224483,6.511081,6.289770,0.221312,66.516712,102.540000,115.946067,89.133933,0.833058,4.823938,0.043276,0.020320,0.000988,0.256566,0.291956,0.234167,0.871244,0.471168,-0.002506,-0.002506,0.911351,243880.000000,36361514.326200,0.218236
2020-06-04,110.260002,113.190002,109.839996,112.070000,231000,0.000000,0.000000,110.260002,113.190002,109.839996,112.070000,103.450500,88.708200,88.540100,90.753200,107.556247,101.101929,6.454318,6.322679,0.131639,67.077725,103.450500,116.847914,90.053086,0.821685,4.718657,0.042105,0.005383,0.022910,0.184923,0.357437,0.295457,0.914417,0.427035,0.000000,0.000000,0.921639,245570.000000,25888170.000000,0.257052
2020-06-05,116.589996,119.290001,114.150002,116.250000,283700,0.000000,0.000000,116.589996,119.290001,114.150002,116.250000,104.595500,89.567800,88.762600,90.921750,108.893747,102.224008,6.669739,6.392091,0.277648,70.754103,104.595500,118.269659,90.921342,0.926151,4.897324,0.042128,0.037298,0.072021,0.238547,0.466692,0.334520,0.993313,0.434029,0.000000,0.000000,0.987179,249485.000000,32980125.000000,0.322275
2020-06-08,116.629997,118.209999,114.059998,114.349998,169600,0.000000,0.000000,116.629997,118.209999,114.059998,114.349998,105.374000,90.317800,88.956300,91.073900,109.733171,103.122230,6.610941,6.435861,0.175080,67.086935,105.374000,119.421861,91.326140,0.819479,4.843944,0.042361,-0.016344,0.023266,0.224960,0.642488,0.287290,0.954701,0.440699,-0.016344,-0.016344,0.931588,246140.000000,19393759.660800,0.394198
2020-06-09,113.320000,114.629997,112.010002,113.199997,189100,0.000000,0.000000,113.320000,114.629997,112.010002,113.199997,106.059000,91.118200,89.120600,91.230450,110.266529,103.868731,6.397797,6.428248,-0.030451,64.894553,106.059000,120.236329,91.881671,0.751846,4.685091,0.041388,-0.010057,0.036156,0.145981,0.495179,0.257498,0.871693,0.409120,-0.026237,-0.026237,0.912162,244280.000000,21406119.432700,0.302292
2020-06-10,113.419998,114.589996,111.230003,112.959999,265500,0.000000,0.000000,113.419998,114.589996,111.230003,112.959999,106.930000,91.891200,89.281300,91.397000,110.680909,104.542158,6.138750,6.370349,-0.231599,64.421399,106.930000,120.514324,93.345676,0.721947,4.590441,0.040638,-0.002120,0.013367,0.135276,0.552715,0.224499,0.894348,0.410282,-0.028301,-0.028301,0.908108,245140.000000,29990879.734500,0.292618
2020-06-11,109.379997,109.379997,104.050003,104.970001,333700,0.000000,0.000000,109.379997,109.379997,104.050003,104.970001,107.514000,92.519800,89.356000,91.524350,109.802307,104.573850,5.228457,6.141970,-0.913513,51.071046,107.514000,119.544721,95.483279,0.394271,4.898980,0.046670,-0.070733,-0.063353,0.098702,0.571642,0.148594,0.728755,0.464551,-0.097032,-0.097032,0.773142,253190.000000,35028489.333700,0.253537
2020-06-12,108.889999,109.160004,103.320000,104.910004,216700,0.000000,0.000000,108.889999,109.160004,103.320000,104.910004,108.025000,93.293600,89.455800,91.655350,109.049645,104.598751,4.450895,5.803755,-1.352861,50.985603,108.025000,118.534246,97.515755,0.351797,4.966196,0.047338,-0.000572,-0.097548,0.124558,0.406677,0.123113,0.697573,0.453507,-0.097548,-0.097548,0.772128,251220.000000,22733997.866800,0.189032
2020-06-15,102.019997,109.570000,100.389999,108.900002,184600,0.000000,0.000000,102.019997,109.570000,100.389999,108.900002,108.651500,94.188000,89.599700,91.795450,109.026623,104.917362,4.109261,5.464856,-1.355595,56.230127,108.651500,117.615601,99.687399,0.513861,5.267182,0.048367,0.038033,-0.047661,0.150069,0.605011,0.152503,0.750804,0.466111,-0.063226,-0.063226,0.839527,252310.000000,20102940.369200,0.196380
2020-06-16,114.160004,114.650002,110.000000,113.129997,330300,0.000000,0.000000,114.160004,114.650002,110.000000,113.129997,109.263500,95.158800,89.789400,91.940100,109.657912,105.525705,4.132206,5.198326,-1.066120,60.995031,109.263500,117.649101,100.877899,0.730544,5.301669,0.046864,0.038843,-0.000618,0.173913,0.469793,0.235179,0.860997,0.477772,-0.026839,-0.026839,0.910980,259620.000000,37366838.009100,0.120623
2020-06-17,115.370003,116.199997,111.459999,111.889999,249700,0.000000,0.000000,115.370003,116.199997,111.459999,111.889999,109.771000,95.933000,89.979100,92.071850,110.001310,105.997134,4.004175,4.959496,-0.955321,58.968448,109.771000,117.437142,102.104858,0.638205,5.261550,0.047024,-0.010961,-0.009472,0.109030,0.437251,0.216857,0.814040,0.460281,-0.037505,-0.037505,0.890034,261720.000000,27938932.750300,0.019403
2020-06-18,110.099998,111.290001,109.260002,110.830002,225400,0.000000,0.000000,110.099998,111.290001,109.260002,110.830002,110.086500,96.644800,90.195700,92.203800,110.128801,106.355125,3.773676,4.722332,-0.948656,57.218306,110.086500,117.351613,102.821387,0.551169,5.073582,0.045778,-0.009474,0.055825,0.089345,0.528901,0.213379,0.808879,0.462939,-0.046624,-0.046624,0.872128,252785.000000,24981082.450800,0.138377
2020-06-19,112.580002,112.790001,107.580002,107.790001,286800,0.000000,0.000000,112.580002,112.790001,107.580002,107.790001,110.327500,97.199400,90.369400,92.303650,109.768985,106.461412,3.307574,4.439380,-1.131807,52.413757,110.327500,116.883841,103.771160,0.306485,5.083326,0.047160,-0.027429,0.027452,0.031286,0.545376,0.178677,0.715855,0.467739,-0.072774,-0.072774,0.820777,256380.000000,30914172.286800,0.099619
2020-06-22,106.889999,108.720001,106.150002,108.010002,251700,0.000000,0.000000,106.889999,108.720001,106.150002,108.010002,110.557500,97.692800,90.533400,92.387400,109.498373,106.576122,2.922250,4.135954,-1.213704,52.723144,110.557500,116.372954,104.742046,0.280972,4.903803,0.045401,0.002041,-0.008173,0.048946,0.649008,0.193481,0.759694,0.463779,-0.070882,-0.070882,0.824493,260070.000000,27186117.503400,0.183192
2020-06-23,109.309998,111.040001,108.500000,108.919998,161200,0.000000,0.000000,109.309998,111.040001,108.500000,108.919998,110.500500,98.339800,90.711000,92.483750,109.409392,106.749743,2.659649,3.840693,-1.181044,54.053811,110.500500,116.358676,104.642324,0.365103,4.769960,0.043793,0.008425,-0.037214,0.053283,0.550463,0.192468,0.822929,0.464181,-0.063054,-0.063054,0.839865,256525.000000,17557903.677600,0.184655
2020-06-24,107.769997,109.209999,105.330002,105.889999,164500,0.000000,0.000000,107.769997,109.209999,105.330002,105.889999,110.227000,98.897400,90.898900,92.545700,108.867947,106.686058,2.181889,3.508933,-1.327044,49.098439,110.227000,116.417545,104.036455,0.149708,4.706391,0.044446,-0.027819,-0.053624,-0.037888,0.445203,0.166832,0.788682,0.417982,-0.089118,-0.089118,0.760432,249955.000000,17418904.835500,0.103279
2020-06-25,105.820000,108.050003,104.500000,107.370003,233400,0.000000,0.000000,105.820000,108.050003,104.500000,107.370003,110.117500,99.569000,91.026900,92.615550,108.637494,106.736720,1.900773,3.187301,-1.286527,51.440145,110.117500,116.433916,103.801085,0.282511,4.623792,0.043064,0.013977,-0.031219,-0.035830,0.397137,0.163020,0.785037,0.418917,-0.076387,-0.076387,0.723158,248620.000000,25060158.700200,0.112501
2020-06-26,107.050003,108.690002,103.290001,103.900002,798600,0.000000,0.000000,107.050003,108.690002,103.290001,103.900002,109.890500,100.134800,91.120800,92.674650,107.908649,106.526593,1.382056,2.826252,-1.444196,46.086756,109.890500,116.762625,103.018376,0.064145,4.679235,0.045036,-0.032318,-0.036089,-0.051661,0.419787,0.128244,0.657626,0.429689,-0.106237,-0.106237,0.667469,274730.000000,82974541.597200,0.119237
2020-06-29,105.230003,109.150002,104.889999,108.959999,544100,0.000000,0.000000,105.230003,109.150002,104.889999,108.959999,109.751000,100.754000,91.227800,92.751750,108.070395,106.706845,1.363550,2.533711,-1.170162,53.660091,109.751000,116.577309,102.924691,0.442062,4.720004,0.043319,0.048701,0.008795,0.004795,0.466290,0.179731,0.684862,0.462968,-0.062710,-0.062710,0.748676,287070.000000,59285135.455900,0.196164
2020-06-30,109.120003,111.889999,106.820000,111.180000,315600,0.000000,0.000000,109.120003,111.889999,106.820000,111.180000,109.847500,101.512000,91.337600,92.838500,108.548796,107.038190,1.510606,2.329090,-0.818485,56.544295,109.847500,116.698510,102.996490,0.597248,4.745004,0.042679,0.020374,0.020749,-0.005101,0.511830,0.205726,0.719988,0.455995,-0.043613,-0.043613,0.784304,288070.000000,35088408.000000,0.205514
2020-07-01,112.000000,113.129997,109.019997,110.239998,602100,0.000000,0.000000,112.000000,113.129997,109.019997,110.239998,109.786000,102.306000,91.468300,92.919100,108.808981,107.275361,1.533620,2.169996,-0.636376,54.983788,109.786000,116.597655,102.974346,0.533325,4.699646,0.042631,-0.008455,0.041080,0.009062,0.664754,0.183849,0.720618,0.449841,-0.051699,-0.051699,0.769218,301865.000000,66375502.795800,0.285157
2020-07-02,112.230003,113.160004,111.309998,112.379997,236100,0.000000,0.000000,112.230003,113.160004,111.309998,112.379997,109.801500,103.088200,91.621500,93.008100,109.358368,107.653482,1.704886,2.076974,-0.372088,57.836655,109.801500,116.636409,102.966591,0.688627,4.572529,0.040688,0.019412,0.046661,0.008164,0.751013,0.198209,0.738552,0.449355,-0.033290,-0.033290,0.803563,302120.000000,26532917.291700,0.387689
2020-07-06,115.379997,119.129997,114.739998,117.510002,315900,0.000000,0.000000,115.379997,119.129997,114.739998,117.510002,109.864500,103.888400,91.828400,93.116400,110.612465,108.383595,2.228871,2.107353,0.121517,63.764957,109.864500,116.967640,102.761360,1.038178,4.728063,0.040235,0.045649,0.130991,0.048541,0.819322,0.264500,0.820731,0.475452,0.000000,0.000000,0.885893,303730.000000,37121409.631800,0.404221
2020-07-07,116.800003,120.730003,115.750000,118.639999,388800,0.000000,0.000000,116.800003,120.730003,115.750000,118.639999,110.079000,104.632600,92.046000,93.234650,111.847471,109.143329,2.704142,2.226711,0.477431,64.934509,110.079000,117.968084,102.189916,1.042585,4.746059,0.040004,0.009616,0.088840,0.020559,0.621208,0.292797,0.847112,0.459465,0.000000,0.000000,0.904028,314690.000000,46127231.611200,0.314046
2020-07-08,119.010002,122.379997,118.660004,122.290001,343800,0.000000,0.000000,119.010002,122.379997,118.660004,122.290001,110.533500,105.363800,92.315100,93.381050,113.454014,110.117156,3.336858,2.448740,0.888117,68.474140,110.533500,120.057601,101.009399,1.117197,4.674197,0.038222,0.030765,0.099928,0.069436,0.625332,0.308754,0.912873,0.465520,0.000000,0.000000,0.962606,322425.000000,42043302.343800,0.295022
2020-07-09,122.019997,123.570000,121.339996,122.610001,232600,0.000000,0.000000,122.019997,123.570000,121.339996,122.610001,111.016000,106.106600,92.601500,93.520100,114.862627,111.042552,3.820075,2.723007,1.097068,68.771764,111.016000,121.933521,100.098480,1.030981,4.499612,0.036699,0.002617,0.112210,0.083127,0.531476,0.375322,0.967742,0.462893,0.000000,0.000000,0.950835,320780.000000,28519086.232600,0.227820
2020-07-10,122.730003,124.769997,121.129997,124.750000,213800,0.000000,0.000000,122.730003,124.769997,121.129997,124.750000,112.005000,106.637200,92.894600,93.672850,116.383761,112.057919,4.325843,3.043574,1.282268,70.759819,112.005000,124.132997,99.877004,1.025437,4.438211,0.035577,0.017454,0.110073,0.104373,0.496880,0.366225,0.984885,0.464480,0.000000,0.000000,0.943752,314785.000000,26671550.000000,0.194699
2020-07-13,125.860001,128.470001,122.260002,122.570000,296100,0.000000,0.000000,125.860001,128.470001,122.260002,122.570000,112.888000,107.238200,93.150600,93.804450,117.335490,112.836591,4.498899,3.334639,1.164260,66.140518,112.888000,125.406247,100.369753,0.886715,4.564767,0.037242,-0.017475,0.043060,0.167667,0.600757,0.319234,0.873013,0.384625,-0.017475,-0.017475,0.909785,318755.000000,36292977.000000,0.332409
2020-07-14,122.339996,124.839996,121.059998,124.489998,236500,0.000000,0.000000,122.339996,124.839996,121.059998,124.489998,113.667500,107.901000,93.386000,93.949900,118.436184,113.699807,4.736377,3.614987,1.121390,68.114794,113.667500,127.051746,100.283254,0.904300,4.508712,0.036217,0.015665,0.049309,0.186636,0.595821,0.324362,0.910235,0.384345,-0.002084,-0.002084,0.939701,321350.000000,29441884.527000,0.364151
2020-07-15,126.919998,128.419998,124.709999,127.620003,271300,0.000000,0.000000,126.919998,128.419998,124.709999,127.620003,114.392000,108.679200,93.623900,94.117200,119.849079,114.730932,5.118147,3.915619,1.202528,71.075666,114.392000,129.151769,99.632232,0.948110,4.467376,0.035005,0.025143,0.043585,0.171901,0.729503,0.343651,0.929543,0.374310,0.000000,0.000000,0.988470,318400.000000,34623306.813900,0.472471
2020-07-16,127.470001,130.100006,126.150002,128.169998,303100,0.000000,0.000000,127.470001,130.100006,126.150002,128.169998,115.206000,109.351000,93.910600,94.289550,121.129221,115.726419,5.402802,4.213056,1.189746,71.575156,115.206000,131.134210,99.277790,0.906951,4.430421,0.034567,0.004310,0.045347,0.132944,0.695146,0.324481,0.985285,0.356992,0.000000,0.000000,0.997040,321070.000000,38848326.393800,0.467604
2020-07-17,127.879997,132.619995,126.949997,129.910004,361400,0.000000,0.000000,127.879997,132.619995,126.949997,129.910004,116.160000,110.072000,94.279500,94.479400,122.480110,116.777055,5.703056,4.511056,1.192000,73.154621,116.160000,133.229323,99.090677,0.902769,4.518962,0.034785,0.013576,0.041363,0.161051,0.665513,0.340799,1.016610,0.352217,0.000000,0.000000,1.024151,327870.000000,46949475.445600,0.451291
2020-07-20,129.580002,130.630005,128.199997,130.210007,157900,0.000000,0.000000,129.580002,130.630005,128.199997,130.210007,117.281001,110.809200,94.635200,94.675300,123.669325,117.772088,5.897237,4.788292,1.108945,73.428768,117.281001,134.969423,99.592578,0.865465,4.369751,0.033559,0.002309,0.062332,0.174862,0.776883,0.335487,0.996167,0.347450,0.000000,0.000000,1.028825,321425.000000,20560160.105300,0.519153
2020-07-21,131.369995,131.770004,129.130005,130.179993,218300,0.000000,0.000000,131.369995,131.770004,129.130005,130.179993,118.389500,111.437200,95.014400,94.859300,124.670966,118.691192,5.979774,5.026588,0.953186,73.348065,118.389500,136.407261,100.371739,0.827191,4.246197,0.032618,-0.000231,0.045706,0.207719,0.845478,0.371326,0.982638,0.324597,-0.000231,-0.000231,1.028358,319755.000000,28418292.471900,0.552961
2020-07-22,130.190002,132.130005,126.389999,126.459999,312000,0.000000,0.000000,130.190002,132.130005,126.389999,126.459999,119.266500,111.976400,95.405900,95.035650,124.946202,119.266659,5.679543,5.157179,0.522364,63.964632,119.266500,137.049505,101.483495,0.702258,4.352898,0.034421,-0.028576,-0.009090,0.170817,0.725945,0.338059,0.902799,0.349506,-0.028800,-0.028800,0.970396,327295.000000,39455519.688000,0.465716
2020-07-23,126.050003,129.660004,126.040001,127.330002,193200,0.000000,0.000000,126.050003,129.660004,126.040001,127.330002,120.338500,112.612200,95.801600,95.213050,125.312941,119.863944,5.448997,5.215543,0.233454,65.089477,120.338500,137.291830,103.385170,0.706198,4.300548,0.033775,0.006880,-0.006554,0.169023,0.642968,0.352273,0.876087,0.349511,-0.022118,-0.022118,0.983951,328730.000000,24600156.386400,0.411452
2020-07-24,126.330002,126.870003,125.099998,126.339996,146700,0.000000,0.000000,126.330002,126.870003,125.099998,126.339996,121.287000,113.273200,96.187300,95.393550,125.470949,120.343652,5.127298,5.197894,-0.070596,62.691345,121.287000,137.280855,105.293145,0.657967,4.152652,0.032869,-0.007775,-0.027481,0.193125,0.551517,0.359664,0.891884,0.330214,-0.029721,-0.029721,0.968526,324395.000000,18534077.413200,0.351313
2020-07-27,126.599998,129.520004,125.879997,129.190002,183600,0.000000,0.000000,126.599998,129.520004,125.879997,129.190002,122.551500,113.963200,96.616400,95.581350,126.043111,120.998937,5.044174,5.167150,-0.122975,66.516000,122.551500,136.643204,108.459795,0.735546,4.116035,0.031860,0.022558,-0.007834,0.203222,0.506940,0.448806,0.885985,0.333283,-0.007834,-0.007834,1.012932,293645.000000,23719284.367200,0.300059
2020-07-28,128.050003,129.279999,125.260002,125.480003,269400,0.000000,0.000000,128.050003,129.279999,125.260002,125.480003,123.377500,114.545400,97.045600,95.742050,125.956479,121.330868,4.625612,5.058842,-0.433231,58.157959,123.377500,135.971888,110.783112,0.583470,4.109175,0.032748,-0.028717,-0.036104,0.207700,0.468117,0.387746,0.821983,0.327839,-0.036326,-0.036326,0.955126,279910.000000,33804312.808200,0.259658
2020-07-29,126.309998,129.089996,120.650002,122.430000,492300,0.000000,0.000000,126.309998,129.089996,120.650002,122.430000,123.940000,114.976200,97.477300,95.876400,125.413944,121.412285,4.001659,4.847406,-0.845746,52.335747,123.940000,135.171806,112.708194,0.432780,4.418519,0.036090,-0.024307,-0.031868,0.123623,0.246487,0.336426,0.758294,0.314355,-0.059750,-0.059750,0.907604,288745.000000,60272289.000000,0.063842
2020-07-30,121.970001,124.360001,118.519997,120.660004,350000,0.000000,0.000000,121.970001,124.360001,118.519997,120.660004,124.461000,115.354600,97.987700,95.999750,124.682568,121.356560,3.326008,4.543126,-1.217118,49.254133,124.461000,133.829126,115.092875,0.297131,4.520054,0.037461,-0.014457,-0.052384,0.085267,0.304151,0.323607,0.581389,0.317086,-0.073343,-0.073343,0.880025,276140.000000,42231001.400000,0.113111
2020-07-31,121.110001,122.239998,116.139999,119.449997,268000,0.000000,0.000000,121.110001,122.239998,116.139999,119.449997,124.814500,115.653200,98.425100,96.115450,123.877557,121.215333,2.662224,4.166946,-1.504722,47.207721,124.814500,132.675513,116.953488,0.158791,4.632907,0.038785,-0.010028,-0.054535,0.083545,0.307608,0.371412,0.586743,0.317916,-0.082636,-0.082636,0.861172,277735.000000,32012599.196000,0.058877
2020-08-03,120.690002,122.000000,118.660004,121.559998,257100,0.000000,0.000000,120.690002,122.000000,118.660004,121.559998,125.017000,116.025000,98.913200,96.244050,123.521010,121.240864,2.280146,3.789586,-1.509440,51.028675,125.017000,132.270960,117.763040,0.261716,4.540556,0.037352,0.017664,-0.059060,0.081687,0.370308,0.285397,0.576654,0.316906,-0.066431,-0.066431,0.894048,274795.000000,31253075.485800,0.118653
2020-08-04,121.550003,123.309998,120.470001,122.830002,199200,0.000000,0.000000,121.550003,123.309998,120.470001,122.830002,125.226500,116.413400,99.473600,96.372050,123.414701,121.358578,2.056123,3.442893,-1.386770,53.223192,125.226500,131.925812,118.527188,0.321138,4.419088,0.035977,0.010448,-0.021119,0.045273,0.298689,0.299651,0.614061,0.279814,-0.056678,-0.056678,0.913836,265315.000000,24467736.398400,0.056661
2020-08-05,123.120003,125.820000,122.809998,124.980003,246100,0.000000,0.000000,123.120003,125.820000,122.809998,124.980003,125.361001,116.711800,99.977600,96.503950,123.655517,121.626832,2.028685,3.160052,-1.131367,56.756160,125.361001,131.918594,118.803407,0.470950,4.318439,0.034553,0.017504,0.020828,0.053439,0.331558,0.271932,0.594336,0.283734,-0.040166,-0.040166,0.947336,260430.000000,30757578.738300,0.089417
2020-08-06,124.290001,125.260002,122.440002,122.930000,125500,0.000000,0.000000,124.290001,125.260002,122.440002,122.930000,125.377000,116.943200,100.528400,96.620850,123.543899,121.723363,1.820536,2.892148,-1.071612,52.671243,125.377000,131.907839,118.846162,0.312658,4.211407,0.034259,-0.016403,0.018813,0.005233,0.316872,0.226846,0.591121,0.271598,-0.055910,-0.055910,0.915394,255075.000000,15427715.000000,0.079846
2020-08-07,122.150002,124.779999,122.150002,124.300003,105000,0.000000,0.000000,122.150002,124.779999,122.150002,124.300003,125.354501,117.238000,101.001700,96.750600,123.660222,121.914225,1.745998,2.662918,-0.916921,55.002093,125.354501,131.897523,118.811478,0.419418,4.098449,0.032972,0.011145,0.040603,0.013784,0.258352,0.279201,0.537225,0.274075,-0.045388,-0.045388,0.936740,249635.000000,13051500.315000,0.051182
2020-08-10,124.680000,130.080002,124.680000,128.529999,334500,0.000000,0.000000,124.680000,130.080002,124.680000,128.529999,125.652501,117.639800,101.508500,96.899950,124.409419,122.404282,2.005137,2.531362,-0.526225,61.333836,125.652501,132.204434,119.100567,0.719592,4.218560,0.032822,0.034031,0.057338,0.030301,0.291759,0.324232,0.608032,0.292188,-0.012902,-0.012902,1.002649,251555.000000,42993284.665500,0.098552
2020-08-11,129.580002,130.759995,127.360001,128.070007,240400,0.000000,0.000000,129.580002,130.759995,127.360001,128.070007,125.831501,117.966200,102.064300,97.041050,124.972586,122.823966,2.148621,2.454814,-0.306193,60.339512,125.831501,132.445033,119.217969,0.669237,4.160091,0.032483,-0.003579,0.042661,0.044872,0.340486,0.322764,0.597879,0.284634,-0.016435,-0.016435,0.995482,251750.000000,30788029.682800,0.142734
2020-08-12,129.869995,136.110001,127.949997,131.429993,238700,0.000000,0.000000,129.869995,136.110001,127.949997,131.429993,126.022001,118.409800,102.681100,97.182900,125.966033,123.461449,2.504584,2.464768,0.039817,64.825220,126.022001,133.058415,118.985586,0.884286,4.445799,0.033826,0.026236,0.051608,0.055747,0.408833,0.356627,0.623795,0.293142,0.000000,0.000000,1.047834,250120.000000,31372339.329100,0.166361
2020-08-13,130.380005,132.740005,129.399994,130.740005,215600,0.000000,0.000000,130.380005,132.740005,129.399994,130.740005,126.150501,118.795200,103.333500,97.310550,126.700491,124.000601,2.699889,2.511792,0.188097,63.243329,126.150501,133.441350,118.859651,0.814744,4.366814,0.033401,-0.005250,0.063532,0.024448,0.380716,0.370728,0.651383,0.282605,-0.005250,-0.005250,1.037083,245745.000000,28187545.078000,0.146051
2020-08-14,131.009995,131.369995,129.139999,130.320007,108300,0.000000,0.000000,131.009995,131.369995,129.139999,130.320007,126.171001,119.160200,103.934200,97.437250,127.257339,124.468706,2.788634,2.567160,0.221473,62.247591,126.171001,133.508516,118.833486,0.782726,4.214184,0.032337,-0.003212,0.048431,0.016775,0.352288,0.386826,0.650874,0.282798,-0.008445,-0.008445,1.030539,233090.000000,14113656.758100,0.129899
2020-08-17,130.300003,131.160004,129.250000,131.070007,120700,0.000000,0.000000,130.300003,131.160004,129.250000,131.070007,126.214001,119.456601,104.512200,97.629550,127.843904,124.957691,2.886213,2.630971,0.255242,63.357071,126.214001,133.660449,118.767553,0.826062,4.049600,0.030896,0.005755,0.019762,0.008929,0.299138,0.373324,0.612376,0.279676,-0.002739,-0.002739,1.042225,231230.000000,15820149.844900,0.093947
2020-08-18,131.000000,131.940002,129.610001,131.050003,198600,0.000000,0.000000,131.000000,131.940002,129.610001,131.050003,126.257502,119.790601,105.054200,97.838800,128.337150,125.408973,2.928176,2.690412,0.237764,63.303634,126.257502,133.810898,118.704105,0.817242,3.926772,0.029964,-0.000153,0.023268,0.006451,0.288087,0.351449,0.588677,0.279614,-0.002891,-0.002891,1.041913,230245.000000,26026530.595800,0.067541
2020-08-19,131.779999,133.320007,131.039993,131.610001,134200,0.000000,0.000000,131.779999,133.320007,131.039993,131.610001,126.515002,120.158801,105.638500,98.030200,128.840665,125.868309,2.972357,2.746801,0.225556,64.213591,126.515002,134.439482,118.590521,0.821472,3.809146,0.028943,0.004273,0.001370,0.010985,0.259185,0.303715,0.594500,0.279910,0.000000,0.000000,1.050639,221355.000000,17662062.134200,0.070328
2020-08-20,130.660004,132.199997,130.000000,131.320007,115900,0.000000,0.000000,130.660004,132.199997,130.000000,131.320007,126.714502,120.526001,106.208600,98.205850,129.222102,126.272138,2.949964,2.787434,0.162531,63.337705,126.714502,134.921245,118.507759,0.780593,3.694207,0.028131,-0.002203,0.004436,0.038431,0.275323,0.264760,0.564824,0.259346,-0.002203,-0.002203,1.046120,217490.000000,15219988.811300,0.062065
2020-08-21,131.210007,135.100006,131.149994,134.779999,144400,0.000000,0.000000,131.210007,135.100006,131.149994,134.779999,127.136502,121.122201,106.821000,98.399250,130.077163,126.902350,3.174813,2.864910,0.309904,68.805041,127.136502,136.095658,118.177346,0.926575,3.712479,0.027545,0.026348,0.034223,0.058509,0.303356,0.354573,0.645866,0.272469,0.000000,0.000000,1.100031,217375.000000,19462231.855600,0.090241
2020-08-24,135.550003,135.550003,131.300003,133.419998,172300,0.000000,0.000000,135.550003,135.550003,131.300003,133.419998,127.348002,121.692401,107.493000,98.581100,130.591446,127.385139,3.206307,2.933189,0.273118,64.719584,127.348002,136.702276,117.993728,0.824557,3.750873,0.028113,-0.010091,0.017929,0.056039,0.212248,0.434315,0.675078,0.273722,-0.010091,-0.010091,1.078841,216810.000000,22988265.655400,-0.006109
2020-08-25,133.149994,134.169998,132.550003,133.029999,97600,0.000000,0.000000,133.149994,134.169998,132.550003,133.029999,127.725502,122.175001,108.181500,98.754250,130.966608,127.803277,3.163331,2.979217,0.184114,63.554188,127.725502,137.367320,118.083683,0.775078,3.598667,0.027052,-0.002923,0.015109,0.029724,0.194594,0.405642,0.673333,0.264557,-0.012984,-0.012984,1.072764,208220.000000,12983727.902400,-0.023641
2020-08-26,133.449997,135.100006,131.889999,134.500000,133600,0.000000,0.000000,133.449997,135.100006,131.889999,134.500000,128.329002,122.602401,108.880600,98.935750,131.510207,128.299330,3.210876,3.025549,0.185327,66.036674,128.329002,138.085504,118.572499,0.816251,3.570906,0.026549,0.011050,0.021959,0.071884,0.227638,0.457837,0.708804,0.242194,-0.002077,-0.002077,1.095668,190285.000000,17969200.000000,-0.017433
2020-08-27,135.380005,136.000000,133.250000,135.369995,94700,0.000000,0.000000,135.380005,136.000000,133.250000,135.369995,129.064501,123.072001,109.502500,99.115200,132.104020,128.823083,3.280937,3.076627,0.204310,67.449787,129.064501,138.602153,119.526850,0.830558,3.512270,0.025946,0.006468,0.030841,0.105693,0.248340,0.550452,0.673714,0.220271,0.000000,0.000000,1.109224,177520.000000,12819538.526500,0.023314
2020-08-28,135.929993,135.929993,133.880005,134.210007,141300,0.000000,0.000000,135.929993,135.929993,133.880005,134.210007,129.802502,123.539601,110.092200,99.291200,132.428018,129.222114,3.205904,3.102482,0.103421,63.647297,129.802502,138.450433,121.154570,0.754830,3.407821,0.025392,-0.008569,-0.004229,0.112299,0.200984,0.529284,0.593943,0.214628,-0.008569,-0.008569,1.091150,171185.000000,18963873.989100,-0.023426
2020-08-31,134.320007,135.539993,132.309998,134.199997,199800,0.000000,0.000000,134.320007,135.539993,132.309998,134.199997,130.434502,124.067801,110.633600,99.466650,132.700630,129.590847,3.109784,3.103942,0.005841,63.613970,130.434502,138.363762,122.505242,0.737443,3.395119,0.025299,-0.000075,0.005846,0.123483,0.228375,0.528996,0.568857,0.208429,-0.008643,-0.008643,1.090994,168320.000000,26813159.400600,0.002835
2020-09-01,134.360001,141.089996,132.949997,140.270004,234800,0.000000,0.000000,134.360001,141.089996,132.949997,140.270004,131.306502,124.713001,111.202900,99.674750,133.865149,130.381895,3.483254,3.179805,0.303449,72.885742,131.306502,139.544393,123.068610,1.044041,3.734039,0.026620,0.045231,0.054424,0.153916,0.258366,0.625753,0.661180,0.246807,0.000000,0.000000,1.185572,170100.000000,32935396.939200,0.025299
2020-09-02,140.000000,140.000000,133.970001,139.360001,261200,0.000000,0.000000,140.000000,140.000000,133.970001,139.360001,132.025502,125.321801,111.830800,99.885950,134.710511,131.046940,3.663571,3.276558,0.387013,70.005694,132.025502,140.446573,123.604430,0.935485,3.917322,0.028109,-0.006488,0.036134,0.134576,0.243509,0.687985,0.586882,0.250728,-0.006488,-0.006488,1.171393,170855.000000,36400832.261200,-0.010306
2020-09-03,139.389999,142.240005,130.470001,132.820007,171400,0.000000,0.000000,139.389999,142.240005,130.470001,132.820007,132.520002,125.860401,112.378901,100.064000,134.419664,131.178278,3.241386,3.269524,-0.028138,53.610220,132.520002,139.772676,125.267328,0.520682,4.478228,0.033717,-0.046929,-0.018837,0.062730,0.142538,0.675751,0.455402,0.306991,-0.053112,-0.053112,1.069492,173150.000000,22765349.199800,-0.024979
2020-09-04,134.960007,135.500000,127.879997,131.330002,213000,0.000000,0.000000,134.960007,135.500000,127.879997,131.330002,132.871502,126.339601,112.954301,100.235400,133.944332,131.189517,2.754814,3.166582,-0.411767,50.697034,132.871502,139.048416,126.694588,0.375221,4.702641,0.035808,-0.011218,-0.021459,0.068332,0.148492,0.886383,0.464919,0.303350,-0.063734,-0.063734,1.046276,178550.000000,27973290.426000,0.008601
2020-09-08,130.759995,135.889999,129.080002,132.149994,137400,0.000000,0.000000,130.759995,135.889999,129.080002,132.149994,133.052502,126.904601,113.519700,100.414800,133.668280,131.260664,2.407616,3.014789,-0.607173,52.235310,133.052502,138.896967,127.208036,0.422790,4.853166,0.036725,0.006244,-0.015276,0.063154,0.167403,0.745476,0.413369,0.302231,-0.057888,-0.057888,1.059053,168695.000000,18157409.175600,0.077593
2020-09-09,131.669998,137.360001,131.669998,135.220001,159200,0.000000,0.000000,131.669998,137.360001,131.669998,135.220001,133.410001,127.429801,114.091900,100.612500,133.907006,131.553948,2.353058,2.882443,-0.529384,57.572612,133.410001,138.830550,127.989453,0.666957,4.912940,0.036333,0.023231,-0.036002,0.052050,0.197061,0.858694,0.447752,0.290385,-0.036002,-0.036002,1.106887,164635.000000,21527024.159200,0.085168
2020-09-10,134.949997,135.979996,131.720001,131.869995,127500,0.000000,0.000000,134.949997,135.979996,131.720001,131.869995,133.432001,127.843601,114.677800,100.806550,133.593620,131.577359,2.016261,2.709206,-0.692945,50.890109,133.432001,138.822200,128.041803,0.355107,4.866301,0.036902,-0.024774,-0.053746,0.029671,0.256264,0.974397,0.432124,0.304965,-0.059885,-0.059885,1.054690,159075.000000,16813424.362500,0.105953
2020-09-11,132.880005,134.800003,131.009995,131.979996,103900,0.000000,0.000000,132.880005,134.800003,131.009995,131.979996,133.494001,128.278401,115.292200,100.994650,133.345370,131.607184,1.738186,2.515002,-0.776816,51.090856,133.494001,138.781369,128.206633,0.356828,4.789423,0.036289,0.000834,-0.006324,0.004185,0.258031,0.769643,0.410947,0.291474,-0.059100,-0.059100,1.056404,153490.000000,13712721.584400,0.126133
2020-09-14,132.740005,133.669998,130.229996,131.250000,155400,0.000000,0.000000,132.740005,133.669998,130.229996,131.250000,133.540501,128.655801,115.872000,101.168750,133.023005,131.580726,1.442280,2.300458,-0.858178,49.640662,133.540501,138.725708,128.355293,0.279131,4.693036,0.035756,-0.005531,-0.000609,0.003901,0.205234,0.934414,0.398806,0.291544,-0.064305,-0.064305,1.045030,155845.000000,20396250.000000,0.068423
2020-09-15,131.710007,134.050003,131.229996,133.630005,87700,0.000000,0.000000,131.710007,134.050003,131.229996,133.630005,133.668501,128.978201,116.433300,101.360050,133.116390,131.732524,1.383866,2.117139,-0.733274,54.204669,133.668501,138.721635,128.615366,0.496191,4.559248,0.034118,0.018133,0.011199,0.025399,0.181208,0.736131,0.419783,0.297575,-0.047337,-0.047337,1.082113,154195.000000,11719351.438500,0.050400
2020-09-16,134.800003,134.800003,130.000000,131.339996,159500,0.000000,0.000000,134.800003,134.800003,130.000000,131.339996,133.683000,129.232201,116.932400,101.542250,132.843099,131.703448,1.139651,1.921642,-0.781991,49.551321,133.683000,138.706073,128.659927,0.266776,4.576445,0.034844,-0.017137,-0.028694,0.002060,0.173831,0.687091,0.388666,0.303819,-0.063663,-0.063663,1.046432,152240.000000,20948729.362000,0.058808
2020-09-17,129.440002,132.179993,128.910004,130.330002,188100,0.000000,0.000000,129.440002,132.179993,128.910004,130.330002,133.619000,129.393001,117.378400,101.742300,132.456468,131.601711,0.854757,1.708265,-0.853508,47.610018,133.619000,138.783899,128.454102,0.181601,4.483127,0.034398,-0.007690,-0.011678,-0.005494,0.175945,0.797903,0.359729,0.305071,-0.070863,-0.070863,1.030695,154935.000000,24515073.376200,0.078668
2020-09-18,131.490005,131.699997,123.940002,124.910004,507900,0.000000,0.000000,131.490005,131.699997,123.940002,124.910004,133.298500,129.439001,117.772800,101.934300,131.295474,131.106029,0.189445,1.404501,-1.215056,38.820512,133.298500,139.709324,126.887676,-0.154245,4.717189,0.037765,-0.041587,-0.053569,-0.050908,0.158827,0.790824,0.314981,0.336552,-0.109503,-0.109503,0.946245,174535.000000,63441791.031600,0.073652
2020-09-21,122.389999,123.040001,117.690002,120.470001,212800,0.000000,0.000000,122.389999,123.040001,117.690002,120.470001,132.583000,129.353401,117.995300,102.101100,129.630016,130.318175,-0.688159,0.985969,-1.674128,33.383430,132.583000,141.134460,124.031541,-0.208242,4.895961,0.040640,-0.035546,-0.082133,-0.082623,0.115360,0.839237,0.295237,0.355741,-0.141156,-0.141156,0.877065,177955.000000,25636016.212800,0.043533
2020-09-22,120.650002,121.870003,117.070000,120.860001,210800,0.000000,0.000000,120.650002,121.870003,117.070000,120.860001,131.955000,129.319201,118.278700,102.261250,128.280783,129.617570,-1.336786,0.521418,-1.858204,34.254468,131.955000,141.967581,121.942420,-0.054053,4.889107,0.040453,0.003237,-0.095562,-0.103279,0.109622,0.720427,0.274894,0.339661,-0.138376,-0.138376,0.883141,179880.000000,25477288.210800,0.027474
2020-09-23,120.230003,123.410004,120.230003,120.860001,135100,0.000000,0.000000,120.230003,123.410004,120.230003,120.860001,131.346500,129.246601,118.573801,102.415450,127.139124,128.968861,-1.829737,0.051187,-1.880923,34.254468,131.346500,142.498407,120.194594,0.029834,4.767028,0.039443,0.000000,-0.079793,-0.094139,0.141373,0.649516,0.283015,0.339539,-0.138376,-0.138376,0.883141,181755.000000,16328186.135100,0.068328
2020-09-24,120.669998,124.750000,120.120003,122.080002,125700,0.000000,0.000000,120.669998,124.750000,120.120003,122.080002,130.725501,129.135801,118.907501,102.564600,126.360798,128.458575,-2.097777,-0.378606,-1.719171,37.232009,130.725501,142.503665,118.947337,0.132986,4.757240,0.038968,0.010094,-0.063301,-0.082312,0.137003,0.588549,0.268364,0.343264,-0.129678,-0.129678,0.902150,181360.000000,15345456.251400,0.071587
2020-09-25,121.470001,125.150002,121.139999,123.110001,149100,0.000000,0.000000,121.470001,125.150002,121.139999,123.110001,130.112501,129.034601,119.192801,102.723200,125.860675,128.062384,-2.201709,-0.743227,-1.458483,39.714379,130.112501,142.146257,118.078745,0.209048,4.703866,0.038209,0.008437,-0.014410,-0.084684,0.184889,0.682290,0.290461,0.341951,-0.122336,-0.122336,0.918199,184080.000000,18355701.149100,0.066378
2020-09-28,124.480003,127.849998,124.480003,127.089996,168100,0.000000,0.000000,124.480003,127.849998,124.480003,127.089996,129.756500,128.978201,119.525100,102.891600,126.049802,127.990356,-1.940554,-0.982692,-0.957862,48.233716,129.756500,141.700799,117.812201,0.388378,4.706447,0.037032,0.032329,0.054951,-0.061166,0.166391,0.710268,0.349724,0.362996,-0.093962,-0.093962,0.980212,185420.000000,21363828.327600,0.040469
2020-09-29,127.269997,129.839996,124.919998,126.430000,106500,0.000000,0.000000,127.269997,129.839996,124.919998,126.430000,129.368000,128.902601,119.855901,103.051300,126.108294,127.874774,-1.766480,-1.139450,-0.627030,47.046412,129.368000,141.208761,117.527240,0.375937,4.721700,0.037346,-0.005193,0.046086,-0.057969,0.137165,0.719200,0.349306,0.362502,-0.098667,-0.098667,0.969928,180755.000000,13464795.000000,0.035117
2020-09-30,126.430000,129.169998,124.220001,126.139999,271100,0.000000,0.000000,126.430000,129.169998,124.220001,126.139999,128.661500,128.821801,120.129501,103.224050,126.113171,127.746272,-1.633101,-1.238180,-0.394921,46.504721,128.661500,139.398064,117.924936,0.382574,4.738007,0.037561,-0.002294,0.043687,-0.060060,0.144231,0.904863,0.371982,0.362390,-0.100734,-0.100734,0.965410,182570.000000,34196553.728900,0.044485
2020-10-01,125.150002,128.800003,124.230003,127.830002,249400,0.000000,0.000000,125.150002,128.800003,124.230003,127.830002,128.085000,128.849201,120.412801,103.403450,126.377299,127.752474,-1.375175,-1.265579,-0.109596,50.109783,128.085000,137.567805,118.602196,0.486555,4.726007,0.036971,0.013398,0.047100,-0.088686,0.137480,0.991742,0.404262,0.324098,-0.088686,-0.088686,0.991742,181980.000000,31880802.498800,0.027868
2020-10-02,125.510002,132.479996,125.510002,129.199997,141300,0.000000,0.000000,125.510002,132.479996,125.510002,129.199997,127.904000,128.886601,120.749400,103.592750,126.811560,127.859698,-1.048138,-1.222091,0.173953,52.881838,127.904000,137.141278,118.666721,0.570150,4.886292,0.037820,0.010717,0.049468,-0.072905,0.099481,1.000310,0.383594,0.328032,-0.078919,-0.078919,1.013088,180475.000000,18255959.576100,0.038010
2020-10-05,129.789993,135.460007,129.789993,134.130005,192400,0.000000,0.000000,129.789993,135.460007,129.789993,134.130005,128.044000,129.042401,121.157801,103.806150,127.937475,128.324165,-0.386690,-1.055011,0.668320,61.230074,128.044000,137.579953,118.508047,0.819108,4.984414,0.037161,0.038158,0.055394,0.009863,0.130563,0.832878,0.470885,0.318013,-0.043773,-0.043773,1.089903,179445.000000,25806612.962000,0.034990
2020-10-06,134.300003,138.639999,134.300003,136.220001,234700,0.000000,0.000000,134.300003,138.639999,134.300003,136.220001,128.247500,129.183001,121.573101,104.034750,129.211710,128.909042,0.302668,-0.783475,1.086143,64.131442,128.247500,138.311484,118.183516,0.896091,4.950527,0.036342,0.015582,0.077434,0.037234,0.113910,0.810473,0.483070,0.318951,-0.028873,-0.028873,1.122468,184310.000000,31970834.234700,0.050807
2020-10-07,137.639999,142.460007,137.419998,137.970001,263900,0.000000,0.000000,137.639999,142.460007,137.419998,137.970001,128.385000,129.432801,121.989100,104.267900,130.559139,129.580224,0.978915,-0.430997,1.409912,66.398897,128.385000,138.914468,117.855532,0.955151,5.042633,0.036549,0.012847,0.093785,0.044041,0.125275,0.723333,0.528923,0.320889,-0.016397,-0.016397,1.149735,189545.000000,36410283.263900,0.047832
2020-10-08,139.000000,143.240005,137.669998,142.270004,167600,0.000000,0.000000,139.000000,143.240005,137.669998,142.270004,128.905001,129.829601,122.402901,104.525500,132.360811,130.520208,1.840603,0.023323,1.817280,71.214151,128.905001,141.060755,116.749247,1.049740,5.080302,0.035709,0.031166,0.112963,0.052137,0.140441,0.707104,0.552658,0.328513,0.000000,0.000000,1.216734,191550.000000,23844452.670400,0.064760
2020-10-09,143.419998,144.639999,140.960007,143.779999,166300,0.000000,0.000000,143.419998,144.639999,140.960007,143.779999,129.495001,130.292001,122.823301,104.782800,134.117609,131.502415,2.615194,0.541697,2.073497,72.693993,129.495001,143.311232,115.678770,1.016964,4.980280,0.034638,0.010614,0.112848,0.090316,0.173044,0.877759,0.540390,0.313866,0.000000,0.000000,1.240262,194670.000000,23910613.833700,0.058607
2020-10-12,144.139999,151.360001,143.850006,145.369995,182400,0.000000,0.000000,144.139999,151.360001,143.850006,145.369995,130.201001,130.810401,123.231801,105.049200,135.848745,132.529643,3.319102,1.097178,2.221924,74.198147,130.201001,145.731520,114.670481,0.988361,5.165975,0.035537,0.011059,0.083799,0.101455,0.167724,0.863479,0.521243,0.314436,0.000000,0.000000,1.265036,196020.000000,26515487.088000,0.035420
2020-10-13,145.100006,148.639999,143.429993,143.710007,264300,0.000000,0.000000,145.100006,148.639999,143.429993,143.710007,130.705001,131.253401,123.639201,105.305950,137.058170,133.357818,3.700352,1.617813,2.082539,69.870783,130.705001,147.320407,114.089594,0.891354,5.169120,0.035969,-0.011419,0.054985,0.094933,0.126077,0.947554,0.497135,0.317520,-0.011419,-0.011419,1.239171,204850.000000,37982554.850100,0.001589
2020-10-14,144.149994,146.360001,143.919998,146.039993,207500,0.000000,0.000000,144.149994,146.360001,143.919998,146.039993,131.440001,131.717601,124.065500,105.575100,138.439989,134.297238,4.142751,2.122801,2.019950,72.311735,131.440001,149.418321,113.461680,0.906044,4.989182,0.034163,0.016213,0.058491,0.092868,0.139424,0.931490,0.516353,0.316551,0.000000,0.000000,1.275475,207250.000000,30303298.547500,0.015792
2020-10-15,144.199997,149.929993,144.199997,148.479996,184300,0.000000,0.000000,144.199997,149.929993,144.199997,148.479996,132.347500,132.187601,124.449700,105.851900,139.984605,135.347813,4.636793,2.625599,2.011194,74.629757,132.347500,151.857030,112.837971,0.913452,5.042097,0.033958,0.016708,0.043649,0.130501,0.142945,0.903590,0.549249,0.309124,0.000000,0.000000,1.313493,207060.000000,27364863.262800,0.027677
2020-10-16,147.490005,148.649994,144.600006,144.649994,226200,0.000000,0.000000,147.490005,148.649994,144.600006,144.649994,133.334500,132.622001,124.782600,106.106200,140.702358,136.036863,4.665494,3.033578,1.631916,65.377578,133.334500,153.252780,113.416220,0.784048,4.971232,0.034367,-0.025795,0.006051,0.109875,0.110898,0.973936,0.487709,0.325200,-0.025795,-0.025795,1.253817,192975.000000,32719828.642800,0.026895
2020-10-19,144.210007,145.309998,140.820007,141.300003,161900,0.000000,0.000000,144.210007,145.309998,140.820007,141.300003,134.376000,132.962001,125.100000,106.348050,140.794303,136.426726,4.367577,3.300378,1.067200,58.541244,134.376000,153.629239,115.122760,0.679814,4.936858,0.034939,-0.023159,-0.027997,0.131214,0.085420,1.003119,0.433063,0.296840,-0.048357,-0.048357,1.201620,190430.000000,22876470.485700,0.010655
2020-10-20,142.759995,144.300003,142.139999,142.279999,89600,0.000000,0.000000,142.759995,144.300003,142.139999,142.279999,135.447000,133.237001,125.438400,106.600600,141.022872,136.860301,4.162570,3.472816,0.689754,59.863452,135.447000,153.901008,116.992991,0.685136,4.798511,0.033726,0.006936,-0.009951,0.181041,0.125099,0.941859,0.429231,0.255412,-0.041756,-0.041756,1.216890,184370.000000,12748287.910400,0.049408
2020-10-21,143.130005,145.000000,140.929993,143.929993,130500,0.000000,0.000000,143.130005,145.000000,140.929993,143.929993,136.600499,133.554200,125.760200,106.853050,141.470121,137.383982,4.086139,3.595481,0.490658,62.057529,136.600499,154.073389,119.127610,0.709739,4.746475,0.032978,0.011597,-0.014448,0.190882,0.130370,0.857161,0.463447,0.255057,-0.030644,-0.030644,1.242599,184140.000000,18782864.086500,0.032556
2020-10-22,145.440002,148.199997,142.759995,147.050003,229000,0.000000,0.000000,145.440002,148.199997,142.759995,147.050003,137.848999,133.866601,126.138200,107.142550,142.328564,138.099984,4.228581,3.722101,0.506480,65.858171,137.848999,154.502472,121.195527,0.776249,4.796013,0.032615,0.021677,-0.009631,0.216697,0.163923,0.805846,0.490472,0.257027,-0.009631,-0.009631,1.291212,189305.000000,33674450.687000,0.053645
2020-10-23,148.300003,149.000000,145.940002,147.410004,164900,0.000000,0.000000,148.300003,149.000000,145.940002,147.410004,139.064000,134.200000,126.497600,107.423050,143.110324,138.789615,4.320709,3.841823,0.478887,66.277909,139.064000,154.704745,123.423254,0.766803,4.672012,0.031694,0.002448,0.019081,0.207487,0.141033,0.719468,0.476315,0.258169,-0.007206,-0.007206,1.296822,190095.000000,24307909.659600,0.044982
2020-10-26,146.160004,147.020004,144.779999,146.940002,168900,0.000000,0.000000,146.160004,147.020004,144.779999,146.940002,140.056500,134.532400,126.846300,107.693200,143.699506,139.393347,4.306158,3.934690,0.371469,65.151754,140.056500,155.001733,125.111267,0.730291,4.526154,0.030803,-0.003188,0.039915,0.193567,0.171023,0.719200,0.425771,0.261688,-0.010372,-0.010372,1.289498,190135.000000,24818166.337800,0.079037
2020-10-27,147.279999,147.899994,142.490005,143.789993,200600,0.000000,0.000000,147.279999,147.899994,142.490005,143.789993,140.924499,134.786800,127.121700,107.942150,143.713427,139.719025,3.994402,3.946632,0.047770,58.034500,140.924499,154.490315,127.358684,0.605614,4.589285,0.031917,-0.021437,0.010613,0.131403,0.174467,0.463958,0.366695,0.266471,-0.031587,-0.031587,1.240417,194840.000000,28844272.595800,0.090201
2020-10-28,141.190002,143.550003,139.600006,141.800003,312600,0.000000,0.000000,141.190002,143.550003,139.600006,141.800003,141.707500,135.001800,127.396200,108.176250,143.419054,139.873171,3.545883,3.866482,-0.320600,54.019714,141.707500,153.351989,130.063010,0.503972,4.560764,0.032163,-0.013840,-0.014799,0.121569,0.175203,0.532642,0.350733,0.272671,-0.044989,-0.044989,1.209411,196915.000000,44326680.937800,0.135812
2020-10-29,139.610001,149.770004,135.240005,146.960007,494800,0.000000,0.000000,139.610001,149.770004,135.240005,146.960007,142.664000,135.308800,127.733801,108.427200,143.963816,140.398122,3.565694,3.806325,-0.240631,61.464051,142.664000,152.513159,132.814841,0.718090,5.272852,0.035880,0.036389,-0.000612,0.165055,0.230306,0.608758,0.586870,0.290849,-0.010237,-0.010237,1.289810,209185.000000,72715811.463600,0.189328
2020-10-30,147.940002,151.139999,144.270004,147.660004,245500,0.000000,0.000000,147.940002,151.139999,144.270004,147.660004,143.587000,135.635600,128.080801,108.681050,144.532460,140.936039,3.596421,3.764344,-0.167923,62.354479,143.587000,151.365788,135.808213,0.761802,5.386934,0.036482,0.004763,0.001696,0.155128,0.214709,0.664525,0.655381,0.290165,-0.005523,-0.005523,1.300717,214395.000000,36250530.982000,0.213903
2020-11-02,149.449997,153.250000,147.919998,151.350006,235200,0.000000,0.000000,149.449997,153.250000,147.919998,151.350006,144.448000,135.967000,128.544601,108.950300,145.581313,141.707444,3.873869,3.786249,0.087620,66.719954,144.448000,151.606703,137.289297,0.982071,5.401438,0.035688,0.024990,0.030012,0.171440,0.232191,0.600233,0.621665,0.296580,0.000000,0.000000,1.358211,216535.000000,35597521.411200,0.230688
2020-11-03,153.750000,159.619995,153.639999,159.259995,267800,0.000000,0.000000,153.750000,159.619995,153.639999,159.259995,145.600000,136.483800,129.088101,109.271950,147.685726,143.007633,4.678093,3.964618,0.713475,73.747744,145.600000,154.408806,136.791194,1.275360,5.606335,0.035202,0.052263,0.107587,0.187355,0.274284,0.696782,0.655681,0.318061,0.000000,0.000000,1.481458,218190.000000,42649826.661000,0.259539
2020-11-04,158.880005,162.690002,157.490005,160.690002,311800,0.000000,0.000000,158.880005,162.690002,157.490005,160.690002,146.736000,137.037000,129.606001,109.602850,149.686384,144.317438,5.368946,4.245483,1.123462,74.784438,146.736000,157.120785,136.351215,1.171848,5.577311,0.034709,0.008979,0.133216,0.179636,0.307167,0.721371,0.672112,0.317003,0.000000,0.000000,1.503740,220585.000000,50103142.623600,0.263711
2020-11-05,162.589996,167.080002,162.589996,166.490005,191300,0.000000,0.000000,162.589996,167.080002,162.589996,166.490005,147.947000,137.676800,130.139601,109.964500,152.271556,145.959851,6.311706,4.658728,1.652978,78.493968,147.947000,161.349302,134.544698,1.191784,5.635360,0.033848,0.036094,0.132893,0.206712,0.339421,0.685463,0.715507,0.331308,0.000000,0.000000,1.594110,221770.000000,31849537.956500,0.259505
2020-11-06,166.910004,167.509995,164.740005,165.309998,201700,0.000000,0.000000,166.910004,167.509995,164.740005,165.309998,149.023500,138.275600,130.673801,110.326450,154.277470,147.393195,6.884276,5.103837,1.780438,76.042929,149.023500,164.338685,133.708315,1.031711,5.430690,0.032852,-0.007088,0.119531,0.161946,0.286159,0.661407,0.679980,0.325797,-0.007088,-0.007088,1.575724,223540.000000,33343026.596600,0.201655
2020-11-09,176.070007,176.070007,168.259995,169.919998,430500,0.000000,0.000000,176.070007,176.070007,168.259995,169.919998,150.251000,138.989800,131.264701,110.730200,156.684013,149.061847,7.622166,5.607503,2.014663,78.824831,150.251000,168.064751,132.437249,1.052073,5.811356,0.034201,0.027887,0.122696,0.181806,0.326774,0.778522,0.730346,0.333370,0.000000,0.000000,1.647554,235945.000000,73150559.139000,0.240437
2020-11-10,170.570007,175.149994,163.589996,169.539993,309000,0.000000,0.000000,170.570007,175.149994,163.589996,169.539993,151.542500,139.696600,131.882200,111.125800,158.661856,150.578747,8.083110,6.102624,1.980485,78.020582,151.542500,171.026568,132.058431,0.961852,6.221973,0.036699,-0.002236,0.064549,0.166265,0.289964,0.817344,0.704262,0.335107,-0.002236,-0.002236,1.641633,238180.000000,52387857.837000,0.240781
2020-11-11,170.660004,171.619995,163.330002,167.059998,260000,0.000000,0.000000,170.660004,171.619995,163.330002,167.059998,152.593500,140.232400,132.472700,111.503050,159.953878,151.799580,8.154298,6.512959,1.641339,72.800159,152.593500,173.070242,132.116758,0.853242,6.369689,0.038128,-0.014628,0.039642,0.162480,0.277803,0.764283,0.687304,0.337572,-0.016831,-0.016831,1.602992,240805.000000,43435599.480000,0.210434
2020-11-12,166.770004,167.940002,162.860001,163.869995,206900,0.000000,0.000000,166.770004,167.940002,162.860001,163.869995,153.363000,140.722600,133.022200,111.866600,160.556358,152.693685,7.862673,6.782902,1.079771,66.624862,153.363000,174.339460,132.386540,0.750447,6.277568,0.038308,-0.019095,-0.015737,0.122090,0.257443,0.700425,0.653415,0.347966,-0.035605,-0.035605,1.553288,241935.000000,33904701.965500,0.194799
2020-11-13,165.380005,168.860001,165.000000,166.970001,177000,0.000000,0.000000,165.380005,168.860001,165.000000,166.970001,154.479000,141.405600,133.633000,112.265950,161.543072,153.751190,7.791882,6.984698,0.807184,69.346105,154.479000,175.874431,133.083569,0.791908,6.185600,0.037046,0.018917,0.010042,0.124529,0.273899,0.654971,0.692549,0.348928,-0.017361,-0.017361,1.601589,239475.000000,29553690.177000,0.211044
2020-11-16,169.100006,170.899994,167.259995,169.130005,343300,0.000000,0.000000,169.100006,170.899994,167.259995,169.130005,155.870500,142.161600,134.250600,112.638750,162.710292,154.890361,7.819931,7.151745,0.668187,71.113431,155.870500,177.276952,134.464049,0.809708,6.024485,0.035620,0.012936,-0.004649,0.169236,0.290576,0.662375,0.741454,0.329975,-0.004649,-0.004649,1.635245,248545.000000,58062330.716500,0.226951
2020-11-17,167.970001,169.589996,165.210007,169.380005,181400,0.000000,0.000000,167.970001,169.589996,165.210007,169.380005,157.225501,142.906200,134.905400,113.013100,163.736402,155.963668,7.772734,7.275942,0.496791,71.319536,157.225501,178.439728,136.011273,0.786471,5.907021,0.034874,0.001478,-0.000944,0.198726,0.286984,0.620551,0.742413,0.311484,-0.003178,-0.003178,1.639140,253135.000000,30725532.907000,0.219440
2020-11-18,169.729996,171.309998,166.369995,168.509995,262700,0.000000,0.000000,169.729996,171.309998,166.369995,168.509995,158.454501,143.572000,135.500900,113.364350,164.470801,156.893026,7.577775,7.336309,0.241466,69.462123,158.454501,179.269813,137.639189,0.741541,5.837948,0.034645,-0.005136,0.008679,0.184355,0.283201,0.636496,0.736321,0.315204,-0.008298,-0.008298,1.625584,259745.000000,44267575.686500,0.235562
2020-11-19,168.520004,170.250000,165.139999,169.820007,216900,0.000000,0.000000,168.520004,170.250000,165.139999,169.820007,159.593001,144.331000,136.087300,113.712450,165.293756,157.850580,7.443176,7.357682,0.085493,70.699524,159.593001,180.272282,138.913719,0.747277,5.785952,0.034071,0.007774,0.036309,0.179879,0.259979,0.642201,0.763997,0.314975,-0.000588,-0.000588,1.645996,259140.000000,36833959.518300,0.207564
2020-11-20,169.000000,174.710007,167.789993,171.020004,291900,0.000000,0.000000,169.000000,174.710007,167.789993,171.020004,160.773501,145.111800,136.695101,114.081700,166.174717,158.826093,7.348624,7.355871,-0.007247,71.825720,160.773501,181.218728,140.328274,0.750584,5.866956,0.034306,0.007066,0.024256,0.163006,0.281817,0.553880,0.787416,0.311077,0.000000,0.000000,1.664693,265490.000000,49920739.167600,0.240054
2020-11-23,172.649994,173.949997,167.619995,169.259995,240300,0.000000,0.000000,172.649994,173.949997,167.619995,169.259995,161.889500,145.872000,137.263901,114.442700,166.649375,159.598974,7.050401,7.294777,-0.244376,67.714770,161.889500,181.578025,142.200976,0.687177,5.900031,0.034858,-0.010291,0.000769,0.148226,0.272345,0.519935,0.818827,0.316710,-0.010291,-0.010291,1.637270,269060.000000,40673176.798500,0.236225
2020-11-24,168.869995,175.539993,168.850006,174.830002,165900,0.000000,0.000000,168.869995,175.539993,168.850006,174.830002,163.441501,146.696000,137.837101,114.832750,167.907933,160.727199,7.180734,7.271968,-0.091234,72.984625,163.441501,181.982896,144.900106,0.807110,5.956457,0.034070,0.032908,0.032176,0.189805,0.299851,0.595747,0.852798,0.326900,0.000000,0.000000,1.724057,267325.000000,29004297.331800,0.267984
2020-11-25,173.589996,174.800003,171.139999,172.240005,134400,0.000000,0.000000,173.589996,174.800003,171.139999,172.240005,164.963501,147.514000,138.373101,115.209550,168.574406,161.579999,6.994407,7.216456,-0.222049,67.469792,164.963501,180.829388,149.097614,0.729313,5.794567,0.033642,-0.014814,0.022135,0.197858,0.272365,0.588344,0.786166,0.319987,-0.014814,-0.014814,1.683702,258415.000000,23149056.672000,0.232017
2020-11-27,172.210007,173.789993,171.000000,173.300003,50200,0.000000,0.000000,172.210007,173.789993,171.000000,173.300003,166.280501,148.373400,138.883201,115.599150,169.301421,162.448148,6.853273,7.143819,-0.290546,68.518249,166.280501,180.094163,152.466839,0.754078,5.579955,0.032198,0.006154,0.020492,0.222144,0.291260,0.550783,0.817133,0.309467,-0.008751,-0.008751,1.700218,236185.000000,8699660.150600,0.247635
2020-11-30,174.020004,177.259995,172.369995,174.539993,212600,0.000000,0.000000,174.020004,177.259995,172.369995,174.539993,167.624500,149.366000,139.402501,116.002000,170.107355,163.343840,6.763515,7.067758,-0.304243,69.746635,167.624500,178.786010,156.462991,0.809792,5.530672,0.031687,0.007155,0.020582,0.187670,0.300596,0.597620,0.839199,0.293973,-0.001659,-0.001659,1.719539,234540.000000,37107202.511800,0.264650
2020-12-01,176.809998,178.699997,172.660004,176.690002,228300,0.000000,0.000000,176.809998,178.699997,172.660004,176.690002,168.891500,150.490400,139.921901,116.408250,171.120070,164.332444,6.787625,7.011732,-0.224106,71.801172,168.891500,177.800041,159.982959,0.937698,5.567052,0.031507,0.012318,0.043897,0.196600,0.259642,0.585090,0.956267,0.293965,0.000000,0.000000,1.753038,234195.000000,40338327.456600,0.224847
2020-12-02,177.039993,177.039993,172.610001,174.529999,155900,0.000000,0.000000,177.039993,177.039993,172.610001,174.529999,169.655000,151.563800,140.441501,116.796050,171.644674,165.087819,6.556855,6.920757,-0.363901,66.886680,169.655000,177.659448,161.650552,0.804518,5.485834,0.031432,-0.012225,-0.001716,0.153155,0.252368,0.557330,1.017455,0.296310,-0.012225,-0.012225,1.719383,228600.000000,27209226.844100,0.228071
2020-12-03,174.460007,178.869995,173.250000,177.639999,183000,0.000000,0.000000,174.460007,178.869995,173.250000,177.639999,170.502500,152.699400,140.973001,117.179500,172.567032,166.017610,6.549422,6.846490,-0.297068,70.063806,170.502500,178.088665,162.916335,0.970429,5.495417,0.030936,0.017819,0.031352,0.115409,0.337449,0.528086,1.039261,0.250448,0.000000,0.000000,1.767840,222160.000000,32508119.817000,0.257237
2020-12-04,180.039993,185.240005,179.440002,183.000000,277800,0.000000,0.000000,180.039993,185.240005,179.440002,183.000000,171.328000,153.917800,141.526801,117.575350,174.172104,167.275565,6.896539,6.856500,0.040040,74.589048,171.328000,180.502569,162.153430,1.136106,5.645744,0.030851,0.030173,0.055972,0.138839,0.393436,0.600350,1.060115,0.264694,0.000000,0.000000,1.851356,226485.000000,50837400.000000,0.291687
2020-12-07,182.350006,186.029999,180.350006,185.570007,197000,0.000000,0.000000,182.350006,186.029999,180.350006,185.570007,172.341000,155.167000,142.100801,118.005700,175.925628,168.630709,7.294919,6.944183,0.350735,76.428885,172.341000,183.061521,161.620479,1.116995,5.648191,0.030437,0.014044,0.063195,0.114601,0.404238,0.639311,1.061431,0.243648,0.000000,0.000000,1.891399,226250.000000,36557291.379000,0.250080
2020-12-08,184.089996,188.880005,182.970001,188.789993,157800,0.000000,0.000000,184.089996,188.880005,182.970001,188.789993,173.284500,156.401000,142.689601,118.484550,177.904761,170.123989,7.780772,7.111501,0.669271,78.526676,173.284500,186.203843,160.365157,1.100088,5.666892,0.030017,0.017352,0.068481,0.142036,0.396169,0.671300,1.046504,0.242710,0.000000,0.000000,1.941570,212615.000000,29791060.895400,0.266815
2020-12-09,189.270004,190.740005,181.470001,182.520004,247800,0.000000,0.000000,189.270004,190.740005,181.470001,182.520004,173.933501,157.522800,143.212700,118.923950,178.614798,171.042212,7.572586,7.203718,0.368868,66.176256,173.933501,187.355155,160.511846,0.819875,5.924257,0.032458,-0.033211,0.045780,0.074153,0.384090,0.738783,0.997155,0.265906,-0.033211,-0.033211,1.843877,209555.000000,45228456.991200,0.254108
2020-12-10,181.600006,182.789993,176.699997,181.759995,225400,0.000000,0.000000,181.600006,182.789993,176.699997,181.759995,174.668500,158.635200,143.728500,119.371450,179.098675,171.836122,7.262552,7.215485,0.047068,64.844952,174.668500,188.115264,161.221737,0.763688,5.936095,0.032659,-0.004164,0.023193,0.072077,0.377178,0.732533,0.945830,0.266517,-0.037237,-0.037237,1.832035,207825.000000,40968702.873000,0.234160
2020-12-11,180.009995,186.020004,180.009995,184.429993,163100,0.000000,0.000000,180.009995,186.020004,180.009995,184.429993,175.696500,159.767200,144.308200,119.857050,179.918877,172.769001,7.149876,7.202363,-0.052487,67.331417,175.696500,188.806695,162.586306,0.833080,5.941375,0.032215,0.014690,0.007814,0.103975,0.405181,0.693572,0.951847,0.260743,-0.023094,-0.023094,1.873637,205635.000000,30080531.858300,0.285685
2020-12-14,187.699997,187.699997,180.149994,181.080002,152200,0.000000,0.000000,187.699997,187.699997,180.149994,181.080002,176.402000,160.804800,144.845700,120.323650,180.097512,173.384631,6.712881,7.104467,-0.391586,61.458005,176.402000,189.045221,163.758780,0.685000,6.056277,0.033445,-0.018164,-0.024196,0.105022,0.355085,0.600636,0.977072,0.259684,-0.040839,-0.040839,1.821440,204395.000000,27560376.304400,0.243406
2020-12-15,183.130005,185.750000,180.690002,184.880005,105700,0.000000,0.000000,183.130005,185.750000,180.690002,184.880005,177.189500,161.819800,145.431101,120.809200,180.833280,174.236140,6.597140,7.003001,-0.405861,65.169566,177.189500,189.887481,164.491519,0.802824,5.985114,0.032373,0.020985,-0.020711,0.107265,0.407644,0.652337,1.010658,0.261185,-0.020711,-0.020711,1.880648,192515.000000,19541816.528500,0.267868
2020-12-16,184.880005,186.820007,182.839996,185.979996,114700,0.000000,0.000000,184.880005,186.820007,182.839996,185.979996,178.019500,162.815000,145.999000,121.307700,181.625083,175.106056,6.519027,6.906206,-0.387179,66.184704,178.019500,190.738243,165.300757,0.812944,5.841892,0.031411,0.005950,0.018957,0.099627,0.426993,0.678065,1.036129,0.259624,-0.014884,-0.014884,1.897787,189180.000000,21331905.541200,0.266785
2020-12-17,185.860001,194.000000,183.000000,184.839996,192800,0.000000,0.000000,185.860001,194.000000,183.000000,184.839996,178.836000,163.752400,146.592600,121.819100,182.119685,175.827088,6.292596,6.783484,-0.490888,64.099626,178.836000,191.071802,166.600198,0.745345,6.210329,0.033598,-0.006130,0.016945,0.091274,0.479785,0.714816,1.021214,0.262125,-0.020923,-0.020923,1.880025,185685.000000,35637151.228800,0.297128
2020-12-18,184.759995,186.490005,182.759995,183.789993,317600,0.000000,0.000000,184.759995,186.490005,182.759995,183.789993,179.534499,164.582800,147.206200,122.341750,182.376655,176.416933,5.959722,6.618732,-0.659010,62.157277,179.534499,191.184134,167.884864,0.682645,6.033163,0.032826,-0.005681,-0.003470,0.090677,0.525608,0.701602,1.030829,0.262378,-0.026484,-0.026484,1.863665,190720.000000,58371701.776800,0.342207
2020-12-21,179.830002,184.179993,177.080002,182.750000,134100,0.000000,0.000000,179.830002,184.179993,177.080002,182.750000,180.120999,165.362200,147.827100,122.907400,182.434093,176.886049,5.548044,6.404594,-0.856551,60.211142,180.120999,191.129174,169.112824,0.619411,6.109365,0.033430,-0.005659,0.009222,0.076139,0.512080,0.677837,1.000766,0.264238,-0.031993,-0.031993,1.847460,182830.000000,24506775.000000,0.349827
2020-12-22,184.020004,187.830002,183.399994,185.970001,143800,0.000000,0.000000,184.020004,187.830002,183.399994,185.970001,180.956499,166.174200,148.492300,123.458700,182.978079,177.558934,5.419144,6.207504,-0.788360,63.972349,180.956499,190.986904,170.926095,0.749915,6.035839,0.032456,0.017620,0.005896,0.087417,0.538722,0.756257,1.049256,0.268462,-0.014937,-0.014937,1.897632,178005.000000,26742486.143800,0.334177
2020-12-23,186.149994,187.009995,183.860001,184.259995,100100,0.000000,0.000000,186.149994,187.009995,183.860001,184.259995,181.427999,166.985200,149.119300,124.016250,183.175297,178.055309,5.119987,5.990001,-0.870014,60.691258,181.427999,191.126894,171.729104,0.645996,5.829707,0.031638,-0.009195,-0.009248,0.088621,0.509338,0.716122,0.995884,0.267745,-0.023995,-0.023995,1.870988,174715.000000,18444425.499500,0.312675
2020-12-24,185.500000,186.889999,182.750000,185.470001,29400,0.000000,0.000000,185.500000,186.889999,182.750000,185.470001,182.089499,167.773800,149.745700,124.609650,183.528328,178.604546,4.923782,5.776757,-0.852975,62.169818,182.089499,190.915210,173.263787,0.691514,5.709014,0.030781,0.006567,0.003408,0.060859,0.506539,0.785082,1.014008,0.246878,-0.017586,-0.017586,1.889841,169465.000000,5452818.029400,0.333253
2020-12-28,186.830002,186.830002,182.820007,182.830002,114900,0.000000,0.000000,186.830002,186.830002,182.820007,182.830002,182.565999,168.460800,150.324200,125.150900,183.420893,178.917542,4.503351,5.522076,-1.018725,57.121461,182.565999,190.362687,174.769310,0.516930,5.587655,0.030562,-0.014234,-0.005223,0.061484,0.438587,0.677955,0.979537,0.246360,-0.031569,-0.031569,1.848707,172700.000000,21007167.229800,0.278309
2020-12-29,183.369995,183.369995,180.339996,182.330002,152000,0.000000,0.000000,183.369995,183.369995,180.339996,182.330002,182.955499,169.214400,150.918200,125.723300,183.253064,179.170317,4.082747,5.234210,-1.151463,56.190810,182.955499,189.781909,176.129089,0.454185,5.404966,0.029644,-0.002735,-0.002298,0.052106,0.442142,0.639953,0.977334,0.246832,-0.034218,-0.034218,1.840916,169670.000000,27714160.304000,0.282924
2020-12-30,182.070007,184.649994,182.039993,182.320007,84900,0.000000,0.000000,182.070007,184.649994,182.039993,182.320007,183.236999,170.034800,151.498400,126.250050,183.109517,179.403628,3.705889,4.928546,-1.222657,56.171109,183.236999,189.408444,177.065555,0.425707,5.205325,0.028550,-0.000055,-0.019627,0.044574,0.445378,0.653846,0.957904,0.246396,-0.034271,-0.034271,1.840760,162500.000000,15478968.594300,0.292928
2020-12-31,182.639999,183.770004,180.139999,180.800003,111700,0.000000,0.000000,182.639999,183.770004,180.139999,180.800003,183.550500,170.805200,152.021100,126.764800,182.754207,179.507063,3.247144,4.592265,-1.345121,53.120800,183.550500,188.342453,178.758546,0.213009,5.092802,0.028168,-0.008337,-0.018778,0.023261,0.414378,0.608827,0.927711,0.246091,-0.042322,-0.042322,1.817077,160290.000000,20195360.335100,0.276492
2021-01-04,181.619995,184.220001,178.309998,179.929993,268300,0.000000,0.000000,181.619995,184.220001,178.309998,179.929993,183.664999,171.525200,152.539700,127.302000,182.319712,179.538391,2.781321,4.230077,-1.448755,51.400277,183.664999,187.944331,179.385668,0.063599,5.151174,0.028629,-0.004812,-0.029870,0.030940,0.392647,0.531189,0.936188,0.242302,-0.046930,-0.046930,1.803521,164555.000000,48275217.121900,0.246062
2021-01-05,179.419998,183.300003,178.449997,180.860001,154000,0.000000,0.000000,179.419998,183.300003,178.449997,180.860001,183.557999,172.201400,153.034000,127.857550,182.095141,179.636288,2.458853,3.875832,-1.416979,53.147219,183.557999,188.010841,179.105158,0.197048,5.129662,0.028363,0.005169,-0.010775,0.018127,0.348393,0.524444,0.970797,0.235475,-0.042004,-0.042004,1.818012,158365.000000,27852440.154000,0.217224
2021-01-06,181.160004,187.630005,179.479996,187.009995,337400,0.000000,0.000000,181.160004,187.630005,179.479996,187.009995,183.629999,172.993400,153.596700,128.465100,182.851273,180.182489,2.668784,3.634422,-0.965638,62.696433,183.629999,188.262753,178.997244,0.864793,5.345401,0.028584,0.034004,0.025668,0.021913,0.372853,0.529234,1.001391,0.241753,-0.009428,-0.009428,1.913836,165385.000000,63097172.313000,0.230652
2021-01-07,188.000000,194.850006,187.240005,193.889999,161000,0.000000,0.000000,188.000000,194.850006,187.240005,193.889999,183.884999,173.932400,154.232400,129.083300,184.549538,181.197860,3.351679,3.577874,-0.226195,70.050404,183.884999,190.028683,177.741316,1.314251,5.523587,0.028488,0.036789,0.063460,0.044835,0.405305,0.581355,1.174874,0.268417,0.000000,0.000000,2.021035,165545.000000,31216289.839000,0.255465
2021-01-08,194.119995,197.399994,191.350006,193.139999,156800,0.000000,0.000000,194.119995,197.399994,191.350006,193.139999,184.415999,174.919400,154.853100,129.682650,185.871148,182.082463,3.788685,3.620036,0.168649,68.465865,184.415999,191.777930,177.054068,1.092508,5.561187,0.028794,-0.003868,0.068252,0.023042,0.357560,0.548216,1.115212,0.263368,-0.003868,-0.003868,2.009349,160995.000000,30284351.843200,0.201618
2021-01-11,191.320007,194.199997,189.679993,191.369995,217500,0.000000,0.000000,191.320007,194.199997,189.679993,191.369995,184.896499,175.910800,155.456300,130.255250,186.717124,182.770428,3.946696,3.685368,0.261328,64.743766,184.896499,192.765515,177.027483,0.911328,5.486817,0.028671,-0.009164,0.063580,0.048488,0.330992,0.561312,1.059735,0.235456,-0.012997,-0.012997,1.981770,160600.000000,41622973.912500,0.205215
2021-01-12,191.899994,194.990005,189.869995,193.550003,109100,0.000000,0.000000,191.899994,194.990005,189.869995,193.550003,185.352499,176.842600,156.075700,130.857100,187.768336,183.568915,4.199421,3.788179,0.411243,67.115029,185.352499,194.114060,176.590939,0.967811,5.460617,0.028213,0.011392,0.070165,0.064866,0.331430,0.554743,1.059043,0.236189,-0.001754,-0.001754,2.015737,157900.000000,21116305.327300,0.230711
2021-01-13,193.369995,194.720001,185.419998,187.160004,188400,0.000000,0.000000,193.369995,194.720001,185.419998,187.160004,185.656499,177.632600,156.634100,131.421350,187.674747,183.834922,3.839825,3.798508,0.041317,55.361259,185.656499,194.213405,177.099594,0.587853,5.734859,0.030641,-0.033015,0.000802,0.014802,0.302345,0.466541,0.970520,0.262989,-0.034710,-0.034710,1.916173,159710.000000,35260944.753600,0.195715
2021-01-14,188.940002,194.330002,187.949997,192.770004,141900,0.000000,0.000000,188.940002,194.330002,187.949997,192.770004,186.050999,178.461000,157.214000,132.017500,188.458632,184.496780,3.961853,3.831177,0.130676,61.702504,186.050999,195.166451,176.935548,0.868550,5.837369,0.030282,0.029974,-0.005776,0.064557,0.319981,0.504018,0.992043,0.271900,-0.005776,-0.005776,2.003584,161520.000000,27354063.567600,0.205788
2021-01-15,190.860001,195.240005,186.179993,194.300003,192500,0.000000,0.000000,190.860001,195.240005,186.179993,194.300003,186.467000,179.161800,157.822800,132.657900,189.357305,185.222944,4.134361,3.891814,0.242547,63.236392,186.467000,196.299966,176.634034,0.898303,6.067557,0.031228,0.007937,0.006006,0.050952,0.308594,0.495651,1.005367,0.264762,0.000000,0.000000,2.027423,165410.000000,37402750.577500,0.198926
2021-01-19,197.089996,200.479996,195.500000,196.639999,179500,0.000000,0.000000,197.089996,200.479996,195.500000,196.639999,187.057000,179.880800,158.458900,133.320200,190.477719,186.068652,4.409067,3.995264,0.413803,65.511521,187.057000,197.848274,176.265726,0.944016,6.075588,0.030897,0.012043,0.027538,0.057318,0.359419,0.510176,1.016821,0.266597,0.000000,0.000000,2.063883,164745.000000,35296879.820500,0.228707
2021-01-20,198.330002,200.889999,195.009995,200.179993,147500,0.000000,0.000000,198.330002,200.889999,195.009995,200.179993,187.876500,180.554600,159.115700,133.998150,191.970377,187.113937,4.856440,4.167500,0.688941,68.670280,187.876500,200.026900,175.726100,1.006300,6.061618,0.030281,0.018002,0.034255,0.082991,0.416702,0.537717,1.108712,0.269514,0.000000,0.000000,2.119040,156240.000000,29526548.967500,0.244353
2021-01-21,201.429993,203.580002,196.660004,197.600006,141600,0.000000,0.000000,201.429993,203.580002,196.660004,197.600006,188.619000,181.200400,159.738000,134.620250,192.836474,187.890682,4.945791,4.323158,0.622633,64.064932,188.619000,201.255560,175.982441,0.855358,6.122931,0.030986,-0.012888,0.055781,0.075140,0.388811,0.562549,1.090784,0.273877,-0.012888,-0.012888,2.078841,156615.000000,27980160.849600,0.213895
2021-01-22,195.779999,198.619995,191.639999,194.880005,192300,0.000000,0.000000,195.779999,198.619995,191.639999,194.880005,189.064500,181.699600,160.344700,135.218450,193.150863,188.408410,4.742453,4.407017,0.335436,59.531988,189.064500,201.933935,176.195066,0.725943,6.184150,0.031733,-0.013765,0.010946,0.066375,0.353992,0.530511,1.069669,0.278725,-0.026476,-0.026476,2.036460,159040.000000,37475424.961500,0.174764
2021-01-25,193.520004,196.199997,191.289993,193.559998,153100,0.000000,0.000000,193.520004,196.199997,191.289993,193.559998,189.529501,182.180000,160.938300,135.785950,193.213807,188.790009,4.423798,4.410373,0.013425,57.409075,189.529501,202.339922,176.719079,0.657313,6.093140,0.031479,-0.006773,-0.003809,0.040813,0.316287,0.532056,1.083082,0.275628,-0.033070,-0.033070,2.015893,161690.000000,29634035.693800,0.131168
2021-01-26,195.119995,195.259995,182.740005,182.839996,187600,0.000000,0.000000,195.119995,195.259995,182.740005,182.839996,189.398000,182.495600,161.364000,136.283450,191.617836,188.349267,3.268569,4.182012,-0.913444,43.760974,189.398000,202.435855,176.360145,0.248501,6.552200,0.035836,-0.055383,-0.070179,-0.007706,0.240350,0.415280,1.050465,0.338613,-0.086622,-0.086622,1.848863,169600.000000,34300783.249600,0.060429
2021-01-27,179.110001,180.250000,171.160004,174.259995,307800,0.000000,0.000000,179.110001,180.250000,171.160004,174.259995,188.969500,182.703400,161.713000,136.771900,188.947399,187.305618,1.641781,3.673966,-2.032185,36.318793,188.969500,203.404693,174.534307,-0.009502,6.918471,0.039702,-0.046926,-0.129483,-0.060441,0.185926,0.388747,0.927228,0.374089,-0.129483,-0.129483,1.715176,179245.000000,53637226.461000,0.017631
2021-01-28,177.289993,183.509995,174.679993,180.580002,270100,0.000000,0.000000,177.289993,183.509995,174.679993,180.580002,188.882000,182.975600,162.190600,137.284750,187.660107,186.807424,0.852683,3.109709,-2.257026,43.888515,188.882000,203.506621,174.257379,0.216164,7.085009,0.039235,0.036268,-0.086134,-0.012307,0.255859,0.474965,0.971182,0.394798,-0.097912,-0.097912,1.813649,185150.000000,48774658.540200,0.089141
2021-01-29,179.509995,179.619995,175.720001,176.750000,189300,0.000000,0.000000,179.509995,179.619995,175.720001,176.750000,188.603500,183.128000,162.644800,137.799550,185.981629,186.062429,-0.080800,2.471607,-2.552408,40.728877,188.603500,203.948667,173.258332,0.113771,6.926080,0.039186,-0.021209,-0.093032,-0.030604,0.246474,0.464860,0.938899,0.401371,-0.117045,-0.117045,1.753973,190370.000000,33458775.000000,0.058755
2021-02-01,177.789993,184.389999,175.240005,183.350006,188600,0.000000,0.000000,177.789993,184.389999,175.240005,183.350006,188.731000,183.407400,163.156800,138.338250,185.576764,185.861509,-0.284745,1.920337,-2.205082,47.714393,188.731000,203.843781,173.618218,0.321972,7.084931,0.038642,0.037341,-0.052748,0.005649,0.247618,0.534952,1.105052,0.423004,-0.084074,-0.084074,1.856809,194215.000000,34579811.131600,0.049345
2021-02-02,186.039993,190.679993,184.130005,187.979996,155200,0.000000,0.000000,186.039993,190.679993,184.130005,187.979996,189.133500,183.796800,163.684400,138.888150,185.946492,186.018434,-0.071942,1.521881,-1.593823,51.989184,189.133500,203.677430,174.589570,0.460344,7.102435,0.037783,0.025252,0.028112,0.039712,0.273060,0.546397,0.987734,0.430000,-0.060945,-0.060945,1.928950,188560.000000,29174495.379200,0.025507
2021-02-03,187.899994,190.119995,178.399994,179.470001,184900,0.000000,0.000000,187.899994,190.119995,178.399994,179.470001,189.064000,183.989800,164.160400,139.419100,184.950109,185.533365,-0.583256,1.100854,-1.684110,44.747560,189.064000,203.786584,174.341416,0.174174,7.432261,0.041412,-0.045271,0.029898,-0.002557,0.185794,0.461125,0.898952,0.460109,-0.103457,-0.103457,1.796354,190105.000000,33184003.184900,-0.056314
2021-02-04,180.320007,187.440002,179.500000,187.419998,182600,0.000000,0.000000,180.320007,187.440002,179.500000,187.419998,189.084500,184.317800,164.714800,140.003500,185.330092,185.673116,-0.343024,0.812078,-1.155102,51.538668,189.084500,203.796180,174.372821,0.443429,7.470671,0.039861,0.044297,0.037878,0.036271,0.176818,0.499600,0.907389,0.484656,-0.063743,-0.063743,1.920224,182365.000000,34222891.634800,-0.057684
2021-02-05,188.940002,189.270004,185.000000,187.649994,188900,0.000000,0.000000,188.940002,189.270004,185.000000,187.649994,188.772500,184.685600,165.278800,140.575400,185.687000,185.819551,-0.132551,0.623152,-0.755704,51.723537,188.772500,203.318813,174.226187,0.461416,7.242052,0.038593,0.001227,0.061669,0.003422,0.167776,0.526478,0.872754,0.470604,-0.062594,-0.062594,1.923808,183760.000000,35447083.866600,-0.027682
2021-02-08,188.619995,199.889999,188.229996,198.020004,302000,0.000000,0.000000,188.619995,199.889999,188.229996,198.020004,189.016500,185.149400,165.922700,141.178000,187.584385,186.723288,0.861097,0.670741,0.190356,59.268268,189.016500,204.027569,174.005432,0.799896,7.599049,0.038375,0.055263,0.080011,0.021301,0.189381,0.593081,1.037872,0.492359,-0.010790,-0.010790,2.085385,191020.000000,59802041.208000,0.013052
2021-02-09,199.910004,204.529999,194.300003,203.089996,196700,0.000000,0.000000,199.910004,204.529999,194.300003,203.089996,189.602500,185.766400,166.640200,141.786300,189.969864,187.935637,2.034227,0.943438,1.090788,62.365062,189.602500,205.863427,173.341573,0.914721,7.786973,0.038342,0.025603,0.080381,0.051517,0.228540,0.580098,1.092417,0.498879,0.000000,0.000000,2.164381,189980.000000,39947802.213200,0.050951
2021-02-10,204.330002,206.360001,196.869995,202.149994,170000,0.000000,0.000000,204.330002,206.360001,196.869995,202.149994,190.032500,186.343399,167.358400,142.368400,191.843730,188.988552,2.855177,1.325786,1.529391,61.432487,190.032500,207.164453,172.900547,0.853652,7.908619,0.039123,-0.004628,0.126372,0.056331,0.189677,0.578434,1.087895,0.497747,-0.004628,-0.004628,2.149735,193025.000000,34365498.980000,-0.003151
2021-02-11,203.550003,206.550003,197.619995,200.809998,205400,0.000000,0.000000,203.550003,206.550003,197.619995,200.809998,190.714999,186.868799,168.117400,142.945100,193.223156,189.864215,3.358941,1.732417,1.626524,60.053872,190.714999,208.442351,172.987648,0.784729,7.981575,0.039747,-0.006629,0.071444,0.037510,0.184440,0.527886,1.072770,0.497872,-0.011227,-0.011227,2.128856,193875.000000,41246373.589200,-0.029506
2021-02-12,200.000000,207.210007,195.559998,205.949997,242600,0.000000,0.000000,200.000000,207.210007,195.559998,205.949997,191.373999,187.453999,168.972200,143.483750,195.181131,191.055754,4.125377,2.211009,1.914368,63.442797,191.373999,210.358351,172.389647,0.883895,8.243606,0.040027,0.025596,0.097522,0.100395,0.232791,0.575264,1.159258,0.486878,0.000000,0.000000,2.208944,198910.000000,49963469.272200,0.036884
2021-02-16,207.809998,214.570007,206.929993,212.350006,265500,0.000000,0.000000,207.809998,214.570007,206.929993,212.350006,192.276499,188.210399,169.887100,144.082900,197.822497,192.633106,5.189390,2.806685,2.382705,67.176766,192.276499,213.437874,171.115124,0.974296,8.270492,0.038947,0.031076,0.072366,0.101572,0.295844,0.629451,1.259764,0.487604,0.000000,0.000000,2.308663,202560.000000,56378926.593000,0.096187
2021-02-17,200.559998,210.000000,200.559998,207.279999,228200,0.000000,0.000000,200.559998,210.000000,200.559998,207.279999,192.808499,188.803199,170.751300,144.662550,199.277497,193.718061,5.559436,3.357235,2.202200,61.792275,192.808499,214.944311,170.672687,0.826880,8.521886,0.041113,-0.023876,0.020631,0.066804,0.241421,0.581445,1.171836,0.497597,-0.023876,-0.023876,2.229667,204995.000000,47301295.771800,0.060835
2021-02-18,207.119995,208.149994,203.059998,206.270004,144800,0.000000,0.000000,207.119995,208.149994,203.059998,206.270004,193.113000,189.268600,171.593200,145.250350,200.353267,194.647835,5.705432,3.826875,1.878558,60.747674,193.113000,215.835542,170.390458,0.789514,8.276751,0.040126,-0.004873,0.020381,0.048973,0.219594,0.573979,1.127153,0.497410,-0.028632,-0.028632,2.213930,204860.000000,29867896.579200,0.056796
2021-02-19,207.389999,214.240005,207.389999,212.509995,285100,0.000000,0.000000,207.389999,214.240005,207.389999,212.509995,193.858499,189.807399,172.487200,145.840000,202.223533,195.970958,6.252575,4.312015,1.940560,64.716298,193.858499,218.126676,169.590322,0.884279,8.254840,0.038844,0.030252,0.058264,0.061595,0.254634,0.614695,1.105102,0.503911,0.000000,0.000000,2.311156,212035.000000,60586599.574500,0.088649
2021-02-22,211.580002,213.330002,207.850006,210.190002,133500,0.000000,0.000000,211.580002,213.330002,207.850006,210.190002,194.623999,190.235400,173.318200,146.421650,203.449144,197.024220,6.424923,4.734597,1.690327,62.198383,194.623999,219.969779,169.278219,0.807073,8.056637,0.038330,-0.010917,0.020588,0.063715,0.247344,0.600594,1.024367,0.503157,-0.010917,-0.010917,2.275008,209095.000000,28060365.267000,0.100631
2021-02-23,205.839996,206.550003,200.869995,204.839996,284400,0.000000,0.000000,205.839996,206.550003,200.869995,204.839996,195.187999,190.681799,174.102300,146.979100,203.663121,197.603167,6.059954,4.999668,1.060286,56.718119,195.187999,220.932956,169.443042,0.687454,8.146878,0.039772,-0.025453,-0.035366,0.051108,0.206218,0.519810,1.058693,0.509774,-0.036092,-0.036092,2.191648,215660.000000,58256494.862400,0.075137
2021-02-24,206.779999,210.619995,204.330002,208.460007,131600,0.000000,0.000000,206.779999,210.619995,204.330002,208.460007,196.468999,191.215800,174.925500,147.527500,204.401103,198.407377,5.993726,5.198480,0.795247,59.329342,196.468999,222.176533,170.761466,0.733220,8.014243,0.038445,0.017672,0.005693,0.076979,0.218922,0.562434,1.241024,0.510981,-0.019058,-0.019058,2.248052,212860.000000,27433336.921200,0.071895
2021-02-25,208.119995,211.990005,202.190002,203.100006,200300,0.000000,0.000000,208.119995,211.990005,202.190002,203.100006,197.911000,191.589200,175.678200,148.045500,204.200935,198.754979,5.445955,5.247975,0.197980,54.122709,197.911000,221.523263,174.298737,0.609879,8.141797,0.040088,-0.025712,-0.015368,0.110807,0.199929,0.526723,1.146027,0.476697,-0.044280,-0.044280,2.164537,207485.000000,40680931.201800,0.095659
2021-02-26,203.800003,207.190002,197.669998,200.529999,262100,0.000000,0.000000,203.800003,207.190002,197.669998,200.529999,198.908500,191.978200,176.391500,148.570450,203.636175,198.886462,4.749713,5.148322,-0.398609,51.776461,198.908500,221.079632,176.737368,0.536568,8.240241,0.041092,-0.012654,-0.056374,0.150752,0.147000,0.490929,1.173531,0.442836,-0.056374,-0.056374,2.124494,207085.000000,52558912.737900,0.050998
2021-03-01,204.179993,210.440002,203.220001,209.910004,175200,0.000000,0.000000,204.179993,210.440002,203.220001,209.910004,200.566500,192.478800,177.149300,149.153550,204.601380,199.703021,4.898359,5.098330,-0.199971,58.797086,200.566500,220.618854,180.514146,0.732978,8.359509,0.039824,0.046776,-0.001332,0.162421,0.218706,0.550639,1.404192,0.452944,-0.012235,-0.012235,2.270645,206380.000000,36776232.700800,0.095143
2021-03-02,207.869995,217.160004,207.820007,214.440002,205700,0.000000,0.000000,207.869995,217.160004,207.820007,214.440002,202.121000,193.048000,177.931500,149.752300,206.115014,200.794649,5.320365,5.142737,0.177628,61.697273,202.121000,221.357464,182.884536,0.820199,8.429544,0.039310,0.021581,0.046866,0.213239,0.237392,0.597794,1.443482,0.442819,0.000000,0.000000,2.341228,207235.000000,44110308.411400,0.142934
2021-03-03,216.050003,227.270004,214.190002,223.350006,391100,0.000000,0.000000,216.050003,227.270004,214.190002,223.350006,203.889500,193.818200,178.785300,150.387200,208.766551,202.465416,6.301135,5.374416,0.926718,66.667045,203.889500,224.129368,183.649633,0.980747,8.761720,0.039229,0.041550,0.071429,0.218162,0.279649,0.664307,1.544719,0.446366,0.000000,0.000000,2.480056,219030.000000,87352187.346600,0.214150
2021-03-04,218.630005,223.289993,204.770004,208.960007,359000,0.000000,0.000000,218.630005,223.289993,204.770004,208.960007,205.364001,194.321600,179.452200,150.927550,208.796314,202.946497,5.849817,5.469496,0.380320,54.392317,205.364001,222.108289,188.619712,0.607380,9.463026,0.045286,-0.064428,0.028853,0.111608,0.182636,0.489698,1.421882,0.510752,-0.064428,-0.064428,2.255843,227735.000000,75016642.513000,0.152822
2021-03-05,212.169998,213.630005,200.679993,205.240005,367000,0.000000,0.000000,212.169998,213.630005,200.679993,205.240005,206.255001,194.771400,180.066800,151.445050,208.249189,203.116387,5.132803,5.402158,-0.269355,51.740181,206.255001,220.720304,191.789698,0.464916,9.712096,0.047321,-0.017802,0.023488,0.143589,0.175958,0.472733,1.485950,0.484507,-0.081084,-0.081084,2.197881,236955.000000,75323081.835000,0.129739
2021-03-08,205.500000,215.850006,204.410004,210.039993,227900,0.000000,0.000000,205.500000,215.850006,204.410004,210.039993,207.374501,195.252800,180.713500,151.972650,208.524697,203.629246,4.895451,5.300816,-0.405365,54.802525,207.374501,218.955138,195.793864,0.615084,9.835518,0.046827,0.023387,0.000619,0.120691,0.182391,0.581388,1.650012,0.469322,-0.059593,-0.059593,2.272671,238905.000000,47868114.404700,0.163649
2021-03-09,213.369995,221.679993,212.389999,218.610001,188100,0.000000,0.000000,213.369995,221.679993,212.389999,218.610001,208.404001,195.939800,181.462500,152.550850,210.076283,204.738932,5.337351,5.308123,0.029228,59.717391,208.404001,220.142919,196.665083,0.934708,9.964410,0.045581,0.040802,0.019446,0.164988,0.194590,0.664585,2.140046,0.484189,-0.021222,-0.021222,2.406201,233210.000000,41120541.188100,0.145683
2021-03-10,221.100006,221.809998,217.600006,219.880005,147500,0.000000,0.000000,221.100006,221.809998,217.600006,219.880005,209.243501,196.628000,182.200900,153.133200,211.584548,205.860493,5.724055,5.391310,0.332745,60.404541,209.243501,221.758126,196.728876,0.924963,9.553380,0.043448,0.005809,-0.015536,0.110393,0.184890,0.663867,1.904240,0.452290,-0.015536,-0.015536,2.425989,230750.000000,32432300.737500,0.141049
2021-03-11,222.250000,222.990005,215.289993,217.570007,239800,0.000000,0.000000,222.250000,222.990005,215.289993,217.570007,210.014502,197.322801,182.891800,153.670750,212.505388,206.727864,5.777523,5.468552,0.308971,58.451459,210.014502,222.588906,197.440098,0.800432,9.420996,0.043301,-0.010506,0.041204,0.071298,0.152445,0.609008,1.990653,0.449240,-0.025879,-0.025879,2.389997,234240.000000,52173287.678600,0.087602
2021-03-12,217.380005,219.199997,213.380005,218.750000,228400,0.000000,0.000000,217.380005,219.199997,213.380005,218.750000,210.911502,198.051201,183.632800,154.207700,213.466097,207.618393,5.847704,5.544383,0.303322,59.177569,210.911502,223.279058,198.543946,0.816898,9.163782,0.041892,0.005424,0.065825,0.082117,0.198499,0.658831,2.275191,0.448249,-0.020596,-0.020596,2.408383,235390.000000,49962500.000000,0.119002
2021-03-15,219.490005,228.550003,218.259995,228.300003,212100,0.000000,0.000000,219.490005,228.550003,218.259995,228.300003,212.029002,198.970800,184.502800,154.801400,215.748236,209.150364,6.597873,5.755081,0.842792,64.573683,212.029002,226.387645,197.670360,1.066593,9.244226,0.040492,0.043657,0.086936,0.136896,0.256052,0.729808,2.061142,0.466495,0.000000,0.000000,2.557183,233865.000000,48422430.636300,0.171100
2021-03-16,229.179993,229.350006,224.050003,225.759995,163600,0.000000,0.000000,229.179993,229.350006,224.050003,225.759995,212.699502,199.870000,185.337600,155.388000,217.288507,210.380707,6.907800,5.985625,0.922176,62.218012,212.699502,228.318357,197.080646,0.918100,8.962496,0.039699,-0.011126,0.032707,0.096188,0.224096,0.720076,2.327340,0.464936,-0.011126,-0.011126,2.517607,228770.000000,36934335.182000,0.135737
2021-03-17,225.710007,226.899994,221.179993,226.539993,127600,0.000000,0.000000,225.710007,226.899994,221.179993,226.539993,213.662502,200.802200,186.163700,155.961950,218.711813,211.577691,7.134121,6.215324,0.918798,62.668392,213.662502,230.221150,197.103853,0.888845,8.730889,0.038540,0.003455,0.030289,0.066824,0.251049,0.695278,1.943225,0.455001,-0.007709,-0.007709,2.529760,223740.000000,28906503.106800,0.163818
2021-03-18,225.250000,229.869995,222.009995,223.350006,112100,0.000000,0.000000,225.250000,229.869995,222.009995,223.350006,214.516502,201.652000,186.926700,156.532450,219.425381,212.449714,6.975666,6.367392,0.608274,59.542313,214.516502,231.230878,197.802125,0.764249,8.668683,0.038812,-0.014081,0.026566,0.077528,0.208081,0.700548,1.868979,0.448805,-0.021682,-0.021682,2.480056,222105.000000,25037535.672600,0.166707
2021-03-19,223.210007,223.210007,217.949997,218.919998,317400,0.000000,0.000000,223.210007,223.210007,217.949997,218.919998,214.837002,202.290200,187.641800,157.069700,219.347630,212.928995,6.418635,6.377641,0.040994,55.408702,214.837002,231.634994,198.039009,0.621532,8.435206,0.038531,-0.019834,0.000777,0.061327,0.177116,0.679736,2.020003,0.455452,-0.041086,-0.041086,2.411031,223720.000000,69485207.365200,0.133109
2021-03-22,221.199997,221.809998,213.750000,215.919998,108600,0.000000,0.000000,221.199997,221.809998,213.750000,215.919998,215.123502,202.730800,188.331600,157.588950,218.820302,213.150551,5.669751,6.236063,-0.566312,52.738564,215.123502,231.782662,198.464341,0.523906,8.408406,0.038942,-0.013704,-0.054227,0.016046,0.168145,0.728605,2.095627,0.447986,-0.054227,-0.054227,2.364288,222475.000000,23448911.782800,0.120139
2021-03-23,213.229996,218.119995,209.020004,210.399994,119600,0.000000,0.000000,213.229996,218.119995,209.020004,210.399994,215.401501,203.076000,188.997700,158.059700,217.524870,212.946806,4.578064,5.904463,-1.326399,48.141524,215.401501,231.514730,199.288273,0.344801,8.457805,0.040199,-0.025565,-0.068037,0.000999,0.144785,0.746493,2.212214,0.455759,-0.078406,-0.078406,2.278280,214235.000000,25163839.282400,0.107777
2021-03-24,212.639999,215.550003,210.179993,210.449997,139500,0.000000,0.000000,212.639999,215.550003,210.179993,210.449997,215.501001,203.457600,189.684200,158.540200,216.436428,212.761857,3.674571,5.458485,-1.783914,48.185584,215.501001,231.457565,199.544437,0.341726,8.237248,0.039141,0.000238,-0.071025,0.027387,0.151573,0.741271,1.995729,0.445951,-0.078187,-0.078187,2.279059,214630.000000,29357774.581500,0.134358
2021-03-25,209.259995,218.600006,207.070007,216.080002,191800,0.000000,0.000000,209.259995,218.600006,207.070007,216.080002,216.150001,203.908200,190.375400,159.054600,216.381593,213.007645,3.373948,5.041577,-1.667630,53.024934,216.150001,231.000365,201.299637,0.497643,8.472444,0.039210,0.026752,-0.032550,0.036554,0.161908,0.787854,1.949093,0.451137,-0.053526,-0.053526,2.366781,214205.000000,41444144.383600,0.148654
2021-03-26,217.500000,227.800003,216.360001,227.089996,204700,0.000000,0.000000,217.500000,227.800003,216.360001,227.089996,217.478001,204.706800,191.169700,159.625250,218.029040,214.050782,3.978257,4.828913,-0.850656,60.746090,217.478001,231.150567,203.805434,0.851507,8.704413,0.038330,0.050953,0.037320,0.118119,0.232443,0.860174,1.954977,0.469394,-0.005300,-0.005300,2.538330,211335.000000,46485322.181200,0.203658
2021-03-29,227.070007,231.610001,220.520004,224.279999,204900,0.000000,0.000000,227.070007,231.610001,220.520004,224.279999,218.196500,205.337000,191.899000,160.221800,218.990726,214.808502,4.182224,4.699575,-0.517352,58.120379,218.196500,231.703834,204.689166,0.725192,8.874812,0.039570,-0.012374,0.038718,0.118436,0.209252,0.821785,2.064772,0.469257,-0.017608,-0.017608,2.494547,212820.000000,45954971.795100,0.189344
2021-03-30,224.389999,233.690002,223.639999,232.160004,149800,0.000000,0.000000,224.389999,233.690002,223.639999,232.160004,219.082500,206.094200,192.628000,160.858050,221.016769,216.093799,4.922970,4.744254,0.178716,62.955995,219.082500,233.820897,204.344104,0.943654,8.958754,0.038589,0.035135,0.103422,0.105998,0.269813,0.826737,2.124210,0.458035,0.000000,0.000000,2.617326,210025.000000,34777568.599200,0.258498
2021-03-31,232.449997,234.559998,227.369995,230.580002,285100,0.000000,0.000000,232.449997,234.559998,227.369995,230.580002,219.444000,206.773000,193.326900,161.466450,222.488035,217.166851,5.321184,4.859640,0.461544,61.424531,219.444000,234.957416,203.930584,0.858915,8.832415,0.038305,-0.006806,0.095652,0.075266,0.264630,0.823776,2.135436,0.455798,-0.006806,-0.006806,2.592708,204725.000000,65738358.570200,0.233763
2021-04-01,233.259995,243.360001,229.679993,234.009995,228900,0.000000,0.000000,233.259995,243.360001,229.679993,234.009995,220.696500,207.449600,194.002100,162.070850,224.260644,218.414491,5.846153,5.056943,0.789210,63.500301,220.696500,236.683619,204.709381,0.916382,9.178671,0.039223,0.014876,0.082978,0.047728,0.283512,0.855161,2.533827,0.436979,0.000000,0.000000,2.646151,198220.000000,53564887.855500,0.236107
2021-04-05,237.539993,239.860001,234.000000,239.630005,158300,0.000000,0.000000,237.539993,239.860001,234.000000,239.630005,222.416000,208.290200,194.745300,162.709550,226.625161,219.986011,6.639151,5.373385,1.265766,66.665429,222.416000,238.796242,206.035757,1.025450,8.941623,0.037314,0.024016,0.055220,0.146774,0.325387,0.874599,2.733718,0.368054,0.000000,0.000000,2.710017,187785.000000,37933429.791500,0.261972
2021-04-06,237.100006,240.559998,226.910004,228.669998,230200,0.000000,0.000000,237.100006,240.559998,226.910004,228.669998,223.347500,208.966000,195.332800,163.298750,226.939752,220.629269,6.310483,5.560804,0.749679,56.394750,223.347500,238.860325,207.834675,0.671552,9.277936,0.040573,-0.045737,0.019574,0.114159,0.270883,0.769892,2.540332,0.402671,-0.045737,-0.045737,2.241707,187900.000000,52639833.539600,0.192139
2021-04-07,232.490005,234.050003,228.850006,229.500000,183900,0.000000,0.000000,232.490005,234.050003,228.850006,229.500000,223.892000,209.684800,195.932400,163.907300,227.333636,221.286360,6.047276,5.658099,0.389177,56.935838,223.892000,239.469017,208.314982,0.680009,8.999512,0.039214,0.003630,-0.011458,0.092649,0.268937,0.711027,2.136103,0.397372,-0.042274,-0.042274,2.253473,187690.000000,42205050.000000,0.201078
2021-04-08,231.110001,234.779999,228.110001,234.539993,110700,0.000000,0.000000,231.110001,234.779999,228.110001,234.539993,224.624999,210.718800,196.607200,164.539950,228.442306,222.268111,6.174196,5.761318,0.412878,60.168021,224.624999,240.776222,208.473777,0.806943,8.833118,0.037661,0.021961,0.017174,0.072869,0.254158,0.721774,2.117225,0.380710,-0.021241,-0.021241,2.324922,185850.000000,25963577.225100,0.168722
2021-04-09,236.149994,243.089996,232.800003,235.679993,215100,0.000000,0.000000,236.149994,243.089996,232.800003,235.679993,225.530499,211.947200,197.325300,165.173750,229.555797,223.261583,6.294213,5.867897,0.426316,60.883181,225.530499,242.042923,209.018074,0.807329,8.937181,0.037921,0.004861,0.007136,0.071857,0.215535,0.708197,1.943792,0.380656,-0.016484,-0.016484,2.341083,184615.000000,50694766.494300,0.151811
2021-04-12,235.320007,240.339996,233.800003,238.320007,122500,0.000000,0.000000,235.320007,240.339996,233.800003,238.320007,226.508999,213.102000,198.038800,165.835900,230.904137,224.377022,6.527114,5.999740,0.527374,62.559657,226.508999,243.637510,209.380488,0.844776,8.765953,0.036782,0.011202,-0.005467,0.095372,0.233924,0.675125,1.859611,0.377951,-0.005467,-0.005467,2.378509,179320.000000,29194200.857500,0.184839
2021-04-13,238.889999,240.149994,235.750000,239.220001,162200,0.000000,0.000000,238.889999,240.149994,235.750000,239.220001,227.054999,214.351400,198.739700,166.495150,232.183500,225.476502,6.706998,6.141192,0.565806,63.139635,227.054999,245.095786,209.014212,0.837153,8.454099,0.035340,0.003776,0.046136,0.093577,0.250039,0.663792,2.124200,0.377950,-0.001711,-0.001711,2.391267,176825.000000,38801484.162200,0.176425
2021-04-14,239.529999,242.949997,237.070007,238.389999,111100,0.000000,0.000000,239.529999,242.949997,237.070007,238.389999,227.686499,215.452200,199.429800,167.167600,233.138346,226.433057,6.705289,6.254011,0.451277,62.182954,227.686499,246.407789,208.965209,0.785864,8.270234,0.034692,-0.003470,0.038736,0.044196,0.231671,0.639884,2.055890,0.350769,-0.005175,-0.005175,2.379501,174200.000000,26485128.888900,0.171590
2021-04-15,241.710007,243.360001,238.330002,241.520004,117900,0.000000,0.000000,241.710007,243.360001,238.330002,241.520004,228.435500,216.523000,200.159900,167.830400,234.427832,227.550609,6.877223,6.378654,0.498569,64.375099,228.435500,248.136652,208.734347,0.832075,8.038788,0.033284,0.013130,0.029760,0.069809,0.290447,0.680607,2.273072,0.349137,0.000000,0.000000,2.423873,173715.000000,28475208.471600,0.221149
2021-04-16,241.300003,247.600006,240.929993,242.770004,123900,0.000000,0.000000,241.300003,247.600006,240.929993,242.770004,229.406499,217.789000,200.889400,168.488350,235.711243,228.677972,7.033272,6.509577,0.523694,65.241643,229.406499,249.948637,208.864362,0.825271,7.941019,0.032710,0.005176,0.030083,0.071643,0.259376,0.662353,2.210819,0.349188,0.000000,0.000000,2.441593,174305.000000,30079203.495600,0.187713
2021-04-19,243.139999,243.139999,234.679993,240.070007,105500,0.000000,0.000000,243.139999,243.139999,234.679993,240.070007,230.464000,218.842000,201.579900,169.137500,236.381822,229.521826,6.859996,6.579661,0.280335,61.747853,230.464000,250.910488,210.017512,0.734906,7.978089,0.033232,-0.011122,0.007343,0.074860,0.235564,0.616851,2.077821,0.347454,-0.011122,-0.011122,2.403317,163710.000000,25327385.738500,0.165073
2021-04-20,240.399994,242.699997,231.720001,236.240005,202800,0.000000,0.000000,240.399994,242.699997,231.720001,236.240005,231.480000,219.813801,202.249700,169.756800,236.360004,230.019469,6.340535,6.531836,-0.191301,57.078420,231.480000,250.875978,212.084023,0.622706,8.192511,0.034679,-0.015954,-0.012457,0.079116,0.201383,0.633184,2.223799,0.344392,-0.026898,-0.026898,2.349022,168420.000000,47909473.014000,0.156746
2021-04-21,236.839996,240.350006,233.990005,238.880005,150500,0.000000,0.000000,236.839996,240.350006,233.990005,238.880005,232.904001,220.631001,202.890200,170.363650,236.747697,230.675805,6.071892,6.439847,-0.367955,59.359751,232.904001,249.804992,216.003010,0.676794,8.061618,0.033748,0.011175,0.002055,0.106336,0.193326,0.690587,2.386447,0.339153,-0.016023,-0.016023,2.260270,169965.000000,35951440.752500,0.156694
2021-04-22,240.389999,247.009995,238.880005,239.309998,147600,0.000000,0.000000,240.389999,247.009995,238.880005,239.309998,234.347001,221.355401,203.560900,170.967000,237.141897,231.315375,5.826522,6.317182,-0.490660,59.735139,234.347001,247.739977,220.954024,0.685284,8.066501,0.033707,0.001800,-0.009150,0.137405,0.211083,0.681965,2.266139,0.320788,-0.014252,-0.014252,2.087871,170370.000000,35322155.704800,0.189835
2021-04-23,241.589996,244.759995,239.639999,241.889999,112600,0.000000,0.000000,241.589996,244.759995,239.639999,241.889999,235.637501,222.150201,204.246800,171.565000,237.872374,232.098680,5.773694,6.208484,-0.434791,62.003003,235.637501,246.318738,224.956264,0.792686,7.879608,0.032575,0.010781,-0.003625,0.149394,0.241225,0.680609,2.121161,0.320339,-0.003625,-0.003625,1.970527,166410.000000,27236813.887400,0.206244
2021-04-26,244.119995,244.690002,236.169998,237.809998,151500,0.000000,0.000000,244.119995,244.690002,236.169998,237.809998,236.173501,222.890201,204.879500,172.141000,237.862778,232.521741,5.341037,6.034995,-0.693958,56.576136,236.173501,246.097803,226.249199,0.582449,7.925351,0.033326,-0.016867,-0.009414,0.100565,0.228611,0.617205,1.920422,0.321819,-0.020431,-0.020431,1.782380,163750.000000,36028214.697000,0.191739
2021-04-27,238.089996,243.600006,236.990005,241.000000,185400,0.000000,0.000000,238.089996,243.600006,236.990005,241.000000,237.009501,223.591201,205.522600,172.722250,238.345427,233.149760,5.195667,5.867129,-0.671462,59.556700,237.009501,245.416236,228.602765,0.737339,7.831397,0.032495,0.013414,0.020149,0.061253,0.318092,0.634896,1.811151,0.277105,-0.007291,-0.007291,1.819703,162775.000000,44681400.000000,0.284028
2021-04-28,240.919998,241.630005,228.300003,233.899994,263800,0.000000,0.000000,240.919998,241.630005,228.300003,233.899994,237.096500,224.022201,206.116300,173.278900,237.661515,233.205333,4.456182,5.584940,-1.128758,51.142641,237.096500,245.326071,228.866929,0.305791,8.224155,0.035161,-0.029461,-0.020847,0.042893,0.342247,0.591806,1.736633,0.294792,-0.036537,-0.036537,1.636681,168475.000000,61702818.417200,0.283438
2021-04-29,237.080002,240.190002,233.139999,239.600006,183200,0.000000,0.000000,237.080002,240.190002,233.139999,239.600006,237.547501,224.668601,206.735900,173.854450,237.959744,233.679012,4.280732,5.324098,-1.043367,56.460754,237.547501,245.244834,229.850167,0.633326,8.140287,0.033974,0.024369,0.001212,0.032047,0.326836,0.666319,1.439422,0.281691,-0.013058,-0.013058,1.700936,163380.000000,43894721.099200,0.270948
2021-04-30,236.729996,238.500000,232.449997,234.500000,186400,0.000000,0.000000,236.729996,238.500000,232.449997,234.500000,237.572001,225.233201,207.250900,174.388850,237.427476,233.739826,3.687649,4.996808,-1.309159,51.101093,237.572001,245.224917,229.919085,0.299292,8.069553,0.034412,-0.021286,-0.030551,0.017001,0.326733,0.653738,1.534587,0.291467,-0.034065,-0.034065,1.643445,161255.000000,43710800.000000,0.258489
2021-05-03,237.490005,240.210007,235.149994,235.380005,213700,0.000000,0.000000,237.490005,240.210007,235.149994,235.380005,237.359501,225.690601,207.749000,174.924900,237.112480,233.861321,3.251159,4.647679,-1.396519,51.948700,237.359501,245.007826,229.711176,0.370593,7.901014,0.033567,0.003753,-0.010218,0.005854,0.283774,0.601660,1.576683,0.287295,-0.030440,-0.030440,1.653365,164025.000000,50300707.068500,0.247087
2021-05-04,232.869995,239.860001,230.139999,235.889999,342800,0.000000,0.000000,232.869995,239.860001,230.139999,235.889999,237.720501,226.204601,208.220000,175.454800,236.924406,234.011594,2.912813,4.300705,-1.387893,52.462972,237.720501,244.240199,231.200803,0.359618,8.030941,0.034045,0.002167,-0.021203,-0.015607,0.254868,0.597521,1.659114,0.274379,-0.028340,-0.028340,1.528567,169655.000000,80863091.657200,0.253345
2021-05-05,237.850006,240.929993,236.300003,238.110001,121100,0.000000,0.000000,237.850006,240.929993,236.300003,238.110001,238.151001,226.870001,208.775900,175.994300,237.106805,234.315179,2.791626,3.998890,-1.207263,54.734049,238.151001,243.398039,232.903963,0.496093,7.817302,0.032831,0.009411,0.017999,0.041282,0.326740,0.573241,1.517551,0.221489,-0.019195,-0.019195,1.552364,166515.000000,28835121.121100,0.328806
2021-05-06,237.639999,238.589996,233.300003,236.639999,135000,0.000000,0.000000,237.639999,238.589996,233.300003,236.639999,238.256001,227.433601,209.324700,176.526600,237.034989,234.487388,2.547601,3.708632,-1.161031,52.930793,238.256001,243.278004,233.233998,0.339108,7.636780,0.032272,-0.006174,-0.012354,0.031111,0.262619,0.485872,1.521202,0.223189,-0.025250,-0.025250,1.536606,167730.000000,31946399.865000,0.273136
2021-05-07,239.009995,245.779999,237.380005,244.899994,174400,0.000000,0.000000,239.009995,245.779999,237.380005,244.899994,238.717001,228.269601,209.929400,177.118800,238.244990,235.258692,2.986298,3.564165,-0.577867,60.754857,238.717001,244.393431,233.040571,1.044620,7.744153,0.031622,0.034905,0.044350,0.044172,0.305089,0.524052,1.623460,0.241828,0.000000,0.000000,1.625147,165695.000000,42710558.953600,0.312599
2021-05-10,245.309998,249.300003,238.589996,238.809998,141100,0.000000,0.000000,245.309998,249.300003,238.589996,238.809998,238.741501,229.035200,210.506700,177.676200,238.331914,235.521752,2.810162,3.413364,-0.603202,53.671182,238.741501,244.414945,233.068056,0.506037,7.956000,0.033315,-0.024867,0.014572,0.013281,0.205989,0.434380,1.417595,0.258980,-0.024867,-0.024867,1.559867,166625.000000,33696090.717800,0.247868
2021-05-11,234.020004,242.970001,232.490005,242.899994,171300,0.000000,0.000000,234.020004,242.970001,232.490005,242.899994,238.925500,229.695000,211.086900,178.259000,239.034696,236.068288,2.966407,3.323973,-0.357566,57.274139,238.925500,244.895246,232.955755,0.832886,8.136285,0.033496,0.017127,0.029717,0.019218,0.196021,0.469361,1.441206,0.262777,-0.008167,-0.008167,1.603709,167080.000000,41608768.972200,0.240159
2021-05-12,239.750000,241.529999,227.350006,228.270004,151700,0.000000,0.000000,239.750000,241.529999,227.350006,228.270004,238.419501,229.971600,211.509800,178.754400,237.378589,235.490638,1.887952,3.036769,-1.148817,44.071250,238.419501,246.061655,230.777346,-0.164047,8.665835,0.037963,-0.060231,-0.041325,-0.045774,0.129211,0.343397,1.389261,0.337337,-0.067905,-0.067905,1.446886,169110.000000,34628559.606800,0.196547
2021-05-13,228.800003,237.259995,228.800003,235.699997,136600,0.000000,0.000000,228.800003,237.259995,228.800003,235.699997,238.128500,230.218600,212.018400,179.305500,237.120344,235.506146,1.614198,2.752255,-1.138056,50.333149,238.128500,245.716593,230.540408,0.339979,8.688989,0.036865,0.032549,-0.003972,-0.011284,0.173746,0.390232,1.526530,0.357827,-0.037566,-0.037566,1.489175,170045.000000,32196619.590200,0.237969
2021-05-14,237.850006,245.160004,236.320007,244.009995,153800,0.000000,0.000000,237.850006,245.160004,236.320007,244.009995,238.190500,230.919600,212.620600,179.913400,238.180291,236.136061,2.044230,2.610650,-0.566420,56.235082,238.190500,245.956451,230.424549,0.874680,8.744062,0.035835,0.035257,-0.003634,0.010310,0.184802,0.460613,1.576935,0.376034,-0.003634,-0.003634,1.532012,171540.000000,37528737.231000,0.232015
2021-05-17,242.479996,244.440002,238.729996,240.589996,160700,0.000000,0.000000,242.479996,244.440002,238.729996,240.589996,238.216499,231.626600,213.199000,180.513050,238.551014,236.465982,2.085033,2.505526,-0.420494,53.421538,238.216499,246.012369,230.420630,0.652228,8.527344,0.035443,-0.014016,0.007454,-0.008980,0.132988,0.468176,1.496524,0.379058,-0.017599,-0.017599,1.384676,174300.000000,38662812.357200,0.180573
2021-05-18,241.610001,241.610001,234.240005,234.250000,277300,0.000000,0.000000,241.610001,241.610001,234.240005,234.250000,238.116999,232.110800,213.681800,181.087050,237.889320,236.301835,1.587485,2.321918,-0.734433,48.570174,238.116999,246.068332,230.165666,0.256833,8.444676,0.036050,-0.026352,-0.035611,-0.024243,0.130114,0.402947,1.321836,0.388171,-0.043487,-0.043487,1.302438,178025.000000,64957525.000000,0.177506
2021-05-19,230.369995,233.029999,225.949997,227.440002,256500,0.000000,0.000000,230.369995,233.029999,225.949997,227.440002,237.544999,232.287400,214.113600,181.616450,236.281733,235.645403,0.636330,1.984800,-1.348471,43.952977,237.544999,246.803679,228.286319,-0.045704,8.434342,0.037084,-0.029071,-0.003636,-0.037250,0.102632,0.344764,1.235502,0.397145,-0.071294,-0.071294,1.208799,183325.000000,58338360.513000,0.143426
2021-05-20,228.910004,233.470001,223.860001,227.419998,196200,0.000000,0.000000,228.910004,233.470001,223.860001,227.419998,236.950499,232.438200,214.533100,182.139400,234.918389,235.036114,-0.117725,1.564295,-1.682020,43.939764,236.950499,247.205324,226.695674,0.035316,8.518318,0.037456,-0.000088,-0.035129,-0.047974,0.070161,0.342661,1.175852,0.394522,-0.071376,-0.071376,1.208604,185755.000000,44619803.607600,0.094575
2021-05-21,230.289993,232.619995,227.720001,228.169998,117400,0.000000,0.000000,230.289993,232.619995,227.720001,228.169998,236.264499,232.650200,214.986500,182.655350,233.880175,234.527512,-0.647338,1.121969,-1.769306,44.612085,236.264499,246.954420,225.574578,0.121396,8.281295,0.036294,0.003298,-0.064915,-0.046550,0.085542,0.354044,1.215888,0.394740,-0.068314,-0.068314,1.206460,185995.000000,26787157.765200,0.090127
2021-05-24,229.789993,230.289993,226.380005,227.410004,96600,0.000000,0.000000,229.789993,230.289993,226.380005,227.410004,235.744499,232.823400,215.437300,183.177750,232.884764,234.000290,-1.115526,0.674470,-1.789996,44.035769,235.744499,247.108421,224.380577,0.133291,7.969059,0.035043,-0.003331,-0.054782,-0.059862,0.110184,0.339124,1.199110,0.392014,-0.071417,-0.071417,1.188739,183250.000000,21967806.386400,0.095630
2021-05-25,228.020004,230.380005,222.720001,223.250000,128700,0.000000,0.000000,228.020004,230.380005,222.720001,223.250000,234.856999,232.722400,215.846600,183.672500,231.402493,233.203972,-1.801479,0.179280,-1.980759,40.919685,234.856999,247.221192,222.492806,0.030620,7.946983,0.035597,-0.018293,-0.046958,-0.061225,0.070949,0.305403,1.028439,0.392696,-0.088403,-0.088403,1.148701,180415.000000,28732275.000000,0.066595
2021-05-26,224.080002,227.089996,221.389999,226.419998,118400,0.000000,0.000000,224.080002,227.089996,221.389999,226.419998,234.482999,232.735600,216.302800,184.161950,230.635955,232.701455,-2.065500,-0.269676,-1.795824,44.162198,234.482999,247.408842,221.557157,0.188105,7.786484,0.034390,0.014199,-0.004485,-0.060498,0.114820,0.337705,1.033226,0.393111,-0.075459,-0.075459,1.179211,173145.000000,26808127.763200,0.067671
2021-05-27,227.419998,231.419998,226.809998,229.350006,136500,0.000000,0.000000,227.419998,231.419998,226.809998,229.350006,233.970499,232.791800,216.797000,184.668350,230.438117,232.453200,-2.015083,-0.618757,-1.396326,47.054619,233.970499,246.854830,221.086169,0.320693,7.587450,0.033082,0.012941,0.008487,-0.019453,0.143719,0.311846,1.093374,0.384042,-0.063495,-0.063495,1.207411,170810.000000,31306275.819000,0.102488
2021-05-28,230.000000,230.619995,224.470001,230.160004,103500,0.000000,0.000000,230.000000,230.619995,224.470001,230.160004,233.753500,232.928000,217.290000,185.162000,230.395330,232.283333,-1.888003,-0.872607,-1.015397,47.858728,233.753500,246.746017,220.760983,0.361709,7.484774,0.032520,0.003532,0.008722,-0.039399,0.096470,0.336275,1.122464,0.373575,-0.060188,-0.060188,1.215207,166665.000000,23821560.414000,0.084702
2021-06-01,231.770004,235.639999,229.729996,233.979996,180000,0.000000,0.000000,231.770004,235.639999,229.729996,233.979996,233.683499,233.229200,217.759700,185.678200,230.946817,232.409012,-1.462195,-0.990524,-0.471671,51.592617,233.683499,246.654186,220.712812,0.511429,7.372291,0.031508,0.016597,0.028891,-0.002218,0.091121,0.350144,1.093781,0.371526,-0.044590,-0.044590,1.251973,164980.000000,42116399.280000,0.062848
2021-06-02,234.479996,234.479996,222.619995,223.740005,216100,0.000000,0.000000,234.479996,234.479996,222.619995,223.740005,233.075999,233.385600,218.058200,186.145300,229.838077,231.766863,-1.928787,-1.178177,-0.750610,42.754101,233.075999,246.731592,219.420407,0.158162,7.692841,0.034383,-0.043764,0.002195,-0.049452,0.001746,0.281884,1.047963,0.401025,-0.086403,-0.086403,1.153417,158645.000000,48350215.080500,-0.056616
2021-06-03,222.940002,222.940002,216.830002,217.210007,263700,0.000000,0.000000,222.940002,222.940002,216.830002,217.210007,232.031000,233.521800,218.298900,186.576000,227.895297,230.688578,-2.793281,-1.501198,-1.292083,38.253587,232.031000,247.181510,216.880490,0.010875,7.636924,0.035159,-0.029186,-0.040677,-0.079189,0.039481,0.229328,0.948596,0.411390,-0.113067,-0.113067,1.090568,165775.000000,57278278.845900,-0.030550
2021-06-04,216.160004,219.509995,206.330002,210.199997,434100,0.000000,0.000000,216.160004,219.509995,206.330002,210.199997,230.709000,233.516800,218.487200,186.971750,225.172943,229.170905,-3.997962,-2.000551,-1.997412,34.103361,230.709000,248.542743,212.875256,-0.075006,8.032858,0.038215,-0.032273,-0.083497,-0.117215,0.024167,0.204377,0.875613,0.420032,-0.141690,-0.141690,1.023099,180730.000000,91247818.697700,-0.045054
2021-06-07,211.000000,212.779999,206.300003,208.259995,282300,0.000000,0.000000,211.000000,212.779999,206.300003,208.259995,228.877000,233.360400,218.634300,187.355000,222.570951,227.621949,-5.050998,-2.610640,-2.440358,33.035181,228.877000,248.050174,209.703825,-0.037652,7.921939,0.038039,-0.009229,-0.095151,-0.119929,-0.008475,0.172371,0.791484,0.420220,-0.149612,-0.149612,1.004427,186125.000000,58791796.588500,-0.109398
2021-06-08,210.649994,211.589996,205.850006,210.830002,454100,0.000000,0.000000,210.649994,211.589996,205.850006,210.830002,227.478000,233.035200,218.871000,187.752550,220.764651,226.378101,-5.613450,-3.211202,-2.402248,35.899526,227.478000,247.656342,207.299658,0.087479,7.766086,0.036836,0.012340,-0.098940,-0.139118,-0.035588,0.152077,0.843725,0.399486,-0.139118,-0.139118,1.029163,201775.000000,95737903.908200,-0.100687
2021-06-09,210.889999,215.419998,202.679993,203.330002,333500,0.000000,0.000000,210.889999,215.419998,202.679993,203.330002,225.499500,232.616200,218.976600,188.095300,218.082397,224.670834,-6.588437,-3.886649,-2.701788,31.645481,225.499500,247.025664,203.973336,-0.014943,8.121366,0.039942,-0.035574,-0.091222,-0.148570,-0.075268,0.095705,0.796201,0.407232,-0.169743,-0.169743,0.956978,209885.000000,67810555.667000,-0.139767
2021-06-10,204.979996,204.979996,196.339996,200.369995,234400,0.000000,0.000000,204.979996,204.979996,196.339996,200.369995,224.104500,231.980400,219.037300,188.430050,215.357412,222.870772,-7.513360,-4.611991,-2.901369,30.128078,224.104500,248.322503,199.886496,0.009982,8.158411,0.040717,-0.014558,-0.077529,-0.175093,-0.079055,0.061338,0.773814,0.397959,-0.181829,-0.181829,0.928489,214020.000000,46966726.828000,-0.125452
2021-06-11,201.110001,206.639999,201.110001,205.660004,230200,0.000000,0.000000,201.110001,206.639999,201.110001,205.660004,222.602500,231.482000,219.127500,188.793200,213.865503,221.595900,-7.730397,-5.235672,-2.494725,36.031499,222.602500,247.508870,197.696131,0.159876,8.023525,0.039014,0.026401,-0.021598,-0.099049,-0.059840,0.126781,0.959226,0.369053,-0.160229,-0.160229,0.979403,218700.000000,47342932.920800,-0.116114
2021-06-14,206.270004,211.850006,206.270004,209.539993,355300,0.000000,0.000000,206.270004,211.850006,206.270004,209.539993,220.879000,230.992600,219.221100,189.168400,213.200040,220.702870,-7.502830,-5.689104,-1.813726,40.033425,220.879000,244.272628,197.485373,0.257648,7.892559,0.037666,0.018866,0.006146,-0.110989,-0.082173,0.152839,0.997331,0.354407,-0.144385,-0.144385,1.016747,228775.000000,74449559.512900,-0.135252
2021-06-15,211.050003,211.529999,207.160004,210.490005,201800,0.000000,0.000000,211.050003,211.529999,207.160004,210.490005,219.374001,230.409800,219.350000,189.544000,212.783112,219.946362,-7.163250,-5.983933,-1.179317,41.006597,219.374001,241.252137,197.495864,0.296966,7.640947,0.036301,0.004534,-0.001613,-0.137371,-0.067638,0.141300,0.932874,0.324799,-0.140506,-0.140506,1.025890,230830.000000,42476883.009000,-0.112272
2021-06-16,210.080002,212.139999,208.389999,210.259995,187000,0.000000,0.000000,210.080002,212.139999,208.389999,210.259995,218.174500,230.041600,219.503800,189.924250,212.394940,219.228853,-6.833913,-6.153929,-0.679984,40.833814,218.174500,239.233789,197.115212,0.312090,7.363022,0.035019,-0.001093,0.034082,-0.126065,-0.071864,0.161144,0.858570,0.324272,-0.141445,-0.141445,1.023677,226315.000000,39318619.065000,-0.109902
2021-06-17,208.809998,211.389999,200.520004,201.889999,289900,0.000000,0.000000,208.809998,211.389999,200.520004,201.889999,216.897000,229.489400,219.587100,190.262700,210.778795,217.944494,-7.165698,-6.356283,-0.809415,35.046732,216.897000,238.677194,195.116806,0.155490,7.613520,0.037711,-0.039808,0.007586,-0.138143,-0.096082,0.092006,0.804361,0.337875,-0.175623,-0.175623,0.943118,227985.000000,58527910.710100,-0.175769
2021-06-18,201.860001,204.770004,201.000000,202.500000,308200,0.000000,0.000000,201.860001,204.770004,201.000000,202.500000,215.651000,228.848600,219.783700,190.573850,209.505134,216.800457,-7.295323,-6.544091,-0.751232,35.761272,215.651000,237.745438,193.556563,0.202391,7.338983,0.036242,0.003021,-0.015365,-0.109655,-0.075005,0.088827,0.827123,0.329449,-0.173132,-0.173132,0.948989,233585.000000,62410500.000000,-0.136686
2021-06-21,204.190002,208.369995,202.880005,206.929993,171200,0.000000,0.000000,204.190002,208.369995,202.880005,206.929993,214.589000,228.273600,220.110400,190.911700,209.108959,216.069311,-6.960353,-6.627343,-0.333009,40.850305,214.589000,236.186045,192.991955,0.322684,7.234056,0.034959,0.021877,-0.012456,-0.090098,-0.041636,0.119509,0.919751,0.342367,-0.155043,-0.155043,0.991626,236275.000000,35426414.801600,-0.098742
2021-06-22,206.679993,209.460007,205.440002,209.199997,147900,0.000000,0.000000,206.679993,209.460007,205.440002,209.199997,213.678500,227.691200,220.396600,191.293600,209.122965,215.560473,-6.437509,-6.589376,0.151868,43.327821,213.678500,234.521959,192.835040,0.392568,7.004481,0.033482,0.010970,-0.006129,-0.083140,-0.005703,0.138256,0.936858,0.345518,-0.145774,-0.145774,1.013474,238840.000000,30940679.556300,-0.083235
2021-06-23,209.279999,212.330002,208.630005,209.520004,157100,0.000000,0.000000,209.279999,212.330002,208.630005,209.520004,212.992000,227.097200,220.724300,191.684550,209.184048,215.113031,-5.928984,-6.457298,0.528314,43.685917,212.992000,233.408146,192.575853,0.414969,6.768446,0.032305,0.001530,-0.003519,-0.078668,-0.004419,0.146484,0.923614,0.346029,-0.144467,-0.144467,1.016554,240260.000000,32915592.628400,-0.105472
2021-06-24,210.660004,210.660004,205.539993,208.789993,191400,0.000000,0.000000,210.660004,210.660004,205.539993,208.789993,212.110500,226.505200,220.978700,192.067750,209.123424,214.644658,-5.521234,-6.270085,0.748851,43.018134,212.110500,231.586235,192.634764,0.414753,6.650701,0.031854,-0.003484,0.034177,-0.064770,-0.033738,0.122708,0.971763,0.341919,-0.147448,-0.147448,1.009528,243910.000000,39962404.660200,-0.141001
2021-06-25,208.699997,212.919998,208.490005,211.880005,371900,0.000000,0.000000,208.699997,212.919998,208.490005,211.880005,211.237000,225.912400,221.217700,192.451050,209.547513,214.439869,-4.892356,-5.994539,1.102184,46.729994,211.237000,228.943899,193.530100,0.518157,6.492079,0.030640,0.014800,0.046321,-0.064217,-0.066978,0.149897,0.973363,0.342305,-0.134831,-0.134831,1.039269,255680.000000,78798173.859500,-0.159959
2021-06-28,210.500000,212.960007,206.149994,212.039993,231500,0.000000,0.000000,210.500000,212.960007,206.149994,212.039993,210.330999,225.297800,221.543400,192.851900,209.930972,214.262100,-4.331129,-5.661857,1.330728,46.922780,210.330999,225.655117,195.006881,0.555762,6.514788,0.030724,0.000755,0.024694,-0.075474,-0.054575,0.143258,1.040808,0.337758,-0.134177,-0.134177,0.946035,262080.000000,49087258.379500,-0.164904
2021-06-29,211.179993,212.509995,209.000000,210.059998,136000,0.000000,0.000000,211.179993,212.509995,209.000000,210.059998,209.134999,224.697599,221.769800,193.242300,209.950822,213.950833,-4.000012,-5.329488,1.329476,44.763648,209.134999,219.674407,198.595591,0.543883,6.300160,0.029992,-0.009338,0.004111,-0.087331,-0.095193,0.148936,0.927863,0.337318,-0.142262,-0.142262,0.905479,259880.000000,28568159.728000,-0.208868
2021-06-30,210.050003,212.169998,208.149994,209.490005,295200,0.000000,0.000000,210.050003,212.169998,208.149994,209.490005,208.422499,224.162599,221.988200,193.633500,209.879927,213.620402,-3.740475,-5.011685,1.271211,44.134056,208.422499,216.426347,200.418651,0.566687,6.137292,0.029296,-0.002713,-0.000143,-0.104667,-0.091465,0.148961,0.884242,0.328899,-0.144590,-0.144590,0.900308,263835.000000,61841449.476000,-0.186361
2021-07-01,210.589996,215.000000,209.449997,213.020004,137800,0.000000,0.000000,210.589996,215.000000,209.449997,213.020004,208.212999,223.645399,222.138200,194.030450,210.363016,213.575928,-3.212912,-4.651931,1.439019,48.925110,208.212999,215.428939,200.997059,0.833082,6.095343,0.028614,0.016850,0.020260,-0.047913,-0.089697,0.168385,0.932330,0.305155,-0.130176,-0.130176,0.895533,257540.000000,29354156.551200,-0.167016
2021-07-02,213.559998,213.559998,210.220001,210.910004,92700,0.000000,0.000000,213.559998,213.559998,210.220001,210.910004,208.248499,223.077400,222.216400,194.428300,210.447168,213.378452,-2.931284,-4.307801,1.376517,46.365513,208.248499,215.512426,200.984573,0.683200,5.898532,0.027967,-0.009905,-0.004578,-0.029004,-0.119851,0.166538,0.876758,0.290600,-0.138791,-0.138791,0.794826,240470.000000,19551357.370800,-0.187980
2021-07-06,210.770004,211.860001,204.119995,209.520004,160600,0.000000,0.000000,210.770004,211.860001,204.119995,209.520004,208.311500,222.430000,222.290100,194.824250,210.304527,213.092641,-2.788114,-4.003864,1.215750,44.706214,208.311500,215.597668,201.025332,0.582931,6.030066,0.028780,-0.006590,-0.011884,-0.003235,-0.083745,0.164453,0.782997,0.268847,-0.144467,-0.144467,0.766015,234385.000000,33648912.642400,-0.154210
2021-07-07,208.979996,212.600006,206.410004,207.630005,277500,0.000000,0.000000,208.979996,212.600006,206.410004,207.630005,208.151500,221.826400,222.358300,195.237850,209.893062,212.688001,-2.794939,-3.762079,0.967140,42.480104,208.151500,215.344753,200.958246,0.463751,6.041490,0.029097,-0.009021,-0.011568,-0.003025,-0.095294,0.148015,0.750084,0.268758,-0.152185,-0.152185,0.738217,225555.000000,57617326.387500,-0.166609
2021-07-08,203.360001,206.289993,198.020004,202.539993,218200,0.000000,0.000000,203.360001,206.289993,198.020004,202.539993,208.111999,221.057200,222.324200,195.648200,208.761821,211.936297,-3.174476,-3.644558,0.470082,37.119403,208.111999,215.424422,200.799577,0.119004,6.296384,0.031087,-0.024515,-0.033176,-0.039321,-0.136437,0.083044,0.656227,0.277603,-0.172969,-0.172969,0.695605,219790.000000,44194226.472600,-0.189258
2021-07-09,206.009995,207.330002,202.929993,206.429993,75300,0.000000,0.000000,206.009995,207.330002,202.929993,206.429993,208.414999,220.507800,222.265000,196.076050,208.403078,211.528423,-3.125345,-3.540716,0.415371,43.035753,208.414999,214.822956,202.007043,0.345114,6.188786,0.029980,0.019206,-0.030936,0.015246,-0.124109,0.064676,0.683631,0.257677,-0.157085,-0.157085,0.728171,211835.000000,15544178.472900,-0.181787
2021-07-12,205.119995,208.820007,204.440002,207.250000,129500,0.000000,0.000000,205.119995,208.820007,204.440002,207.250000,208.494499,219.860800,222.264700,196.508000,208.225681,211.211502,-2.985821,-3.429737,0.443916,44.227033,208.494499,214.797128,202.191870,0.401271,6.059587,0.029238,0.003972,-0.017353,0.034337,-0.130371,0.073056,0.661323,0.251643,-0.153736,-0.153736,0.735036,206800.000000,26838875.000000,-0.194143
2021-07-13,206.940002,208.380005,204.360001,206.080002,87700,0.000000,0.000000,206.940002,208.380005,204.360001,206.080002,208.321500,219.292400,222.262800,196.928000,207.895577,210.831391,-2.935814,-3.330952,0.395138,42.850092,208.321500,214.692867,201.950132,0.324096,5.913902,0.028697,-0.005645,-0.016418,0.002042,-0.138534,0.076867,0.681325,0.236059,-0.158514,-0.158514,0.725241,193420.000000,18073216.175400,-0.187229
2021-07-14,207.779999,210.490005,204.589996,205.369995,217500,0.000000,0.000000,207.779999,210.490005,204.589996,205.369995,208.065499,218.692199,222.191400,197.339300,207.507026,210.426843,-2.919818,-3.248725,0.328908,41.995628,208.065499,214.481290,201.649708,0.289932,5.912910,0.028791,-0.003445,-0.010885,-0.019901,-0.138513,0.061069,0.649691,0.226283,-0.161413,-0.161413,0.719297,194205.000000,44667973.912500,-0.195311
2021-07-15,203.179993,205.160004,200.149994,202.690002,114500,0.000000,0.000000,203.179993,205.160004,200.149994,202.690002,207.686999,218.028199,222.116400,197.717300,206.765945,209.853744,-3.087799,-3.216540,0.128741,38.846773,207.686999,214.441899,200.932100,0.130121,5.863417,0.028928,-0.013050,0.000741,-0.037056,-0.160773,0.082977,0.588231,0.229183,-0.172356,-0.172356,0.696861,190580.000000,23208005.229000,-0.196700
2021-07-16,203.539993,204.330002,196.000000,196.279999,247600,0.000000,0.000000,203.539993,204.330002,196.000000,196.279999,207.406499,217.191599,222.030800,198.066550,205.152723,208.848281,-3.695559,-3.312344,-0.383215,32.558612,207.406499,215.506883,199.306116,-0.186788,6.039601,0.030770,-0.031625,-0.049169,-0.066489,-0.191498,0.018208,0.531404,0.251489,-0.198530,-0.198530,0.643198,188465.000000,48598927.752400,-0.218177
2021-07-19,191.740005,196.960007,187.020004,193.220001,193800,0.000000,0.000000,191.740005,196.960007,187.020004,193.220001,206.942499,216.323199,221.878400,198.401950,203.316919,207.690631,-4.373712,-3.524617,-0.849094,30.057308,206.942499,217.042568,196.842431,-0.179327,6.318201,0.032700,-0.015590,-0.067696,-0.042944,-0.195151,-0.005558,0.487337,0.218890,-0.211025,-0.211025,0.617581,182745.000000,37446036.193800,-0.221038
2021-07-20,194.279999,203.970001,193.199997,200.889999,219800,0.000000,0.000000,194.279999,203.970001,193.199997,200.889999,206.640500,215.443000,221.856300,198.767250,202.943547,207.186881,-4.243333,-3.668361,-0.574973,42.070516,206.640500,217.097053,196.183947,0.225029,6.636187,0.033034,0.039696,-0.025184,-0.007951,-0.149636,0.021613,0.542815,0.262090,-0.179706,-0.179706,0.681792,185175.000000,44155621.780200,-0.201326
2021-07-21,201.440002,204.779999,200.460007,203.309998,200600,0.000000,0.000000,201.440002,204.779999,200.460007,203.309998,206.346000,214.733000,221.884100,199.137800,202.999924,206.899704,-3.899780,-3.714644,-0.185136,45.264900,206.346000,216.830768,195.861231,0.355218,6.470745,0.031827,0.012046,-0.010031,-0.017494,-0.148903,0.015636,0.561761,0.253711,-0.169824,-0.169824,0.702051,187810.000000,40783985.598800,-0.197772
2021-07-22,202.869995,206.080002,200.440002,200.860001,105100,0.000000,0.000000,202.869995,206.080002,200.440002,200.860001,205.913000,213.892200,221.793600,199.471450,202.670705,206.452319,-3.781613,-3.728038,-0.053575,42.697882,205.913000,216.559881,195.266119,0.262701,6.411406,0.031920,-0.012051,-0.009029,-0.039866,-0.160670,0.016498,0.588328,0.252879,-0.179828,-0.179828,0.681540,185210.000000,21110386.105100,-0.223354
2021-07-23,201.639999,207.419998,199.570007,206.990005,135400,0.000000,0.000000,201.639999,207.419998,199.570007,206.990005,205.823000,213.466600,221.719100,199.825300,203.335213,206.492147,-3.156934,-3.613817,0.456883,50.293459,205.823000,216.397669,195.248331,0.555179,6.514162,0.031471,0.030519,0.054565,-0.012075,-0.144280,0.062141,0.625618,0.276542,-0.154798,-0.154798,0.732859,182410.000000,28026446.677000,-0.202795
2021-07-26,207.039993,208.440002,204.399994,205.369995,121400,0.000000,0.000000,207.039993,208.440002,204.399994,205.369995,205.497500,212.860000,221.539300,200.162300,203.648256,206.409025,-2.760769,-3.443208,0.682439,48.465103,205.497500,215.680676,195.314324,0.493739,6.337437,0.030859,-0.007827,0.062882,-0.016380,-0.136411,0.061015,0.625534,0.277553,-0.161413,-0.161413,0.719297,169885.000000,24931917.393000,-0.186057
2021-07-27,204.669998,207.880005,203.119995,205.100006,166400,0.000000,0.000000,204.669998,207.880005,203.119995,205.100006,205.150500,212.081800,221.500700,200.476450,203.871602,206.312061,-2.440458,-3.242658,0.802200,48.150931,205.150500,214.856784,195.444217,0.497399,6.224763,0.030350,-0.001315,0.020957,-0.031999,-0.148963,0.121746,0.587584,0.271811,-0.162515,-0.162515,0.717037,166630.000000,34128640.998400,-0.189442
2021-07-28,205.800003,207.910004,201.690002,204.699997,233700,0.000000,0.000000,205.800003,207.910004,201.690002,204.699997,204.882500,211.364000,221.495300,200.781050,203.999048,206.192648,-2.193601,-3.032846,0.839246,47.658005,204.882500,214.310008,195.454993,0.490321,6.224423,0.030408,-0.001950,0.006837,-0.034616,-0.124840,0.174682,0.631336,0.271701,-0.164149,-0.164149,0.713688,171515.000000,47838389.298900,-0.175480
2021-07-29,210.149994,223.580002,205.500000,221.679993,353400,0.000000,0.000000,210.149994,223.580002,205.500000,221.679993,205.492000,211.112600,221.611700,201.162600,206.719193,207.339859,-0.620666,-2.550410,1.929744,64.344275,205.492000,217.418678,193.565321,1.178646,7.128393,0.032156,0.082951,0.103654,0.055318,-0.074791,0.227600,0.810667,0.397350,-0.094814,-0.094814,0.855839,174425.000000,78341709.526200,-0.124194
2021-07-30,222.009995,227.080002,219.899994,226.000000,321800,0.000000,0.000000,222.009995,227.080002,219.899994,226.000000,206.141000,211.083800,221.685600,201.574050,209.685471,208.722092,0.963379,-1.847652,2.811032,67.208468,206.141000,220.874778,191.407221,1.173928,7.132080,0.031558,0.019488,0.091840,0.078810,-0.036247,0.278642,0.873032,0.400855,-0.077174,-0.077174,0.892005,183625.000000,72726800.000000,-0.087097
2021-08-02,227.660004,230.809998,219.110001,224.199997,286400,0.000000,0.000000,227.660004,230.809998,219.110001,224.199997,206.805499,211.019400,221.728800,201.964850,211.918475,209.868603,2.049872,-1.068148,3.118019,64.870213,206.805499,223.511646,190.099352,1.020602,7.458360,0.033267,-0.007965,0.091688,0.052483,-0.047498,0.222798,0.876936,0.399981,-0.084524,-0.084524,0.861044,193310.000000,64210879.140800,-0.104061
2021-08-03,223.860001,235.779999,222.910004,235.509995,304400,0.000000,0.000000,223.860001,235.779999,222.910004,235.509995,208.104999,211.166200,221.908200,202.400000,215.547940,211.767966,3.779974,-0.098523,3.878497,71.564479,208.104999,229.173851,187.036147,1.150368,7.844905,0.033310,0.050446,0.148269,0.116637,-0.001611,0.252846,0.937397,0.429502,-0.038342,-0.038342,0.954926,200500.000000,71689242.478000,-0.084333
2021-08-04,234.490005,243.199997,234.490005,238.089996,858500,0.000000,0.000000,234.490005,243.199997,234.490005,238.089996,209.627998,211.379799,222.101600,202.867200,219.015948,213.717746,5.298203,0.980822,4.317381,72.836111,209.627998,234.595313,184.660684,1.069985,7.906697,0.033209,0.010955,0.163117,0.136359,-0.000084,0.326628,0.938370,0.427520,-0.027807,-0.027807,0.976343,229550.000000,204400261.566000,-0.088294
2021-08-05,237.800003,239.080002,233.630005,237.779999,237800,0.000000,0.000000,237.800003,239.080002,233.630005,237.779999,211.389999,211.670399,222.196400,203.349600,221.902725,215.500135,6.402591,2.065176,4.337415,72.417063,211.389999,239.076951,183.703047,0.976578,7.731219,0.032514,-0.001302,0.072627,0.145210,0.004817,0.268701,0.902544,0.424830,-0.029073,-0.029073,0.973769,230530.000000,56544083.762200,-0.087774
2021-08-06,236.970001,243.110001,236.470001,241.509995,356300,0.000000,0.000000,236.970001,243.110001,236.470001,241.509995,213.143999,211.972199,222.353900,203.845750,224.919228,217.426791,7.492437,3.150628,4.341809,74.330728,213.143999,243.794068,182.493930,0.962740,7.653274,0.031689,0.015687,0.068628,0.192406,-0.013842,0.287024,0.964614,0.410049,-0.013842,-0.013842,1.004731,244580.000000,86050011.218500,-0.092631
2021-08-09,238.520004,243.100006,235.850006,241.259995,572900,0.000000,0.000000,238.520004,243.100006,235.850006,241.259995,214.844499,212.210399,222.501100,204.332400,227.433192,219.192214,8.240979,4.168698,4.072281,73.960354,214.844499,247.804484,181.884513,0.900721,7.624469,0.031603,-0.001035,0.076093,0.168725,0.010259,0.218362,0.940949,0.409524,-0.014863,-0.014863,1.002656,266750.000000,138217851.135500,-0.098556
2021-08-10,241.410004,247.119995,238.940002,244.500000,259600,0.000000,0.000000,241.410004,247.119995,238.940002,244.500000,216.765498,212.497199,222.712599,204.819650,230.058855,221.066864,8.991991,5.133357,3.858634,75.653517,216.765498,251.976264,181.554733,0.893836,7.664149,0.031346,0.013430,0.038172,0.179735,0.006587,0.203900,0.902280,0.409732,-0.001633,-0.001633,1.029551,275345.000000,63472200.000000,-0.097873
2021-08-11,243.779999,249.369995,242.100006,249.309998,177700,0.000000,0.000000,243.779999,249.369995,242.100006,249.309998,218.962499,212.803799,223.016499,205.329150,233.020569,223.158948,9.861621,6.079010,3.782611,77.946138,218.962499,256.580499,181.344498,0.903364,7.635995,0.030629,0.019673,0.047125,0.209773,0.092172,0.233292,0.946670,0.408329,0.000000,0.000000,1.069478,273355.000000,44302386.644600,-0.040847
2021-08-12,250.529999,253.000000,248.410004,248.589996,162300,0.000000,0.000000,250.529999,253.000000,248.410004,248.589996,221.257498,213.300799,223.343199,205.837400,235.415866,225.042730,10.373136,6.937835,3.435301,76.780614,221.257498,260.270169,182.244827,0.850303,7.418424,0.029842,-0.002888,0.045462,0.210449,0.054688,0.237936,0.891425,0.408112,-0.002888,-0.002888,1.063501,275745.000000,40346156.350800,-0.074171
2021-08-13,248.339996,249.520004,244.529999,245.039993,122000,0.000000,0.000000,248.339996,249.520004,244.529999,245.039993,223.695498,213.857399,223.689599,206.343650,236.896501,226.524008,10.372492,7.624766,2.747726,71.132851,223.695498,262.227235,185.163761,0.776973,7.244965,0.029566,-0.014281,0.014616,0.208940,0.004221,0.189803,0.874254,0.408988,-0.017127,-0.017127,1.034033,269465.000000,29894879.146000,-0.099496
2021-08-16,245.619995,247.529999,243.440002,246.880005,157900,0.000000,0.000000,245.619995,247.529999,243.440002,246.880005,226.378498,214.590999,224.053900,206.869050,238.432425,228.031860,10.400564,8.179926,2.220638,72.271344,226.378498,263.419288,189.337708,0.776742,7.019610,0.028433,0.007509,0.023294,0.257795,0.026144,0.162609,0.894414,0.381061,-0.009747,-0.009747,1.049307,267670.000000,38982352.789500,-0.079597
2021-08-17,245.000000,245.979996,238.050003,244.809998,325600,0.000000,0.000000,245.000000,245.979996,238.050003,244.809998,228.574498,215.321999,224.341200,207.358300,239.413590,229.274685,10.138905,8.571722,1.567183,68.975569,228.574498,264.441809,192.707187,0.726327,7.148924,0.029202,-0.008385,0.001268,0.267001,0.045080,0.181059,0.867780,0.375443,-0.018050,-0.018050,1.032124,272960.000000,79710135.348800,-0.056587
2021-08-18,244.050003,249.830002,241.869995,246.179993,214100,0.000000,0.000000,244.050003,249.830002,241.869995,246.179993,230.717998,216.028999,224.532099,207.850900,240.454575,230.526930,9.927645,8.842906,1.084738,69.952212,230.717998,265.330045,196.105951,0.723361,7.206859,0.029275,0.005596,-0.012555,0.225447,0.082395,0.193484,0.878520,0.361607,-0.012555,-0.012555,1.043496,273635.000000,52707136.501300,-0.009800
2021-08-19,243.759995,246.899994,240.820007,242.339996,298900,0.000000,0.000000,243.759995,246.899994,240.820007,242.339996,232.791998,216.809199,224.712699,208.305850,240.744640,231.401972,9.342668,8.942859,0.399809,63.881960,232.791998,264.739362,200.844633,0.649433,7.126368,0.029406,-0.015598,-0.025142,0.191973,0.065605,0.140370,0.841349,0.372132,-0.027957,-0.027957,1.011621,283325.000000,72435424.804400,-0.008720
2021-08-20,243.509995,249.779999,239.039993,249.350006,209100,0.000000,0.000000,243.509995,249.779999,239.039993,249.350006,234.909998,217.788799,224.884599,208.756300,242.068542,232.731456,9.337086,9.021704,0.315382,69.145689,234.909998,265.230108,204.589887,0.738126,7.384485,0.029615,0.028926,0.017589,0.241412,0.092826,0.186308,0.898797,0.370480,0.000000,0.000000,1.069810,287010.000000,52139086.254600,0.000503
2021-08-23,250.330002,259.130005,250.330002,254.029999,159100,0.000000,0.000000,250.330002,259.130005,250.330002,254.029999,237.342998,218.756199,225.119099,209.223000,243.908766,234.309126,9.599640,9.137291,0.462349,72.072000,237.342998,265.407927,209.278069,0.797293,7.555593,0.029743,0.018769,0.028961,0.227257,0.117057,0.240139,0.884775,0.364711,0.000000,0.000000,1.108658,288895.000000,40416172.840900,0.023253
2021-08-24,254.929993,255.509995,251.779999,254.139999,92800,0.000000,0.000000,254.929993,255.509995,251.779999,254.139999,239.794997,219.648199,225.320399,209.661250,245.482802,235.778079,9.704723,9.250778,0.453945,72.138887,239.794997,264.348157,215.241838,0.792121,7.282336,0.028655,0.000433,0.038111,0.237474,0.138365,0.219131,0.904812,0.360713,0.000000,0.000000,1.109571,285215.000000,23584191.907200,0.038591
2021-08-25,238.919998,246.990005,234.639999,240.889999,1086300,0.000000,0.000000,238.919998,246.990005,234.639999,240.889999,241.604498,220.256199,225.332999,210.039150,244.776217,236.156740,8.619477,9.124517,-0.505041,55.039582,241.604498,259.771142,223.437853,0.480335,8.155026,0.033854,-0.052137,-0.021488,0.174500,0.063908,0.186066,0.810795,0.419710,-0.052137,-0.052137,0.999585,327845.000000,261678805.913700,-0.031001
2021-08-26,241.839996,243.119995,233.179993,235.889999,634000,0.000000,0.000000,241.839996,243.119995,233.179993,235.889999,242.314998,220.768799,225.405199,210.369000,243.409107,236.136982,7.272125,8.754039,-1.481914,50.203620,242.314998,258.164298,226.465698,0.297310,8.282525,0.035112,-0.020756,-0.026615,0.152369,0.028515,0.176333,0.753829,0.430260,-0.071811,-0.071811,0.958081,341875.000000,149554259.366000,-0.059538
2021-08-27,233.020004,244.660004,230.009995,240.399994,6159900,0.000000,0.000000,233.020004,244.660004,230.009995,240.399994,243.034998,221.538999,225.514199,210.723300,242.946166,236.452760,6.493406,8.301912,-1.808506,54.119477,243.034998,256.954477,229.115518,0.405348,8.737345,0.036345,0.019119,-0.035893,0.084446,0.044491,0.145253,0.775874,0.334722,-0.054065,-0.054065,0.995517,633780.000000,1480839923.040600,-0.055937
2021-08-30,240.199997,245.380005,237.190002,245.059998,297300,0.000000,0.000000,240.199997,245.380005,237.190002,245.059998,244.077998,222.390199,225.619399,211.113300,243.271371,237.090333,6.181038,7.877737,-1.696700,57.811138,244.077998,254.818065,233.337931,0.545717,8.698249,0.035494,0.019384,-0.035311,0.084336,0.047354,0.142791,0.825944,0.334663,-0.035728,-0.035728,1.034199,634325.000000,72856337.405400,-0.063985
2021-08-31,245.830002,245.830002,239.619995,240.130005,256300,0.000000,0.000000,245.830002,245.830002,239.619995,240.130005,244.308998,223.054199,225.663900,211.494600,242.788084,237.315494,5.472590,7.396708,-1.924118,52.956494,244.308998,254.455470,234.162527,0.294067,8.520517,0.035483,-0.020117,-0.055127,0.071053,0.073255,0.075129,0.789344,0.342722,-0.055127,-0.055127,0.993276,631920.000000,61545320.281500,-0.035998
2021-09-01,241.350006,246.649994,237.029999,244.320007,173900,0.000000,0.000000,241.350006,246.649994,237.029999,244.320007,244.620499,223.756599,225.723900,211.881350,243.023764,237.834347,5.189417,6.955250,-1.765832,56.314172,244.620499,254.336467,234.904531,0.484536,8.599052,0.035196,0.017449,0.014239,0.037408,0.124810,0.169219,0.741784,0.302464,-0.038640,-0.038640,1.028057,597690.000000,42487249.217300,0.000320
2021-09-02,246.110001,248.779999,245.070007,246.389999,145100,0.000000,0.000000,246.110001,248.779999,245.070007,246.389999,245.050999,224.493999,225.795600,212.267650,243.541647,238.468099,5.073548,6.578909,-1.505362,57.912378,245.050999,254.239461,235.862536,0.572863,8.303404,0.033700,0.008472,0.044512,0.034861,0.172169,0.200497,0.768011,0.301652,-0.030495,-0.030495,1.045239,593055.000000,35751188.854900,0.062380
2021-09-03,245.250000,251.449997,244.080002,249.169998,192100,0.000000,0.000000,245.250000,251.449997,244.080002,249.169998,245.433999,225.301599,225.903400,212.666600,244.407547,239.260832,5.146715,6.292470,-1.145756,60.027402,245.433999,254.639557,236.228441,0.702921,8.236732,0.033057,0.011283,0.036481,0.047901,0.196437,0.186298,0.875997,0.303164,-0.019556,-0.019556,1.068316,584845.000000,47865556.615800,0.089692
2021-09-07,248.699997,251.000000,246.210007,246.589996,134500,0.000000,0.000000,248.699997,251.000000,246.210007,246.589996,245.700499,225.995799,225.954099,213.057000,244.743308,239.803733,4.939575,6.021891,-1.082316,57.156700,245.700499,254.703651,236.697347,0.549399,7.990537,0.032404,-0.010354,0.006243,0.021034,0.169615,0.127990,0.877636,0.302210,-0.029708,-0.029708,1.046900,562925.000000,33166354.462000,0.065527
2021-09-08,246.320007,246.320007,238.529999,241.339996,346000,0.000000,0.000000,246.320007,246.320007,238.529999,241.339996,245.542499,226.581799,225.939799,213.414600,244.219722,239.917531,4.302191,5.677951,-1.375760,51.734870,245.542499,254.743105,236.341892,0.271618,7.995498,0.033130,-0.021290,0.005039,0.000332,0.186937,0.097599,0.826258,0.312054,-0.050366,-0.050366,1.003320,567245.000000,83503638.616000,0.088108
2021-09-09,241.330002,242.649994,235.729996,238.880005,169100,0.000000,0.000000,241.330002,242.649994,235.729996,238.880005,245.020999,227.158199,225.927899,213.753900,243.398227,239.840677,3.557550,5.253871,-1.696321,49.371592,245.020999,254.500601,235.541397,0.176094,7.918677,0.033149,-0.010193,-0.022266,-0.022986,0.192194,0.097945,0.766603,0.310161,-0.060046,-0.060046,0.982900,566815.000000,40394608.845500,0.104613
2021-09-10,241.330002,244.559998,238.539993,241.460007,162700,0.000000,0.000000,241.330002,244.559998,238.539993,241.460007,244.664500,227.797599,225.980099,214.114900,243.100039,239.960627,3.139412,4.830979,-1.691567,51.855575,244.664500,254.115199,235.213801,0.330463,7.783057,0.032233,0.010800,-0.020009,-0.031487,0.174074,0.103817,0.831046,0.304203,-0.049894,-0.049894,1.004316,566835.000000,39285543.138900,0.099723
2021-09-13,243.320007,246.979996,238.139999,244.419998,161200,0.000000,0.000000,243.320007,246.979996,238.139999,244.419998,244.633500,228.425599,226.035499,214.462850,243.303110,240.290951,3.012159,4.467215,-1.455056,54.607243,244.633500,254.083080,235.183919,0.488703,7.858553,0.032152,0.012259,-0.019063,-0.016775,0.166460,0.070609,0.851947,0.307740,-0.038247,-0.038247,1.028887,568795.000000,39400503.677600,0.100746
2021-09-14,244.979996,244.979996,239.220001,240.669998,144800,0.000000,0.000000,244.979996,244.979996,239.220001,240.669998,244.323000,229.020799,226.049099,214.805000,242.898016,240.319029,2.578987,4.089570,-1.510582,50.657074,244.323000,253.869380,234.776619,0.308671,7.708656,0.032030,-0.015342,-0.024007,-0.017834,0.143380,0.066044,0.833676,0.308355,-0.053002,-0.053002,0.997759,568140.000000,34849015.710400,0.074815
2021-09-15,242.699997,245.690002,238.100006,245.130005,180900,0.000000,0.000000,242.699997,245.690002,238.100006,245.130005,244.339000,229.732999,226.081499,215.164150,243.241399,240.675397,2.566001,3.784856,-1.218854,54.841129,244.339000,253.889889,234.788111,0.541410,7.700180,0.031413,0.018532,0.015704,-0.007088,0.165842,0.082061,0.834393,0.314347,-0.035453,-0.035453,1.034780,560905.000000,44344017.904500,0.085937
2021-09-16,246.039993,248.669998,245.220001,247.139999,131300,0.000000,0.000000,246.039993,248.669998,245.220001,247.139999,244.387000,230.523199,226.174799,215.527150,243.841183,241.154257,2.686927,3.565270,-0.878343,56.626155,244.387000,253.986373,234.787628,0.643395,7.403024,0.029955,0.008200,0.034578,0.009518,0.224132,0.106514,0.881681,0.314123,-0.027544,-0.027544,1.051465,556765.000000,32449481.868700,0.152065
2021-09-17,249.220001,249.360001,242.710007,244.809998,381700,0.000000,0.000000,249.220001,249.360001,242.710007,244.809998,244.510500,231.368599,226.212899,215.867750,243.990232,241.425052,2.565180,3.365252,-0.800072,53.963310,244.510500,254.062424,234.958576,0.515677,7.349236,0.030020,-0.009428,0.013874,-0.005565,0.208938,0.118262,0.878386,0.315444,-0.036712,-0.036712,1.032124,560905.000000,93443976.236600,0.136696
2021-09-20,238.750000,243.350006,235.139999,242.960007,152600,0.000000,0.000000,238.750000,243.350006,235.139999,242.960007,244.191000,232.099199,226.303499,216.209900,243.831736,241.538753,2.292983,3.150798,-0.857815,51.877355,244.191000,253.485346,234.896655,0.433777,7.515005,0.030931,-0.007557,-0.005973,0.002558,0.174117,0.125232,0.945080,0.311666,-0.043991,-0.043991,1.016768,558080.000000,37075697.068200,0.133639
2021-09-21,245.940002,246.160004,237.460007,245.649994,155500,0.000000,0.000000,245.940002,246.160004,237.460007,245.649994,243.772000,232.867199,226.363999,216.549950,244.111468,241.843289,2.268179,2.974274,-0.706096,54.623971,243.772000,251.878393,235.665608,0.615834,7.599647,0.030937,0.011072,0.020692,-0.014839,0.174235,0.167538,1.039097,0.296790,-0.033407,-0.033407,1.032517,557900.000000,38198574.067000,0.139637
2021-09-22,246.000000,247.979996,242.979996,243.330002,135500,0.000000,0.000000,246.000000,247.979996,242.979996,243.330002,243.231500,233.612199,226.452299,216.851600,243.991242,241.953416,2.037826,2.786985,-0.749158,51.874054,243.231500,249.704062,236.758939,0.507609,7.413958,0.030469,-0.009444,-0.007343,-0.042121,0.161369,0.156237,1.013321,0.289665,-0.042536,-0.042536,1.013321,560035.000000,32971215.271000,0.117568
2021-09-23,244.889999,246.630005,240.669998,243.320007,202400,0.000000,0.000000,244.889999,246.630005,240.669998,243.320007,243.353001,234.371199,226.531699,217.140350,243.887975,242.054645,1.833330,2.596254,-0.762923,51.861941,243.353001,249.731034,236.974967,0.497413,7.310104,0.030043,-0.000041,-0.015457,-0.042575,0.165382,0.126064,1.013238,0.289622,-0.042575,-0.042575,0.993119,515840.000000,49247969.416800,0.117884
2021-09-24,241.580002,244.360001,239.979996,243.270004,100100,0.000000,0.000000,241.580002,244.360001,239.979996,243.270004,243.722001,235.182799,226.605499,217.412750,243.792903,242.144671,1.648231,2.406649,-0.758418,51.796775,243.722001,249.049467,238.394535,0.457579,7.100812,0.029189,-0.000206,-0.006291,0.009880,0.148150,0.071249,0.992710,0.224749,-0.042772,-0.042772,0.976038,489145.000000,24351327.400400,0.100288
2021-09-27,242.919998,250.029999,242.919998,248.000000,147700,0.000000,0.000000,242.919998,250.029999,242.919998,248.000000,244.102001,236.217199,226.704399,217.740150,244.440148,242.578399,1.861749,2.297669,-0.435920,57.266726,244.102001,249.515270,238.688732,0.860041,7.101468,0.028635,0.019443,0.020744,0.051337,0.169591,0.105761,1.014459,0.219787,-0.024160,-0.024160,0.966069,188535.000000,36629600.000000,0.137215
2021-09-28,246.839996,250.990005,240.369995,240.580002,125100,0.000000,0.000000,246.839996,250.990005,240.369995,240.580002,243.878001,237.164399,226.743799,218.034250,243.846280,242.430370,1.415910,2.121317,-0.705408,48.054420,243.878001,249.491420,238.264583,0.206240,7.352792,0.030563,-0.029919,-0.020639,0.000749,0.145292,0.036268,0.892989,0.237905,-0.053356,-0.053356,0.907246,179925.000000,30096558.250200,0.144029
2021-09-29,243.330002,243.330002,237.320007,238.440002,106700,0.000000,0.000000,243.330002,243.330002,237.320007,238.440002,243.793501,237.915399,226.679200,218.304300,243.014545,242.134787,0.879758,1.873005,-0.993248,45.767666,243.793501,249.688303,237.898699,0.045914,7.256878,0.030435,-0.008895,-0.020096,-0.027014,0.138193,0.034088,0.885945,0.229093,-0.061777,-0.061777,0.890281,172445.000000,25441548.213400,0.137607
2021-09-30,240.330002,242.559998,236.690002,238.029999,127800,0.000000,0.000000,240.330002,242.559998,236.690002,238.029999,243.479001,238.609799,226.671400,218.589050,242.247692,241.830729,0.416963,1.581797,-1.164834,45.322666,243.479001,249.902950,237.055052,0.075884,7.157815,0.030071,-0.001720,-0.021741,-0.008745,0.117407,0.017179,0.887030,0.218578,-0.063390,-0.063390,0.862082,170140.000000,30420233.872200,0.122489
2021-10-01,239.369995,244.500000,234.850006,242.669998,207100,0.000000,0.000000,239.369995,244.500000,234.850006,242.669998,243.293001,239.445999,226.669100,218.878000,242.312662,241.892897,0.419765,1.349390,-0.929626,51.115457,243.293001,249.575935,237.010067,0.450421,7.335828,0.030230,0.019493,-0.002466,-0.006753,0.150586,0.012686,0.898381,0.220777,-0.045133,-0.045133,0.878251,173240.000000,50256956.585800,0.155547
2021-10-04,242.880005,243.119995,232.300003,234.380005,224900,0.000000,0.000000,242.880005,243.119995,232.300003,234.380005,242.553501,239.993799,226.730200,219.120000,241.092253,241.336386,-0.244133,1.030686,-1.274819,42.460141,242.553501,249.381812,235.725190,-0.098501,7.584697,0.032361,-0.034162,-0.054919,-0.048744,0.118652,0.024971,0.814087,0.247395,-0.077752,-0.077752,0.747409,174880.000000,52712063.124500,0.146487
2021-10-05,240.399994,245.229996,235.649994,243.479996,172000,0.000000,0.000000,240.399994,245.229996,235.649994,243.479996,242.398001,240.755999,226.808000,219.413200,241.459598,241.495172,-0.035574,0.817434,-0.853008,52.056968,242.398001,248.976342,235.819661,0.582239,7.817932,0.032109,0.038826,0.012054,-0.022836,0.172663,0.060915,0.815254,0.282326,-0.041945,-0.041945,0.787403,176755.000000,41878559.312000,0.188430
2021-10-06,241.110001,249.970001,240.940002,248.820007,226900,0.000000,0.000000,241.110001,249.970001,240.940002,248.820007,242.772002,241.630399,226.856100,219.738350,242.591969,242.037753,0.554216,0.764790,-0.210574,56.628380,242.772002,249.922702,235.621302,0.922896,7.904508,0.031768,0.021932,0.043533,0.009043,0.228498,0.060885,0.826604,0.290799,-0.020933,-0.020933,0.803436,170800.000000,56457259.588300,0.232473
2021-10-07,250.899994,256.390015,250.899994,252.330002,193900,0.000000,0.000000,250.899994,256.390015,250.899994,252.330002,243.444501,242.583000,226.973500,220.086250,244.090128,242.800141,1.289986,0.869829,0.420157,59.370671,243.444501,251.523611,235.365392,1.049906,7.880616,0.031231,0.014107,0.060076,0.045537,0.222351,0.070647,0.828876,0.282990,-0.007122,-0.007122,0.785775,172040.000000,48926787.387800,0.225610
2021-10-08,253.619995,255.690002,249.509995,254.389999,268200,0.000000,0.000000,253.619995,255.690002,249.509995,254.389999,244.091001,243.237200,227.174900,220.428350,245.674723,243.658649,2.016074,1.099078,0.916996,60.931929,244.091001,253.466765,234.715237,1.049235,7.759144,0.030501,0.008164,0.048296,0.064928,0.227455,0.067430,0.788079,0.279928,0.000000,0.000000,0.800354,177315.000000,68227397.731800,0.237887
2021-10-11,254.500000,255.869995,251.800003,253.839996,80100,0.000000,0.000000,254.500000,255.869995,251.800003,253.839996,244.562001,243.794000,227.438900,220.776250,246.930919,244.412823,2.518096,1.382882,1.135214,60.266057,244.562001,254.904009,234.219993,0.948559,7.495633,0.029529,-0.002162,0.083028,0.051271,0.231755,0.061115,0.765475,0.279064,-0.002162,-0.002162,0.796461,173260.000000,20332583.679600,0.244798
2021-10-12,254.809998,255.270004,250.970001,251.279999,122400,0.000000,0.000000,254.809998,255.270004,250.970001,251.279999,245.092501,244.335600,227.677500,221.105300,247.600008,244.921503,2.678505,1.642006,1.036499,57.136255,245.092501,255.679500,234.505503,0.792222,7.267373,0.028921,-0.010085,0.032035,0.028066,0.223548,0.054071,0.728555,0.279983,-0.012225,-0.012225,0.778344,172140.000000,30756671.877600,0.235772
2021-10-13,251.960007,252.500000,246.550003,247.369995,105800,0.000000,0.000000,251.960007,252.500000,246.550003,247.369995,245.204501,244.572800,227.869500,221.428000,247.564622,245.102873,2.461749,1.805955,0.655794,52.639700,245.204501,255.840450,234.568551,0.601801,7.173275,0.028998,-0.015560,-0.005828,0.027839,0.220435,0.024222,0.721314,0.280148,-0.027595,-0.027595,0.750672,168385.000000,26171745.471000,0.218475
2021-10-14,250.360001,253.389999,248.429993,253.250000,133200,0.000000,0.000000,250.360001,253.389999,248.429993,253.250000,245.510001,244.876000,228.127900,221.782600,248.439295,245.706364,2.732932,1.991350,0.741581,57.993584,245.510001,256.715766,234.304236,0.845358,7.090899,0.028000,0.023770,0.003646,0.033125,0.290249,0.043168,0.734114,0.284722,-0.004481,-0.004481,0.792286,168480.000000,33732900.000000,0.262787
2021-10-15,257.200012,264.420013,256.329987,261.559998,285600,0.000000,0.000000,257.200012,264.420013,256.329987,261.559998,246.347501,245.351600,228.511000,222.178800,250.457865,246.880707,3.577158,2.308512,1.268646,64.159970,246.347501,259.642041,233.052960,1.072133,7.382264,0.028224,0.032813,0.028185,0.058347,0.353690,0.089516,0.761584,0.303915,0.000000,0.000000,0.851097,163675.000000,74701535.428800,0.310092
2021-10-18,261.500000,266.059998,260.459991,263.630005,158200,0.000000,0.000000,261.500000,266.059998,260.459991,263.630005,247.381001,245.794000,228.883100,222.592950,252.484348,248.121396,4.362952,2.719400,1.643552,65.517861,247.381001,262.635924,232.126077,1.032582,7.254960,0.027519,0.007914,0.038568,0.076876,0.312310,0.115941,0.822537,0.300990,0.000000,0.000000,0.865747,163955.000000,41706266.791000,0.276243
2021-10-19,266.600006,266.600006,260.260010,260.869995,110900,0.000000,0.000000,266.600006,266.600006,260.260010,260.869995,248.142001,246.186200,229.198300,222.997650,253.774448,249.065736,4.708711,3.117262,1.591449,62.137421,248.142001,264.511159,231.772842,0.888780,7.189605,0.027560,-0.010469,0.038165,0.073716,0.283114,0.092055,0.846214,0.302528,-0.010469,-0.010469,0.839704,161725.000000,28930482.445500,0.249138
2021-10-20,261.970001,267.079987,259.519989,266.489990,109000,0.000000,0.000000,261.970001,267.079987,259.519989,266.489990,249.300000,246.626000,229.561599,223.425800,255.730685,250.356422,5.374263,3.568662,1.805601,65.985847,249.300000,267.419100,231.180900,0.974361,7.216062,0.027078,0.021543,0.077293,0.084836,0.326745,0.113577,0.872997,0.307929,0.000000,0.000000,0.879337,160400.000000,29047408.910000,0.296980
2021-10-21,266.429993,269.970001,266.119995,267.109985,118100,0.000000,0.000000,266.429993,269.970001,266.119995,267.109985,250.489499,246.981999,229.892899,223.826300,257.481346,251.597427,5.883920,4.031714,1.852206,66.391689,250.489499,270.023925,230.955072,0.925415,6.975629,0.026115,0.002327,0.054728,0.097727,0.290449,0.104262,0.855833,0.304098,0.000000,0.000000,0.883709,156185.000000,31545689.228500,0.264924
2021-10-22,268.410004,273.660004,268.410004,271.809998,157400,0.000000,0.000000,268.410004,273.660004,268.410004,271.809998,251.916499,247.446400,230.373599,224.215900,259.685754,253.094654,6.591100,4.543591,2.047509,69.374813,251.916499,273.311464,230.521533,0.964911,6.945229,0.025552,0.017596,0.039188,0.117089,0.323514,0.142971,0.848419,0.306814,0.000000,0.000000,0.916855,159050.000000,42782893.685200,0.306702
2021-10-25,272.739990,278.230011,271.359985,274.910004,185700,0.000000,0.000000,272.739990,278.230011,271.359985,274.910004,253.261999,248.043800,230.950599,224.624750,262.027947,254.710606,7.317341,5.098341,2.219000,71.191159,253.261999,276.888218,229.635780,0.958135,6.939857,0.025244,0.011405,0.042787,0.130061,0.340371,0.140705,0.864935,0.306747,0.000000,0.000000,0.938716,160950.000000,51050787.742800,0.301755
2021-10-26,277.420013,277.750000,273.160004,276.070007,169500,0.000000,0.000000,277.420013,277.750000,273.160004,276.070007,255.036499,248.627600,231.609299,225.048250,264.188264,256.292784,7.895480,5.657769,2.237711,71.863623,255.036499,279.948288,230.124710,0.922160,6.772010,0.024530,0.004220,0.058267,0.113186,0.348657,0.180291,0.878794,0.302860,0.000000,0.000000,0.946897,163170.000000,46793866.186500,0.316607
2021-10-27,275.190002,280.049988,272.540009,273.890015,258900,0.000000,0.000000,275.190002,280.049988,272.540009,273.890015,256.809000,249.209200,232.265600,225.449950,265.680841,257.596282,8.084558,6.143127,1.941432,68.621823,256.809000,281.793260,231.824740,0.841836,6.824722,0.024918,-0.007897,0.027768,0.138457,0.235520,0.143114,0.904792,0.279289,-0.007897,-0.007897,0.931523,170780.000000,70910124.883500,0.204557
2021-10-28,296.799988,316.989990,291.500000,311.859985,613900,0.000000,0.000000,296.799988,316.989990,291.500000,311.859985,260.500499,250.522800,233.275899,226.073450,272.785324,261.615816,11.169509,7.148403,4.021105,83.003447,260.500499,294.125144,226.875853,1.263718,9.415811,0.030192,0.138632,0.167534,0.307918,0.379911,0.329893,1.199295,0.531537,0.000000,0.000000,1.122074,195085.000000,191450844.791500,0.327062
2021-10-29,314.320007,315.829987,308.109985,312.640015,316800,0.000000,0.000000,314.320007,315.829987,308.109985,312.640015,263.999000,251.928800,234.368999,226.672800,278.916815,265.395386,13.521429,8.423008,5.098421,83.174062,263.999000,303.804426,224.193573,1.110985,9.294682,0.029730,0.002501,0.150215,0.313448,0.394469,0.328235,1.127382,0.530227,0.000000,0.000000,1.117297,200570.000000,99044356.752000,0.338798
2021-11-01,315.410004,329.119995,311.790009,328.119995,368900,0.000000,0.000000,315.410004,329.119995,311.790009,328.119995,268.685999,253.504200,235.646499,227.341900,286.486535,270.041654,16.444882,10.027383,6.417499,86.146189,268.685999,315.299979,222.072019,1.137513,9.868632,0.030076,0.049514,0.193554,0.352124,0.393232,0.390987,1.222132,0.544462,0.000000,0.000000,1.167955,207770.000000,121043466.155500,0.336690
2021-11-02,329.640015,341.390015,327.160004,334.559998,428800,0.000000,0.000000,329.640015,341.390015,327.160004,334.559998,273.239999,255.114800,236.935499,228.031500,293.882453,274.820790,19.061662,11.834239,7.227424,87.162158,273.239999,326.768865,219.711133,1.072775,10.180159,0.030429,0.019627,0.211867,0.427426,0.405183,0.405065,1.210505,0.514319,0.000000,0.000000,1.100716,220610.000000,143459327.142400,0.346385
2021-11-03,332.880005,345.869995,330.290009,344.920013,462800,0.000000,0.000000,332.880005,345.869995,330.290009,344.920013,278.045000,256.930400,238.289300,228.755200,301.734385,280.013325,21.721060,13.811603,7.909457,88.609328,278.045000,339.071811,217.018189,1.047915,10.565861,0.030633,0.030966,0.259338,0.416626,0.450585,0.457573,1.165767,0.510934,0.000000,0.000000,1.146493,232405.000000,159628982.016400,0.389057
2021-11-04,343.989990,354.619995,339.500000,351.399994,446900,0.000000,0.000000,343.989990,354.619995,339.500000,351.399994,282.998499,259.140600,239.698400,229.524200,309.375248,285.301227,24.074021,15.864087,8.209935,89.413206,282.998499,350.929178,215.067821,1.003465,10.891157,0.030994,0.018787,0.126788,0.412266,0.455012,0.434871,1.186819,0.510682,0.000000,0.000000,1.144383,245055.000000,157040657.318600,0.380560
2021-11-05,354.000000,359.750000,332.489990,342.869995,417400,0.000000,0.000000,354.000000,359.750000,332.489990,342.869995,287.422499,261.280200,241.024500,230.264150,314.528286,289.565580,24.962706,17.683811,7.278896,81.281318,287.422499,358.938350,215.906648,0.887659,12.060360,0.035175,-0.024274,0.096693,0.358816,0.421164,0.435744,1.059403,0.530381,-0.024274,-0.024274,1.092329,252515.000000,143113935.913000,0.346373
2021-11-08,343.809998,352.920013,338.200012,352.010010,438100,0.000000,0.000000,343.809998,352.920013,338.200012,352.010010,292.331000,263.512401,242.525700,231.056400,320.294705,294.191093,26.103612,19.367771,6.735841,83.059212,292.331000,367.523175,217.138825,0.896843,12.250335,0.034801,0.026657,0.072809,0.383742,0.439714,0.449197,1.129393,0.531156,0.000000,0.000000,1.148105,270415.000000,154215585.381000,0.358955
2021-11-09,348.470001,352.329987,336.500000,339.429993,423400,0.000000,0.000000,348.470001,352.329987,336.500000,339.429993,296.738500,265.399800,243.895000,231.839350,323.238595,297.542123,25.696473,20.633511,5.062961,72.808961,296.738500,372.132844,221.344155,0.783121,12.506024,0.036844,-0.035738,0.014556,0.337181,0.361478,0.486967,0.997587,0.557759,-0.035738,-0.035738,1.071337,285465.000000,143714659.036200,0.285528
2021-11-10,336.339996,340.559998,328.260010,332.970001,227300,0.000000,0.000000,336.339996,340.559998,328.260010,332.970001,301.018500,267.256600,245.155400,232.632900,324.735735,300.166410,24.569325,21.420674,3.148651,68.157436,301.018500,374.301748,227.735252,0.718000,12.491307,0.037515,-0.019032,-0.034646,0.325096,0.339434,0.412686,0.963961,0.563556,-0.054089,-0.054089,1.031916,291540.000000,75684081.227300,0.285004
2021-11-11,335.250000,339.679993,333.619995,339.600006,211600,0.000000,0.000000,335.250000,339.679993,333.619995,339.600006,305.336000,269.162200,246.459400,233.428000,327.022546,303.087417,23.935129,21.923565,2.011564,70.257599,305.336000,376.924665,233.747335,0.739312,12.078356,0.035566,0.019912,-0.033580,0.372842,0.385896,0.391746,1.032803,0.553367,-0.035255,-0.035255,1.072375,295460.000000,71859361.269600,0.326436
2021-11-12,341.190002,348.989990,340.269989,344.660004,336400,0.000000,0.000000,341.190002,348.989990,340.269989,344.660004,309.491000,271.127600,247.810800,234.267550,329.736001,306.166868,23.569133,22.252678,1.316454,71.786981,309.491000,380.020142,238.961859,0.749322,11.886330,0.034487,0.014900,0.005221,0.360948,0.396063,0.432562,1.103253,0.552600,-0.020880,-0.020880,1.064203,298000.000000,115943625.345600,0.323924
2021-11-15,346.980011,348.059998,339.899994,343.760010,192200,0.000000,0.000000,346.980011,348.059998,339.899994,343.760010,313.497501,273.019401,249.160500,235.069600,331.893541,308.951545,22.941996,22.390542,0.551454,71.086812,313.497501,382.135839,244.859162,0.720449,11.620164,0.033803,-0.002611,-0.023437,0.314268,0.404191,0.467492,1.058813,0.552103,-0.023437,-0.023437,1.039998,299700.000000,66070673.922000,0.322473
2021-11-16,342.869995,358.329987,342.510010,357.820007,281100,0.000000,0.000000,342.869995,358.329987,342.510010,357.820007,318.345001,275.244001,250.619900,235.918800,335.882228,312.571431,23.310797,22.574593,0.736204,75.162455,318.345001,384.999124,251.690879,0.796118,11.920150,0.033313,0.040901,0.054179,0.357281,0.453489,0.573250,1.115651,0.559565,0.000000,0.000000,1.123435,308210.000000,100583203.967700,0.353809
2021-11-17,358.690002,365.500000,352.809998,364.450012,323600,0.000000,0.000000,358.690002,365.500000,352.809998,364.450012,323.243002,277.706201,252.144000,236.843700,340.277272,316.414289,23.862982,22.832271,1.030712,76.821644,323.243002,388.228975,258.257030,0.817045,11.975140,0.032858,0.018529,0.094543,0.397056,0.503879,0.602542,1.151671,0.551758,0.000000,0.000000,1.162780,318940.000000,117936023.883200,0.408995
2021-11-18,364.850006,365.059998,348.049988,354.489990,353000,0.000000,0.000000,364.850006,365.059998,348.049988,354.489990,327.612003,280.018401,253.588300,237.679050,342.463844,319.234711,23.229132,22.911643,0.317489,69.329026,327.612003,388.316263,266.907743,0.721385,12.334773,0.034796,-0.027329,0.043846,0.330219,0.421656,0.553622,1.103673,0.571842,-0.027329,-0.027329,1.094352,330685.000000,125134966.470000,0.334733
2021-11-19,358.820007,362.470001,350.079987,358.459991,232000,0.000000,0.000000,358.820007,362.470001,350.079987,358.459991,331.944502,282.358401,255.078000,238.533100,344.924789,322.140288,22.784502,22.886215,-0.101713,70.561508,331.944502,388.076129,275.812876,0.736190,12.338719,0.034421,0.011199,0.040039,0.341994,0.411093,0.576272,1.110823,0.570331,-0.016436,-0.016436,1.117807,334415.000000,83162717.912000,0.336489
2021-11-22,360.369995,361.390015,349.109985,349.799988,262200,0.000000,0.000000,360.369995,361.390015,349.109985,349.799988,335.689001,284.466000,256.445800,239.292000,345.674820,324.189154,21.485666,22.606105,-1.120439,64.475151,335.689001,385.428463,285.949540,0.641849,12.334527,0.035262,-0.024159,0.017570,0.286928,0.376407,0.566853,1.045375,0.585782,-0.040198,-0.040198,1.066643,338240.000000,91717556.853600,0.320816
2021-11-23,348.160004,357.079987,339.130005,344.929993,327300,0.000000,0.000000,348.160004,357.079987,339.130005,344.929993,339.132001,286.551200,257.786000,240.001200,345.560231,325.725513,19.834718,22.051828,-2.217109,61.274316,339.132001,380.287555,297.976447,0.570440,12.735631,0.036922,-0.013922,-0.036024,0.254701,0.431898,0.523408,1.037871,0.593014,-0.053560,-0.053560,1.002613,346130.000000,112895586.708900,0.383149
2021-11-24,341.070007,347.549988,336.109985,344.369995,333300,0.000000,0.000000,341.070007,347.549988,336.109985,344.369995,342.656000,288.536000,259.134500,240.712300,345.377118,327.106586,18.270532,21.295569,-3.025036,60.899921,342.656000,370.063266,315.248734,0.531269,12.643086,0.036714,-0.001624,-0.055097,0.247401,0.459875,0.501504,0.969742,0.594261,-0.055097,-0.055097,0.999361,349850.000000,114778519.333500,0.399697
2021-11-26,333.440002,341.519989,331.079987,335.829987,132600,0.000000,0.000000,333.440002,341.519989,331.079987,335.829987,343.854500,290.309800,260.416499,241.387400,343.908329,327.752763,16.155565,20.267568,-4.112003,55.346060,343.854500,367.418404,320.290596,0.329729,12.689295,0.037785,-0.024799,-0.052639,0.226149,0.396963,0.459115,0.949779,0.603917,-0.078529,-0.078529,0.937853,325785.000000,44531056.276200,0.373026
2021-11-29,330.640015,343.589996,328.239990,335.089996,226800,0.000000,0.000000,330.640015,343.589996,328.239990,335.089996,344.976999,292.115400,261.741999,242.033100,342.551662,328.296262,14.255400,19.065134,-4.809734,54.879038,344.976999,363.976976,325.977022,0.239815,12.879346,0.038435,-0.002203,-0.065196,0.074489,0.367379,0.432131,0.933583,0.384276,-0.080560,-0.080560,0.922931,321285.000000,75998411.092800,0.333517
2021-11-30,334.279999,334.529999,323.390015,331.179993,243300,0.000000,0.000000,334.279999,334.529999,323.390015,331.179993,345.129999,293.879799,262.989499,242.627250,340.802174,328.509872,12.292303,17.710568,-5.418265,52.364694,345.129999,363.600325,326.659673,0.122367,12.795105,0.038635,-0.011669,-0.053230,0.059301,0.379170,0.480200,0.897445,0.387952,-0.091288,-0.091288,0.900494,315005.000000,80576092.296900,0.360922
2021-12-01,340.450012,340.450012,316.010010,316.149994,225500,0.000000,0.000000,340.450012,340.450012,316.010010,316.149994,344.209499,295.289800,264.078499,243.171600,337.009531,327.594325,9.415206,16.051496,-6.636290,44.016374,344.209499,366.365148,322.053849,-0.133236,13.626884,0.043103,-0.045383,-0.083437,-0.036481,0.294000,0.455504,0.789292,0.383941,-0.132529,-0.132529,0.814243,304840.000000,71291823.647000,0.297614
2021-12-02,315.950012,321.390015,312.170013,319.260010,386000,0.000000,0.000000,315.950012,321.390015,312.170013,319.260010,342.926498,296.808400,265.210299,243.736550,334.278836,326.976969,7.301867,14.301570,-6.999703,45.937026,342.926498,367.723341,318.129656,0.022792,13.312106,0.041697,0.009837,-0.072916,-0.045732,0.295751,0.518839,0.829256,0.378618,-0.123995,-0.123995,0.832090,301000.000000,123234363.860000,0.292480
2021-12-03,321.630005,324.380005,313.970001,318.670013,206600,0.000000,0.000000,321.630005,324.380005,313.970001,318.670013,341.289999,298.315400,266.343300,244.267350,331.877478,326.361639,5.515840,12.544424,-7.028584,45.617292,341.289999,367.980075,314.599924,0.076247,13.104813,0.041123,-0.001848,-0.051097,-0.076105,0.278926,0.530155,0.793909,0.359235,-0.125614,-0.125614,0.828704,288985.000000,65837224.685800,0.297024
2021-12-06,322.989990,322.989990,312.350006,318.809998,237000,0.000000,0.000000,322.989990,322.989990,312.350006,318.809998,340.087000,299.826200,267.504500,244.810450,329.867097,325.802258,4.064839,10.848507,-6.783668,45.713838,340.087000,368.584905,311.589094,0.126692,12.928754,0.040553,0.000439,-0.048584,-0.092743,0.292875,0.512166,0.742131,0.350395,-0.125230,-0.125230,0.829508,279965.000000,75557969.526000,0.302578
2021-12-07,325.459991,344.450012,320.459991,335.299988,422500,0.000000,0.000000,325.459991,344.450012,320.459991,335.299988,339.251498,301.572199,268.894699,245.462750,330.702926,326.505793,4.197133,9.518232,-5.321099,55.692490,339.251498,367.253064,311.249932,0.429441,13.836701,0.041267,0.051724,0.012440,-0.022078,0.389326,0.649043,0.806865,0.392436,-0.079984,-0.079984,0.924136,279185.000000,141664244.930000,0.363141
2021-12-08,336.149994,338.000000,327.149994,330.339996,227400,0.000000,0.000000,336.149994,338.000000,327.149994,330.339996,338.796999,303.367399,270.265899,246.072150,330.647091,326.789808,3.857282,8.386042,-4.528760,52.562764,338.796999,367.080035,310.513962,0.350493,13.623366,0.041240,-0.014793,0.044884,-0.061561,0.382870,0.648650,0.749775,0.382063,-0.093593,-0.093593,0.895673,269385.000000,75119315.090400,0.347539
2021-12-09,332.029999,338.519989,328.920013,329.829987,194200,0.000000,0.000000,332.029999,338.519989,328.920013,329.829987,338.639998,305.195199,271.555299,246.705800,330.521383,327.015007,3.506376,7.410109,-3.903733,52.237696,338.639998,367.093574,310.186421,0.345186,13.335981,0.040433,-0.001544,0.033108,-0.028283,0.365982,0.603763,0.807090,0.362732,-0.094993,-0.094993,0.892746,267730.000000,64052983.475400,0.339395
2021-12-10,329.950012,334.950012,327.179993,328.709991,161100,0.000000,0.000000,329.950012,334.950012,327.179993,328.709991,338.095497,307.008799,272.809299,247.346700,330.242707,327.140561,3.102146,6.548516,-3.446371,51.484690,338.095497,366.886513,309.304481,0.337006,12.938412,0.039361,-0.003396,0.031506,-0.012794,0.344857,0.568722,0.808484,0.357001,-0.098066,-0.098066,0.886319,265205.000000,52955179.550100,0.310101
2021-12-13,333.209991,334.970001,325.149994,325.989990,200900,0.000000,0.000000,333.209991,334.970001,325.149994,325.989990,337.161996,308.675199,274.060599,247.927100,329.588443,327.055334,2.533109,5.745435,-3.212326,49.614191,337.161996,366.265820,308.058173,0.308066,12.715669,0.039006,-0.008275,0.022521,-0.040077,0.354510,0.548720,0.767554,0.350107,-0.105529,-0.105529,0.870710,258430.000000,65491388.991000,0.329538
2021-12-14,321.380005,328.149994,315.940002,320.709991,253600,0.000000,0.000000,321.380005,328.149994,315.940002,320.709991,336.009496,310.401798,275.197799,248.458449,328.222527,326.585308,1.637219,4.923792,-3.286573,46.111977,336.009496,365.829919,306.189072,0.243473,12.679549,0.039536,-0.016197,-0.043513,-0.069489,0.308326,0.525302,0.771096,0.348078,-0.120017,-0.120017,0.840411,261500.000000,81332053.717600,0.303306
2021-12-15,321.769989,327.989990,316.010010,327.589996,293500,0.000000,0.000000,321.769989,327.989990,316.010010,327.589996,334.497995,312.083998,276.419999,248.979649,328.125215,326.659730,1.465485,4.232130,-2.766645,50.968765,334.497995,362.683362,306.312628,0.377454,12.629580,0.038553,0.021452,-0.008325,-0.047039,0.325524,0.622616,0.771906,0.358416,-0.101139,-0.101139,0.879892,262120.000000,96147663.826000,0.300253
2021-12-16,336.420013,337.959991,309.070007,310.980011,361900,0.000000,0.000000,336.420013,337.959991,309.070007,310.980011,331.824495,313.327198,277.478799,249.489749,325.487491,325.498269,-0.010778,3.383549,-3.394327,41.292762,331.824495,358.128351,305.520639,0.103775,13.791037,0.044347,-0.050704,-0.057151,-0.130904,0.270291,0.535704,0.672115,0.360567,-0.146714,-0.146714,0.784575,264035.000000,112543665.980900,0.261221
2021-12-17,310.089996,313.850006,301.350006,305.029999,482000,0.000000,0.000000,310.089996,313.850006,301.350006,305.029999,329.351495,314.381198,278.482099,249.988699,322.340185,323.982101,-1.641916,2.378456,-4.020372,38.475003,329.351495,355.981106,302.721884,0.043337,13.698820,0.044910,-0.019133,-0.072039,-0.163040,0.255474,0.474073,0.650238,0.351224,-0.163040,-0.163040,0.750430,270485.000000,147024459.518000,0.224498
2021-12-20,299.500000,303.980011,288.230011,301.480011,267400,0.000000,0.000000,299.500000,303.980011,288.230011,301.480011,326.502496,315.322999,279.280099,250.445900,319.130927,322.315279,-3.184352,1.265894,-4.450246,36.858911,326.502496,352.195322,300.809671,0.013045,13.920332,0.046173,-0.011638,-0.075186,-0.149539,0.227275,0.441109,0.640351,0.344603,-0.172781,-0.172781,0.730059,272255.000000,80615754.941400,0.211370
2021-12-21,304.200012,315.980011,302.559998,315.019989,190300,0.000000,0.000000,304.200012,315.980011,302.559998,315.019989,324.763496,316.546599,280.170299,250.927949,318.498475,321.774887,-3.276412,0.357433,-3.633845,46.149677,324.763496,348.446351,301.080642,0.294292,13.961737,0.044320,0.044912,-0.017742,-0.121185,0.294620,0.503532,0.723776,0.385020,-0.135629,-0.135629,0.807759,268660.000000,59948303.906700,0.264799
2021-12-22,315.019989,317.390015,310.040009,313.760010,157300,0.000000,0.000000,315.019989,317.390015,310.040009,313.760010,323.204997,317.796199,281.065899,251.397349,317.769480,321.181193,-3.411712,-0.396396,-3.015316,45.479050,323.204997,345.352727,301.057267,0.286773,13.489471,0.042993,-0.004000,-0.042217,-0.103030,0.289495,0.502754,0.687154,0.379233,-0.139086,-0.139086,0.800528,260160.000000,49354449.573000,0.258294
2021-12-23,315.369995,325.179993,315.369995,323.529999,140400,0.000000,0.000000,315.369995,325.179993,315.369995,323.529999,322.162997,319.319399,281.946099,251.927149,318.655714,321.355178,-2.699464,-0.857010,-1.842455,51.379039,322.162997,341.953545,302.372449,0.534537,13.341650,0.041238,0.031138,0.040356,-0.062042,0.329921,0.526949,0.755834,0.397405,-0.112279,-0.112279,0.856594,250515.000000,45423611.859600,0.289671
2021-12-27,323.799988,335.350006,323.799988,333.049988,195500,0.000000,0.000000,323.799988,335.350006,323.799988,333.049988,322.023998,320.915399,282.895699,252.498649,320.870218,322.221461,-1.351243,-0.955857,-0.395386,56.337260,322.023998,341.445993,302.602002,0.783853,13.232961,0.039733,0.029425,0.091860,-0.032872,0.342943,0.570694,0.795708,0.412770,-0.086157,-0.086157,0.911225,253660.000000,65111272.654000,0.282737
2021-12-28,333.049988,336.799988,327.769989,330.190002,163600,0.000000,0.000000,333.049988,336.799988,327.769989,330.190002,321.778998,322.287999,283.819799,253.008099,322.304031,322.811723,-0.507692,-0.866224,0.358531,54.537921,321.778998,340.621999,302.935996,0.723186,12.932750,0.039168,-0.008587,0.095230,-0.016794,0.372475,0.571884,0.805995,0.404871,-0.094005,-0.094005,0.894812,250500.000000,54019084.327200,0.287573
2021-12-29,330.820007,336.970001,328.529999,335.410004,127500,0.000000,0.000000,330.820007,336.970001,328.529999,335.410004,321.990498,323.723599,284.758799,253.556349,324.320334,323.744929,0.575405,-0.577898,1.153303,57.223360,321.990498,341.365250,302.615746,0.846314,12.611839,0.037601,0.015809,0.064726,0.000955,0.406685,0.601079,0.839577,0.408704,-0.079682,-0.079682,0.924768,244710.000000,42764775.510000,0.320292
2021-12-30,336.000000,340.809998,332.630005,332.839996,137600,0.000000,0.000000,336.000000,340.809998,332.630005,332.839996,322.824998,325.162999,285.674599,254.087849,325.631051,324.418638,1.212414,-0.219836,1.432249,55.485581,322.824998,342.574653,303.075344,0.753549,12.295279,0.036941,-0.007662,0.060811,0.005012,0.398311,0.562482,0.825581,0.407452,-0.086733,-0.086733,0.910020,240315.000000,45798783.449600,0.308823
2021-12-31,331.480011,339.299988,330.450012,337.029999,236500,0.000000,0.000000,331.480011,339.299988,330.450012,337.029999,323.713498,326.573799,286.599899,254.656249,327.384736,325.352813,2.031923,0.230516,1.801407,57.738920,323.713498,344.366095,303.060901,0.822393,12.049186,0.035751,0.012589,0.041727,0.066045,0.388841,0.597980,0.864104,0.373150,-0.075237,-0.075237,0.934064,232840.000000,79707594.763500,0.314818
2022-01-03,336.440002,342.989990,310.859985,314.769989,314800,0.000000,0.000000,336.440002,342.989990,310.859985,314.769989,323.518497,327.526999,287.254499,255.135499,325.444005,324.568900,0.875106,0.359434,0.515672,44.772204,323.518497,344.443453,302.593541,0.290955,13.483530,0.042836,-0.066048,-0.054887,-0.014064,0.342990,0.502339,0.749403,0.442566,-0.136315,-0.136315,0.806324,238250.000000,99089592.537200,0.232343
2022-01-04,317.260010,322.279999,310.130005,317.829987,264600,0.000000,0.000000,317.260010,322.279999,310.130005,317.829987,323.469496,328.447399,287.946899,255.645049,324.272618,324.069721,0.202897,0.328127,-0.125230,46.549238,323.469496,344.445405,302.493587,0.365572,13.388277,0.042124,0.009721,-0.037433,-0.002636,0.305364,0.530752,0.757326,0.443869,-0.127919,-0.127919,0.823884,239630.000000,84097814.560200,0.222996
2022-01-05,314.290009,315.399994,291.079987,292.579987,430800,0.000000,0.000000,314.290009,315.399994,291.079987,292.579987,321.333496,328.800798,288.422299,256.055949,319.396829,321.737148,-2.340320,-0.205563,-2.134757,36.198830,321.333496,345.668431,296.998561,-0.090787,14.342686,0.049021,-0.079445,-0.127695,-0.082275,0.175870,0.444554,0.564515,0.522700,-0.197201,-0.197201,0.678985,240045.000000,126043458.399600,0.134616
2022-01-06,295.890015,298.399994,290.760010,294.769989,276100,0.000000,0.000000,295.890015,298.399994,290.760010,294.769989,319.554996,329.174798,288.901199,256.477549,315.608084,319.739581,-4.131497,-0.990749,-3.140747,37.496948,319.554996,346.207297,292.902694,0.035031,13.863922,0.047033,0.007485,-0.114379,-0.120877,0.168192,0.427942,0.520295,0.484845,-0.191192,-0.191192,0.691553,242480.000000,81385993.962900,0.139064
2022-01-07,294.130005,297.570007,282.339996,282.779999,287700,0.000000,0.000000,294.130005,297.570007,282.339996,282.779999,317.202496,329.352598,289.280899,256.811049,310.557609,317.001834,-6.444225,-2.081444,-4.362780,33.480549,317.202496,348.016982,286.388011,-0.058544,13.961499,0.049372,-0.040676,-0.160965,-0.143973,0.111600,0.364439,0.464119,0.499069,-0.224091,-0.224091,0.622748,247155.000000,81355805.712300,0.087158
2022-01-10,278.369995,284.910004,268.730011,284.519989,431800,0.000000,0.000000,278.369995,284.910004,268.730011,284.519989,314.992996,328.805798,289.664299,257.098199,306.551822,314.595771,-8.043950,-3.273945,-4.770004,34.575746,314.992996,348.548498,281.437495,0.045931,14.119963,0.049627,0.006153,-0.096102,-0.137374,0.120864,0.380629,0.486753,0.500818,-0.219317,-0.219317,0.632733,260690.000000,122855731.250200,0.089342
2022-01-11,285.320007,285.970001,272.510010,279.140015,333600,0.000000,0.000000,285.320007,285.970001,272.510010,279.140015,312.650497,328.135798,290.032299,257.372499,302.334621,311.969419,-9.634798,-4.546116,-5.088682,32.778722,312.650497,349.365966,275.935029,0.043646,14.072822,0.050415,-0.018909,-0.121732,-0.150802,0.110872,0.359205,0.442211,0.502476,-0.234079,-0.234079,0.601859,267325.000000,93121109.004000,0.063345
2022-01-12,283.190002,291.920013,279.179993,283.049988,270700,0.000000,0.000000,283.190002,291.920013,279.179993,283.049988,310.767497,327.234398,290.369299,257.626949,299.367754,309.827239,-10.459485,-5.728790,-4.730695,35.406271,310.767497,349.547424,271.987571,0.142631,13.980478,0.049392,0.014007,-0.032572,-0.131722,0.144237,0.396467,0.512342,0.507813,-0.223350,-0.223350,0.624297,268180.000000,76621631.751600,0.101912
2022-01-13,283.989990,285.000000,269.390015,270.700012,276000,0.000000,0.000000,283.989990,285.000000,269.390015,270.700012,307.922998,325.957198,290.535999,257.827549,294.957332,306.928926,-11.971594,-6.977351,-4.994243,31.251121,307.922998,349.734672,266.111325,0.054873,14.096871,0.052076,-0.043632,-0.081657,-0.155935,0.068904,0.379152,0.404264,0.523272,-0.257237,-0.257237,0.553426,267305.000000,74713203.312000,0.070025
2022-01-14,269.000000,277.200012,264.079987,276.600006,348200,0.000000,0.000000,269.000000,277.200012,264.079987,276.600006,306.203998,324.590798,290.760599,258.040499,292.133128,304.682339,-12.549211,-8.091723,-4.457488,35.165670,306.203998,350.253519,262.154477,0.163969,14.027096,0.050713,0.021795,-0.021854,-0.155652,0.057501,0.431529,0.423572,0.523513,-0.241048,-0.241048,0.587283,266620.000000,96312122.089200,0.057742
2022-01-18,269.839996,282.049988,267.950012,279.160004,427400,0.000000,0.000000,269.839996,282.049988,267.950012,279.160004,304.910498,323.145998,291.143299,258.238149,290.137263,302.791796,-12.654533,-9.004285,-3.650248,36.845981,304.910498,350.594189,259.226808,0.218165,14.032302,0.050266,0.009255,-0.018839,-0.102322,0.058908,0.389616,0.419650,0.501916,-0.234024,-0.234024,0.601974,263890.000000,119312985.709600,0.093186
2022-01-19,278.880005,286.070007,273.500000,282.190002,612600,0.000000,0.000000,278.880005,286.070007,273.500000,282.190002,303.945998,321.932398,291.606299,258.505749,288.914607,301.265737,-12.351130,-9.673654,-2.677476,38.865548,303.945998,350.735775,257.156220,0.267513,13.927852,0.049356,0.010854,0.010926,-0.074878,0.081727,0.387979,0.409681,0.501756,-0.225710,-0.225710,0.619362,281150.000000,172869595.225200,0.133867
2022-01-20,287.440002,296.239990,282.589996,287.010010,997300,0.000000,0.000000,287.440002,296.239990,282.589996,287.010010,302.545499,320.632398,292.072399,258.793299,288.621592,300.209757,-11.588165,-10.056556,-1.531609,42.040741,302.545499,349.615574,255.475424,0.334975,13.936576,0.048558,0.017081,0.013991,-0.047997,0.077001,0.428906,0.452480,0.505527,-0.212485,-0.212485,0.647022,321500.000000,286235082.973000,0.140993
2022-01-21,280.299988,286.820007,272.200012,272.739990,365700,0.000000,0.000000,280.299988,286.820007,272.200012,272.739990,300.494498,319.298598,292.349199,258.984299,286.178269,298.174960,-11.996691,-10.444583,-1.552108,36.068071,300.494498,349.058147,251.930849,0.214246,13.998964,0.051327,-0.049720,0.007536,-0.134214,0.021077,0.317648,0.399528,0.501517,-0.251640,-0.251640,0.565133,331920.000000,99741014.343000,0.116162
2022-01-24,275.470001,298.459991,267.010010,295.829987,611700,0.000000,0.000000,275.470001,298.459991,267.010010,295.829987,299.109497,318.555798,292.906199,259.285049,287.663149,298.001258,-10.338109,-10.423288,0.085179,48.754465,299.109497,346.472133,251.746861,0.465379,15.245465,0.051535,0.084659,0.069523,-0.057146,0.088371,0.440473,0.528363,0.592534,-0.188284,-0.188284,0.697636,355485.000000,180959203.047900,0.170216
2022-01-25,303.470001,303.470001,278.200012,285.640015,475500,0.000000,0.000000,303.470001,303.470001,278.200012,285.640015,296.738999,317.476598,293.319399,259.521649,287.351897,297.085610,-9.733713,-10.285373,0.551660,44.552731,296.738999,341.630391,251.847606,0.376380,15.961502,0.055880,-0.034445,0.023213,-0.117114,0.039031,0.392687,0.562240,0.589687,-0.216244,-0.216244,0.639160,369485.000000,135821827.132500,0.149851
2022-01-26,292.769989,299.299988,276.279999,281.230011,498200,0.000000,0.000000,292.769989,299.299988,276.279999,281.230011,294.290999,316.207998,293.667799,259.731699,286.410069,295.911122,-9.501053,-10.128509,0.627456,42.832304,294.290999,336.777112,251.804886,0.346291,16.465680,0.058549,-0.015439,-0.003402,-0.155592,0.018691,0.373864,0.613853,0.576783,-0.228344,-0.228344,0.591117,386215.000000,140108791.480200,0.129850
2022-01-27,282.619995,288.989990,263.000000,266.149994,300600,0.000000,0.000000,282.619995,288.989990,263.000000,266.149994,290.827998,314.655798,293.837599,259.870499,283.293134,293.706594,-10.413459,-10.185499,-0.227960,37.499723,290.827998,330.392410,251.263587,0.188129,17.145988,0.064422,-0.053622,-0.072680,-0.193949,-0.028260,0.200604,0.473862,0.598646,-0.269722,-0.269722,0.505799,394870.000000,80004688.196400,0.095334
2022-01-28,266.140015,270.899994,258.670013,270.320007,357200,0.000000,0.000000,266.140015,270.899994,258.670013,270.320007,287.701999,312.905798,294.074899,260.014499,281.297268,291.974254,-10.676985,-10.283796,-0.393189,39.734107,287.701999,322.932100,252.471898,0.253308,16.794845,0.062129,0.015668,-0.008873,-0.194061,-0.133201,0.196106,0.529392,0.598570,-0.258280,-0.258280,0.506213,405850.000000,96558306.500400,-0.024608
2022-01-31,270.660004,284.640015,270.239990,284.279999,257300,0.000000,0.000000,270.660004,284.640015,270.239990,284.279999,285.064499,311.302397,294.504299,260.222049,281.756150,291.404309,-9.648159,-10.156669,0.508510,46.614760,285.064499,311.561134,258.567864,0.485196,16.623786,0.058477,0.051642,-0.039043,-0.145896,-0.090711,0.267975,0.550477,0.635056,-0.219975,-0.219975,0.583997,406890.000000,73145243.742700,-0.009509
2022-02-01,289.790009,302.410004,287.500000,299.720001,661900,0.000000,0.000000,289.790009,302.410004,287.500000,299.720001,284.312000,310.206998,295.112699,260.520299,284.519819,292.020286,-7.500467,-9.625429,2.124962,53.005510,284.312000,307.957998,260.666002,0.825806,16.731373,0.055823,0.054313,0.049293,-0.110702,-0.086554,0.272642,0.594425,0.666697,-0.177610,-0.177610,0.670028,424245.000000,198384668.661900,-0.006410
2022-02-02,302.000000,304.489990,278.989990,299.000000,480200,0.000000,0.000000,302.000000,304.489990,278.989990,299.000000,283.370500,309.017798,295.688099,260.834099,286.747539,292.537302,-5.789763,-8.858295,3.068533,52.688758,283.370500,302.457207,264.283794,0.909434,17.357704,0.058053,-0.002402,0.063187,-0.050100,-0.106289,0.255828,0.666017,0.628288,-0.179586,-0.179586,0.595347,435025.000000,143579800.000000,-0.027562
2022-02-03,296.250000,296.250000,285.500000,291.000000,600000,0.000000,0.000000,296.250000,296.250000,285.500000,291.000000,283.291501,307.841798,296.153899,261.094699,287.401764,292.423428,-5.021664,-8.090969,3.069305,49.172642,283.291501,302.230217,264.352785,0.703512,17.082153,0.058702,-0.026756,0.093368,-0.084416,-0.156326,0.223820,0.552662,0.632627,-0.201537,-0.201537,0.550759,443485.000000,174600000.000000,-0.034089
2022-02-04,290.910004,295.529999,274.540009,283.829987,428100,0.000000,0.000000,290.910004,295.529999,274.540009,283.829987,282.744501,306.619798,296.585499,261.317299,286.852260,291.786877,-4.934617,-7.459699,2.525082,46.197046,282.744501,300.903194,264.585808,0.529889,17.361284,0.061168,-0.024639,0.049978,-0.029906,-0.192288,0.175231,0.512550,0.575571,-0.221210,-0.221210,0.468947,451085.000000,121507617.434700,-0.076713
2022-02-07,283.779999,286.390015,271.089996,277.859985,229300,0.000000,0.000000,283.779999,286.390015,271.089996,277.859985,282.498500,305.289598,296.912799,261.497149,285.468833,290.755255,-5.286422,-7.025043,1.738621,43.819354,282.498500,300.788003,264.208997,0.373192,17.214051,0.061952,-0.021034,-0.022583,-0.057367,-0.189605,0.151704,0.403191,0.578852,-0.237591,-0.237591,0.438050,448165.000000,63713294.560500,-0.067143
2022-02-08,277.880005,289.160004,277.880005,283.660004,186100,0.000000,0.000000,277.880005,289.160004,277.880005,283.660004,282.455501,304.246198,297.277999,261.726399,285.190552,290.229681,-5.039129,-6.627860,1.588731,46.690063,282.455501,300.729029,264.181972,0.532958,16.791620,0.059196,0.020874,-0.053583,0.003112,-0.194171,0.160164,0.396721,0.566415,-0.221677,-0.221677,0.468068,435880.000000,52789126.744400,-0.082303
2022-02-09,287.809998,295.429993,285.609985,290.380005,244600,0.000000,0.000000,287.809998,295.429993,285.609985,290.380005,283.017500,303.351998,297.733699,261.973299,285.988929,290.240816,-4.251887,-6.152666,1.900779,49.885225,283.017500,301.551209,264.483792,0.698625,16.432932,0.056591,0.023690,-0.028829,0.020596,-0.144507,0.164735,0.436458,0.571757,-0.203238,-0.203238,0.502847,431430.000000,71026949.223000,-0.056623
2022-02-10,280.109985,293.369995,278.290009,280.149994,235100,0.000000,0.000000,280.109985,293.369995,278.290009,280.149994,282.872501,302.331398,298.105599,262.204549,285.090631,289.493348,-4.402716,-5.802676,1.399960,45.422060,282.872501,301.450463,264.294538,0.426728,16.336293,0.058313,-0.035230,-0.037285,0.003618,-0.158633,0.126956,0.395100,0.581833,-0.231307,-0.231307,0.449902,429650.000000,65863263.589400,-0.066647
2022-02-11,274.579987,279.970001,259.589996,264.709991,629100,0.000000,0.000000,274.579987,279.970001,259.589996,264.709991,282.573000,301.302598,298.296199,262.330099,281.955148,287.657544,-5.702395,-5.782620,0.080224,39.655342,282.573000,302.143824,263.002175,0.043632,16.637987,0.062854,-0.055113,-0.067364,-0.064794,-0.220524,0.080273,0.285312,0.610628,-0.273673,-0.273673,0.369993,447305.000000,166529055.338100,-0.098702
2022-02-14,263.279999,275.459991,263.279999,268.820007,389600,0.000000,0.000000,263.279999,275.459991,263.279999,268.820007,282.184000,300.293798,298.551099,262.501699,279.934357,286.262170,-6.327813,-5.891658,-0.436155,41.774465,282.184000,302.547916,261.820083,0.171871,16.319558,0.060708,0.015526,-0.032534,-0.006945,-0.220043,0.088869,0.265929,0.594578,-0.262395,-0.262395,0.391264,449375.000000,104732274.727200,-0.089531
2022-02-15,275.149994,279.500000,274.470001,277.029999,144600,0.000000,0.000000,275.149994,279.500000,274.470001,277.029999,282.077499,299.460998,298.888199,262.709949,279.487533,285.578306,-6.090773,-5.931481,-0.159292,45.864118,282.077499,302.530092,261.624907,0.376605,15.916732,0.057455,0.030541,-0.023373,0.001555,-0.194118,0.131612,0.336501,0.599309,-0.239868,-0.239868,0.433754,435235.000000,40058537.855400,-0.086000
2022-02-16,273.850006,275.820007,267.429993,274.750000,156200,0.000000,0.000000,273.850006,275.820007,267.429993,274.750000,281.705499,298.579798,299.202999,262.904249,278.758682,284.776209,-6.017527,-5.948691,-0.068837,44.920504,281.705499,302.418462,260.992536,0.332098,15.465538,0.056289,-0.008230,-0.053826,-0.015797,-0.232156,0.116053,0.331992,0.599243,-0.246124,-0.246124,0.421954,412415.000000,42915950.000000,-0.116356
2022-02-17,273.019989,273.019989,267.320007,267.970001,290300,0.000000,0.000000,273.019989,273.019989,267.320007,267.970001,280.753499,297.233198,299.402699,263.053549,277.098885,283.531305,-6.432420,-6.045436,-0.386984,42.143771,280.753499,302.177919,259.329079,0.201661,14.891570,0.055572,-0.024677,-0.043477,-0.050392,-0.264728,0.105761,0.260976,0.603694,-0.264728,-0.264728,0.386865,377065.000000,77791691.290300,-0.126246
2022-02-18,268.019989,272.380005,266.760010,267.940002,311900,0.000000,0.000000,268.019989,272.380005,266.760010,267.940002,280.513499,295.985198,299.676299,263.210049,275.689826,282.376394,-6.686568,-6.173663,-0.512905,42.131361,280.513499,302.418053,258.608946,0.212994,14.229315,0.053106,-0.000112,0.012202,-0.066444,-0.244154,0.074554,0.274751,0.599853,-0.264810,-0.264810,0.386709,374375.000000,83570486.623800,-0.091241
2022-02-22,263.290009,268.829987,255.589996,257.070007,420500,0.000000,0.000000,263.290009,268.829987,255.589996,257.070007,278.575500,294.529999,299.862599,263.270899,272.825238,280.501846,-7.676608,-6.474252,-1.202356,37.789267,278.575500,301.603998,255.547003,0.033068,14.158649,0.055077,-0.040569,-0.043710,-0.057454,-0.282849,0.011967,0.254980,0.591576,-0.294636,-0.294636,0.330452,364815.000000,108097937.943500,-0.116202
2022-02-23,261.850006,263.119995,256.250000,256.260010,200000,0.000000,0.000000,261.850006,263.119995,256.250000,256.260010,277.106500,293.080999,300.044899,263.358149,270.276742,278.706155,-8.429413,-6.865284,-1.564129,37.479294,277.106500,301.916919,252.296082,0.079884,13.638031,0.053220,-0.003151,-0.074974,-0.133759,-0.267410,0.008342,0.229301,0.500374,-0.296858,-0.296858,0.326260,351040.000000,51252002.000000,-0.089718
2022-02-24,246.729996,265.160004,234.860001,264.489990,222700,0.000000,0.000000,246.729996,265.160004,234.860001,264.489990,276.269499,291.850999,300.263099,263.466099,269.386472,277.653106,-8.266633,-7.145554,-1.121079,42.628624,276.269499,301.617837,250.921161,0.267647,14.828171,0.056063,0.032116,-0.037343,-0.074044,-0.233207,0.097970,0.302265,0.506358,-0.274276,-0.274276,0.368854,337265.000000,58901920.773000,-0.087309
2022-02-25,263.649994,275.070007,263.369995,274.480011,206600,0.000000,0.000000,263.649994,275.070007,263.369995,274.480011,276.686000,290.926400,300.664099,263.697149,270.170094,277.418062,-7.247968,-7.166037,-0.081931,48.205174,276.686000,301.604330,251.767670,0.455736,14.604732,0.053209,0.037771,0.024294,-0.024002,-0.202950,0.163593,0.368773,0.523378,-0.246865,-0.246865,0.420557,332565.000000,56707570.272600,-0.067224
2022-02-28,270.350006,289.250000,270.350006,287.230011,412900,0.000000,0.000000,270.350006,289.250000,270.350006,287.230011,277.531500,290.119200,301.101599,263.954799,272.794696,278.144873,-5.350176,-6.802865,1.452688,54.309338,277.531500,302.686757,252.376243,0.692773,14.911536,0.051915,0.046451,0.071994,0.079204,-0.144716,0.194800,0.368348,0.510376,-0.211881,-0.211881,0.486544,335350.000000,118597271.541900,-0.032381
2022-03-01,285.399994,292.730011,281.040009,283.269989,309800,0.000000,0.000000,285.399994,292.730011,281.040009,283.269989,277.481000,289.564999,301.446099,264.151099,274.406280,278.524511,-4.118231,-6.265938,2.147707,52.249678,277.481000,302.583212,252.378788,0.615308,14.681426,0.051828,-0.013787,0.101918,0.047906,-0.154645,0.155921,0.320976,0.512180,-0.222747,-0.222747,0.466049,337975.000000,87757042.592200,-0.012062
2022-03-02,286.630005,295.230011,286.630005,287.790009,266500,0.000000,0.000000,286.630005,295.230011,286.630005,287.790009,276.884500,289.220200,301.800699,264.387099,276.465315,279.210844,-2.745529,-5.561856,2.816327,54.376528,276.884500,300.269881,253.499119,0.733169,14.487040,0.050339,0.015957,0.123039,0.012347,-0.131016,0.198476,0.288516,0.483342,-0.210344,-0.210344,0.489442,318205.000000,76696037.398500,-0.016091
2022-03-03,285.839996,292.170013,277.630005,280.260010,264300,0.000000,0.000000,285.839996,292.170013,277.630005,280.260010,275.947501,288.795800,302.059399,264.617149,277.049114,279.288560,-2.239446,-4.897374,2.657928,50.352845,275.947501,296.985815,254.909186,0.602492,14.490824,0.051705,-0.026165,0.059624,-0.064927,-0.113522,0.147102,0.341214,0.450857,-0.231006,-0.231006,0.450471,307410.000000,74072720.643000,-0.001020
2022-03-04,281.010010,281.209991,261.489990,264.700012,377100,0.000000,0.000000,281.010010,281.209991,261.489990,264.700012,274.632501,287.789400,302.167999,264.803449,275.149252,278.207927,-3.058675,-4.529634,1.470960,43.233613,274.632501,294.985928,254.279074,0.256000,14.864336,0.056155,-0.055520,-0.035631,-0.114716,-0.170895,0.074313,0.289710,0.486403,-0.273700,-0.273700,0.369941,296265.000000,99818374.525200,-0.036454
2022-03-07,269.869995,292.450012,243.289993,245.479996,367900,0.000000,0.000000,269.869995,292.450012,243.289993,245.479996,272.715002,286.423800,302.109999,264.893749,270.584751,275.783636,-5.198884,-4.663484,-0.535400,36.389541,272.715002,296.377022,249.052982,-0.075500,17.314028,0.070531,-0.072611,-0.145354,-0.156426,-0.229673,-0.014809,0.168730,0.535324,-0.326437,-0.326437,0.270469,293255.000000,90312090.528400,-0.080224
2022-03-08,248.020004,260.940002,243.960007,252.240005,195900,0.000000,0.000000,248.020004,260.940002,243.960007,252.240005,271.434003,284.998000,302.158699,265.014100,267.762483,274.039663,-6.277180,-4.986223,-1.290957,39.987944,271.434003,296.646442,246.221564,0.119355,17.290169,0.068546,0.027538,-0.109542,-0.111299,-0.208808,0.022913,0.153836,0.544730,-0.307889,-0.307889,0.305455,291585.000000,49413816.979500,-0.049230
2022-03-09,260.559998,273.679993,257.630005,269.739990,266800,0.000000,0.000000,260.559998,273.679993,257.630005,269.739990,270.738002,283.731800,302.323599,265.225749,268.066715,273.721169,-5.654454,-5.119870,-0.534585,48.163088,270.738002,295.289237,246.186767,0.479675,17.586584,0.065198,0.069378,-0.062719,-0.029223,-0.195526,0.117676,0.226760,0.598641,-0.259871,-0.259871,0.396025,295620.000000,71966629.332000,-0.040533
2022-03-10,262.440002,269.769989,259.299988,267.790009,184000,0.000000,0.000000,262.440002,269.769989,259.299988,267.790009,269.608502,282.483800,302.385899,265.448449,268.024144,273.281824,-5.257679,-5.147431,-0.110248,47.388436,269.608502,292.368078,246.848927,0.460050,17.078257,0.063775,-0.007229,-0.044494,-0.055947,-0.189350,0.121023,0.230822,0.593759,-0.265222,-0.265222,0.385933,292590.000000,49273361.656000,-0.021045
2022-03-11,274.390015,274.390015,260.450012,261.350006,202800,0.000000,0.000000,274.390015,274.390015,260.450012,261.350006,268.668503,281.002600,302.363099,265.623100,266.997354,272.397985,-5.400631,-5.198071,-0.202560,44.824271,268.668503,291.146092,246.190914,0.337205,16.854096,0.064489,-0.024049,-0.012656,-0.099972,-0.207622,0.082374,0.194743,0.590686,-0.282892,-0.282892,0.352603,290975.000000,53001781.216800,-0.035327
2022-03-14,262.750000,265.500000,246.979996,251.029999,300800,0.000000,0.000000,262.750000,265.500000,246.979996,251.029999,267.984503,279.366400,302.264699,265.731499,264.540838,270.815171,-6.274334,-5.413324,-0.861010,40.996072,267.984503,291.764147,244.204859,0.143508,16.973089,0.067614,-0.039487,0.022609,-0.103944,-0.236318,0.027044,0.099562,0.593668,-0.311209,-0.311209,0.299193,274560.000000,75509823.699200,-0.041227
2022-03-15,254.190002,260.179993,249.839996,258.790009,326500,0.000000,0.000000,254.190002,260.179993,249.839996,258.790009,267.483003,277.801600,302.187700,265.874650,263.656095,269.924419,-6.268324,-5.584324,-0.684000,44.812762,267.483003,291.608989,243.357018,0.319842,16.499297,0.063756,0.030913,0.025967,-0.022364,-0.206141,0.075290,0.146306,0.575864,-0.289916,-0.289916,0.339354,271405.000000,84494937.938500,-0.046236
2022-03-16,264.220001,282.859985,263.320007,280.579987,334400,0.000000,0.000000,264.220001,282.859985,263.320007,280.579987,267.660503,277.117800,302.322400,266.107649,266.259771,270.713720,-4.453949,-5.358249,0.904300,53.841670,267.660503,292.131993,243.189012,0.763970,17.040060,0.060732,0.084199,0.040187,0.043747,-0.125129,0.144617,0.238545,0.644868,-0.230128,-0.230128,0.452127,280895.000000,93825947.652800,-0.006929
2022-03-17,276.140015,283.320007,274.940002,282.309998,180300,0.000000,0.000000,276.140015,283.320007,274.940002,282.309998,268.038503,276.407401,302.427400,266.400499,268.729036,271.572704,-2.843667,-4.855333,2.011665,54.478451,268.038503,293.195043,242.881962,0.783654,16.421484,0.058168,0.006166,0.054222,0.019059,-0.138222,0.142308,0.263980,0.637149,-0.225381,-0.225381,0.461081,282100.000000,50900492.639400,-0.012894
2022-03-18,280.130005,294.049988,278.010010,292.019989,473600,0.000000,0.000000,280.130005,294.049988,278.010010,292.019989,269.241002,276.396201,302.598499,266.774549,272.312260,273.087317,-0.775057,-4.039278,3.264220,57.982165,269.241002,296.587634,241.894370,0.916486,16.394234,0.056141,0.034395,0.117352,0.062857,-0.060969,0.192843,0.333912,0.645861,-0.198738,-0.198738,0.511334,291265.000000,138300666.790400,0.023785
2022-03-21,286.179993,291.220001,274.029999,281.140015,220500,0.000000,0.000000,286.179993,291.220001,274.029999,281.140015,269.901003,276.123601,302.649200,267.129249,273.670376,273.683813,-0.013437,-3.234110,3.220672,53.054642,269.901003,297.748004,242.054001,0.701799,16.508217,0.058719,-0.037258,0.119946,0.049147,-0.078320,0.157145,0.302056,0.654239,-0.228591,-0.228591,0.455025,286695.000000,61991373.307500,0.009435
2022-03-22,281.250000,288.559998,280.690002,286.790009,379100,0.000000,0.000000,281.250000,288.559998,280.690002,286.790009,271.387003,276.203801,302.778200,267.521900,275.688781,274.654643,1.034138,-2.380460,3.414598,55.184578,271.387003,299.521469,243.252537,0.773739,15.891201,0.055411,0.020097,0.108196,0.070352,-0.048726,0.167474,0.363070,0.656733,-0.213088,-0.213088,0.484267,284625.000000,108722092.411900,0.009489
2022-03-23,283.589996,283.589996,270.859985,271.250000,148000,0.000000,0.000000,283.589996,283.589996,270.859985,271.250000,272.136502,275.938402,302.372100,267.823999,275.005892,274.402447,0.603445,-1.783679,2.387124,48.646986,272.136502,299.358056,244.914948,0.483717,15.893974,0.058595,-0.054186,-0.033253,0.055160,-0.138944,0.114741,0.288905,0.669952,-0.255728,-0.255728,0.403840,282025.000000,40145000.000000,-0.046480
2022-03-24,275.779999,278.390015,268.239990,277.690002,219300,0.000000,0.000000,275.779999,278.390015,268.239990,277.690002,272.796503,275.909401,302.022600,268.195799,275.418832,274.645970,0.772862,-1.272371,2.045233,51.225742,272.796503,299.877169,245.715836,0.590350,15.483692,0.055759,0.023742,-0.016365,0.083626,-0.114961,0.141254,0.285126,0.673105,-0.238057,-0.238057,0.437170,281855.000000,60897417.438600,-0.029272
2022-03-25,278.059998,279.630005,256.790009,263.910004,453600,0.000000,0.000000,278.059998,279.630005,256.790009,263.910004,272.268002,275.526602,301.380500,268.513500,273.648243,273.850713,-0.202470,-1.058391,0.855921,45.912901,272.268002,299.621522,244.914483,0.347223,16.009142,0.060661,-0.049624,-0.096260,-0.002193,-0.184280,0.084844,0.162138,0.690470,-0.275868,-0.275868,0.365852,294205.000000,119709577.814400,-0.089471
2022-03-28,266.239990,271.079987,259.230011,270.239990,354300,0.000000,0.000000,266.239990,271.079987,259.230011,270.239990,271.418501,275.517401,300.737300,268.836399,273.123896,273.583252,-0.459356,-0.938584,0.479228,48.552518,271.418501,297.855475,244.981528,0.477711,15.712059,0.058141,0.023985,-0.038771,-0.015447,-0.188590,0.089677,0.204922,0.682776,-0.258499,-0.258499,0.398613,291275.000000,95746028.457000,-0.093049
2022-03-29,275.570007,277.420013,268.510010,274.799988,378800,0.000000,0.000000,275.570007,277.420013,268.510010,274.799988,270.995001,275.481401,300.036099,269.162699,273.381757,273.673381,-0.291624,-0.809192,0.517568,50.429321,270.995001,296.898584,245.091419,0.573445,15.226198,0.055408,0.016874,-0.041808,-0.043276,-0.167752,0.142240,0.183666,0.664953,-0.245987,-0.245987,0.422213,294725.000000,104094235.454400,-0.094117
2022-03-30,274.739990,274.739990,257.470001,261.309998,430500,0.000000,0.000000,274.739990,274.739990,257.470001,261.309998,269.671001,275.124401,299.135199,269.416799,271.524563,272.757574,-1.233011,-0.893956,-0.339056,45.178600,269.671001,294.650557,244.691445,0.332643,15.376468,0.058844,-0.049090,-0.036645,-0.077523,-0.220924,0.095915,0.133273,0.684290,-0.283002,-0.283002,0.352396,302925.000000,112493954.139000,-0.136950
2022-03-31,265.059998,268.769989,243.789993,243.820007,895900,0.000000,0.000000,265.059998,268.769989,243.789993,243.820007,267.849001,274.357001,298.144699,269.584599,267.262324,270.614051,-3.351727,-1.385510,-1.966217,39.444272,267.849001,294.813498,240.884503,0.054433,16.062435,0.065878,-0.066932,-0.121971,-0.152785,-0.267456,0.024325,0.041921,0.714986,-0.330992,-0.330992,0.261878,334505.000000,218438344.271300,-0.170830
2022-04-01,245.970001,248.729996,226.009995,233.720001,1237600,0.000000,0.000000,245.970001,248.729996,226.009995,233.720001,266.300000,273.291201,296.961799,269.743749,262.101966,267.881158,-5.779192,-2.264246,-3.514946,36.558545,266.300000,297.285681,235.314319,-0.025727,16.537975,0.070760,-0.041424,-0.114395,-0.166060,-0.306531,-0.036881,-0.024663,0.722086,-0.358705,-0.358705,0.209606,377530.000000,289251873.237600,-0.218102
2022-04-04,239.850006,239.850006,225.949997,235.550003,684900,0.000000,0.000000,239.850006,239.850006,225.949997,235.550003,265.803500,272.547401,295.922999,269.908999,258.017049,265.486258,-7.469209,-3.305239,-4.163970,37.451446,265.803500,298.466673,233.140328,0.036887,16.349549,0.069410,0.007830,-0.128367,-0.110125,-0.251676,0.004992,0.030087,0.702215,-0.353684,-0.353684,0.219077,393380.000000,161328197.054700,-0.169552
2022-04-05,236.399994,237.169998,220.309998,221.770004,747300,0.000000,0.000000,236.399994,237.169998,220.309998,221.770004,264.280000,271.066201,294.810999,269.983200,252.440580,262.248017,-9.807437,-4.605678,-5.201758,33.614869,264.280000,302.050088,226.509912,-0.062747,16.386010,0.073887,-0.058501,-0.192977,-0.096586,-0.302237,-0.089165,-0.033682,0.686525,-0.391494,-0.391494,0.147759,420950.000000,165728723.989200,-0.211437
2022-04-06,218.020004,219.889999,208.470001,211.500000,659700,0.000000,0.000000,218.020004,219.889999,208.470001,211.500000,261.368001,269.583401,293.529999,269.994700,246.142030,258.488905,-12.346875,-6.153918,-6.192957,31.061010,261.368001,305.764717,216.971285,-0.061618,16.165581,0.076433,-0.046309,-0.190617,-0.161513,-0.277121,-0.149988,-0.098235,0.691509,-0.419673,-0.419673,0.094607,440595.000000,139526550.000000,-0.196900
2022-04-07,211.699997,214.220001,200.500000,206.059998,984800,0.000000,0.000000,211.699997,214.220001,200.500000,206.059998,258.281500,268.080001,292.143999,269.977400,239.975563,254.605282,-14.629719,-7.849078,-6.780641,29.770775,258.281500,308.939857,207.623144,-0.015428,15.990896,0.077603,-0.025721,-0.154868,-0.236079,-0.300946,-0.183371,-0.125679,0.634496,-0.434600,-0.434600,0.066453,480635.000000,202927886.030400,-0.222466
2022-04-08,203.240005,206.449997,194.029999,202.679993,877500,0.000000,0.000000,203.240005,206.449997,194.029999,202.679993,255.348000,266.810601,290.733199,269.946850,234.237783,250.758964,-16.521181,-9.583499,-6.937682,28.965693,255.348000,311.729747,198.966253,0.032934,15.735832,0.077639,-0.016403,-0.132809,-0.243138,-0.283259,-0.203271,-0.149547,0.634426,-0.443874,-0.443874,0.048960,514370.000000,177851693.857500,-0.201249
2022-04-11,201.389999,208.000000,199.649994,203.410004,480400,0.000000,0.000000,201.389999,208.000000,199.649994,203.410004,252.967000,265.472401,289.189099,269.904500,229.495048,247.251634,-17.756586,-11.218116,-6.538470,29.409702,252.967000,313.950706,191.983294,0.093687,15.208273,0.074767,0.003602,-0.136447,-0.221695,-0.285077,-0.198668,-0.149695,0.635270,-0.441871,-0.441871,0.052738,523350.000000,97718165.921600,-0.182628
2022-04-12,205.279999,210.020004,202.169998,203.830002,489300,0.000000,0.000000,205.279999,210.020004,202.169998,203.830002,250.219000,263.863401,287.582899,269.863450,225.546579,244.035217,-18.488637,-12.672220,-5.816417,29.682030,250.219000,314.936712,185.501287,0.141605,14.682683,0.072034,0.002065,-0.080895,-0.188025,-0.269793,-0.188833,-0.144973,0.628143,-0.440719,-0.440719,0.054912,531490.000000,99734019.978600,-0.152204
2022-04-13,204.869995,209.630005,204.100006,208.940002,266500,0.000000,0.000000,204.869995,209.630005,204.100006,208.940002,246.637000,262.047801,286.127399,269.857850,222.991721,241.435571,-18.443850,-13.826546,-4.617304,33.065452,246.637000,312.203949,181.070052,0.212530,14.048206,0.067236,0.025070,-0.012104,-0.192627,-0.261826,-0.155354,-0.134896,0.623761,-0.426698,-0.426698,0.081358,528095.000000,55682510.533000,-0.160117
2022-04-14,206.759995,207.250000,198.360001,199.729996,565300,0.000000,0.000000,206.759995,207.250000,198.360001,199.729996,242.508000,260.062401,284.540099,269.809050,219.412994,238.346269,-18.933275,-14.847892,-4.085383,30.241146,242.508000,309.010234,176.005766,0.178372,13.800477,0.069096,-0.044080,-0.030719,-0.288153,-0.262172,-0.211333,-0.177287,0.532887,-0.451969,-0.451969,0.033692,547345.000000,112907366.738800,-0.163857
2022-04-18,197.000000,198.320007,192.169998,197.259995,450600,0.000000,0.000000,197.000000,198.320007,192.169998,197.259995,237.770001,258.187600,283.014699,269.730250,216.004841,235.302841,-19.298001,-15.737914,-3.560087,29.513075,237.770001,302.908026,172.631975,0.189045,13.354728,0.067701,-0.012367,-0.026742,-0.301265,-0.286840,-0.245833,-0.178323,0.527226,-0.458746,-0.458746,0.020909,546195.000000,88885353.747000,-0.182005
2022-04-19,199.369995,208.720001,198.619995,206.940002,485100,0.000000,0.000000,199.369995,208.720001,198.619995,206.940002,234.060000,256.649801,281.634799,269.710399,214.610250,233.201890,-18.591640,-16.308659,-2.282981,36.014658,234.060000,297.219480,170.900520,0.285305,13.219391,0.063880,0.049072,0.017354,-0.291350,-0.258705,-0.215036,-0.124026,0.547117,-0.432185,-0.432185,0.071007,559425.000000,100386594.970200,-0.197545
2022-04-20,207.949997,214.929993,207.639999,212.300003,590800,0.000000,0.000000,207.949997,214.929993,207.639999,212.300003,230.335500,255.338601,280.314099,269.724299,214.254827,231.653602,-17.398775,-16.526682,-0.872093,39.350545,230.335500,289.029936,171.641063,0.346361,12.845862,0.060508,0.025901,0.041554,-0.244860,-0.247670,-0.186185,-0.111269,0.559360,-0.417478,-0.417478,0.098748,570010.000000,125426841.772400,-0.185803
2022-04-21,217.880005,220.580002,208.419998,209.320007,494700,0.000000,0.000000,217.880005,220.580002,208.419998,209.320007,227.239000,253.851801,279.049000,269.732750,213.495624,229.999262,-16.503638,-16.522073,0.018436,38.159391,227.239000,283.321296,171.156704,0.340244,12.796872,0.061135,-0.014037,0.001819,-0.270128,-0.270687,-0.214530,-0.125319,0.546504,-0.425655,-0.425655,0.083325,587345.000000,103550607.462900,-0.201494
2022-04-22,210.509995,212.470001,205.339996,207.119995,353100,0.000000,0.000000,210.509995,212.470001,205.339996,207.119995,223.710500,252.186601,277.769300,269.755650,212.514758,228.304502,-15.789743,-16.375607,0.585864,37.262614,223.710500,275.112482,172.308517,0.338620,12.392096,0.059831,-0.010510,0.037000,-0.236424,-0.240595,-0.224589,-0.143743,0.526944,-0.431692,-0.431692,0.071939,594035.000000,73134070.234500,-0.173079
2022-04-25,203.410004,215.320007,203.000000,215.059998,429300,0.000000,0.000000,203.410004,215.320007,203.000000,215.059998,221.267999,250.884801,276.608100,269.798800,212.906334,227.323427,-14.417094,-15.983905,1.566811,42.513462,221.267999,269.148976,173.387022,0.435173,12.386947,0.057598,0.038335,0.090236,-0.225539,-0.273028,-0.208786,-0.095665,0.541714,-0.409905,-0.409905,0.113032,592820.000000,92325257.141400,-0.211659
2022-04-26,214.009995,217.419998,203.360001,204.630005,384900,0.000000,0.000000,214.009995,217.419998,203.360001,204.630005,217.987500,249.683201,275.492900,269.785700,211.633052,225.642433,-14.009381,-15.589000,1.579619,38.012758,217.987500,260.421663,175.553337,0.342609,12.506451,0.061117,-0.048498,-0.011163,-0.224622,-0.283609,-0.255647,-0.150913,0.540730,-0.438524,-0.438524,0.059052,594350.000000,78762088.924500,-0.206164
2022-04-27,202.830002,208.160004,193.429993,196.759995,571900,0.000000,0.000000,202.830002,208.160004,193.429993,196.759995,214.085500,248.242001,274.267900,269.739100,209.344890,223.502993,-14.158104,-15.302821,1.144717,35.001701,214.085500,248.025269,180.145732,0.244761,12.665276,0.064369,-0.038460,-0.073198,-0.271906,-0.300359,-0.287282,-0.158786,0.532324,-0.460118,-0.460118,0.018321,604005.000000,112527041.140500,-0.222588
2022-04-28,201.940002,214.320007,196.550003,212.720001,614700,0.000000,0.000000,201.940002,214.320007,196.550003,212.720001,211.656001,246.955801,273.208400,269.775850,209.864138,222.704253,-12.840115,-14.810280,1.970164,44.587717,211.656001,237.306381,186.005620,0.520740,13.029900,0.061254,0.081114,0.016243,-0.225910,-0.200751,-0.223338,-0.112187,0.619362,-0.416326,-0.416326,0.100921,613215.000000,130758984.614700,-0.164710
2022-04-29,210.889999,217.979996,205.350006,205.960007,604900,0.000000,0.000000,210.889999,217.979996,205.350006,205.960007,209.763001,245.580001,272.079900,269.792200,209.263502,221.463938,-12.200436,-14.288311,2.087875,41.777277,209.763001,230.544959,188.981042,0.408503,13.001335,0.063126,-0.031779,-0.005601,-0.211817,-0.238088,-0.339575,-0.121706,0.608902,-0.434874,-0.434874,0.065935,598665.000000,124585208.234300,-0.133813
2022-05-02,205.270004,214.770004,195.809998,208.889999,889000,0.000000,0.000000,205.270004,214.770004,195.809998,208.889999,208.521500,244.398401,270.815800,269.855250,209.206040,220.532536,-11.326495,-13.695948,2.369452,43.441315,208.521500,225.978059,191.064941,0.510555,13.426954,0.064278,0.014226,-0.028690,-0.143261,-0.265196,-0.331851,-0.112541,0.578392,-0.426835,-0.426835,0.081099,581235.000000,185703209.111000,-0.145542
2022-05-03,212.529999,212.529999,203.839996,210.910004,551400,0.000000,0.000000,212.529999,212.529999,203.839996,210.910004,207.289500,243.257801,269.621500,269.943700,209.468188,219.819755,-10.351567,-13.027072,2.675505,44.616541,207.289500,219.361939,195.217062,0.649949,13.088600,0.062058,0.009670,0.030690,-0.097595,-0.296310,-0.357217,-0.105897,0.566714,-0.421292,-0.421292,0.091554,574560.000000,116295776.205600,-0.172077
2022-05-04,209.250000,228.779999,209.199997,225.889999,637300,0.000000,0.000000,209.250000,228.779999,209.199997,225.889999,207.495500,242.634201,268.582100,270.068700,211.994621,220.269403,-8.274782,-12.076614,3.801831,52.499109,207.495500,220.696200,194.294800,1.196724,13.552272,0.059995,0.071026,0.148048,-0.041010,-0.244515,-0.324815,-0.051321,0.623191,-0.380189,-0.380189,0.169082,569060.000000,143959696.362700,-0.143757
2022-05-05,220.169998,221.690002,211.910004,218.199997,388900,0.000000,0.000000,220.169998,221.690002,211.910004,218.199997,207.830500,241.873001,267.477000,270.143150,212.949294,220.116114,-7.166820,-11.094655,3.927835,48.669585,207.830500,221.778022,193.882978,0.871733,13.582824,0.062249,-0.034043,0.025762,-0.016098,-0.250172,-0.367390,-0.077924,0.600224,-0.401290,-0.401290,0.129283,555520.000000,84857978.833300,-0.137689
2022-05-06,215.270004,224.910004,208.309998,216.929993,529700,0.000000,0.000000,215.270004,224.910004,208.309998,216.929993,208.374000,240.921801,266.386400,270.223500,213.561709,219.880105,-6.318396,-10.139403,3.821008,48.046258,208.374000,222.867496,193.880504,0.795167,13.798337,0.063607,-0.005820,0.053263,0.025674,-0.235704,-0.382669,-0.114210,0.576883,-0.404774,-0.404774,0.122710,532765.000000,114907817.292100,-0.097149
2022-05-09,209.949997,216.000000,209.429993,210.779999,455200,0.000000,0.000000,209.949997,216.000000,209.429993,210.779999,208.779000,239.647801,265.287100,270.242450,213.133754,219.206023,-6.072269,-9.325976,3.253707,45.038154,208.779000,223.053588,194.504412,0.570090,13.348455,0.063329,-0.028350,0.009048,0.022906,-0.241417,-0.385248,-0.117374,0.578534,-0.421649,-0.421649,0.090881,511650.000000,95947055.544800,-0.070720
2022-05-10,216.130005,221.550003,204.119995,214.490005,583700,0.000000,0.000000,216.130005,221.550003,204.119995,214.490005,209.333000,238.193001,264.156100,270.288050,213.342408,218.856688,-5.514280,-8.563637,3.049357,47.186303,209.333000,223.590257,195.075743,0.680855,13.639995,0.063593,0.017601,0.016974,0.058269,-0.243848,-0.390671,-0.116962,0.577117,-0.411469,-0.411469,0.110082,516815.000000,125197815.918500,-0.070768
2022-05-11,211.440002,218.539993,204.000000,206.610001,455200,0.000000,0.000000,211.440002,218.539993,204.000000,206.610001,209.472000,236.659801,263.112400,270.295600,212.306653,217.949526,-5.642873,-7.979484,2.336611,43.314011,209.472000,223.556518,195.387482,0.398399,13.704281,0.066329,-0.036738,-0.085351,0.015732,-0.288484,-0.391303,-0.094888,0.593554,-0.433091,-0.433091,0.069299,515110.000000,94048872.455200,-0.072746
2022-05-12,202.139999,208.699997,195.009995,205.199997,501300,0.000000,0.000000,202.139999,208.699997,195.009995,205.199997,209.285000,235.008001,262.114100,270.298100,211.213321,217.005117,-5.791795,-7.541947,1.750151,42.639724,209.285000,223.497985,195.072015,0.356293,13.703261,0.066780,-0.006824,-0.059578,0.006721,-0.267535,-0.383728,-0.129402,0.594227,-0.436960,-0.436960,0.062002,526850.000000,102866758.496100,-0.069118
2022-05-13,207.919998,218.600006,207.770004,215.050003,681100,0.000000,0.000000,207.919998,218.600006,207.770004,215.050003,210.051000,233.703800,261.249800,270.264950,211.803580,216.860293,-5.056713,-7.044900,1.988187,48.653266,210.051000,223.737294,196.364707,0.682628,13.681600,0.063621,0.048002,-0.008666,0.029243,-0.187601,-0.366755,-0.118684,0.611015,-0.409933,-0.409933,0.112980,532640.000000,146470557.043300,-0.043585
2022-05-16,213.070007,213.089996,198.050003,199.470001,394700,0.000000,0.000000,213.070007,213.089996,198.050003,199.470001,210.161501,232.399200,260.094300,270.132300,209.906106,215.572124,-5.666017,-6.769123,1.103106,41.281230,210.161501,223.442654,196.880347,0.097494,13.918628,0.069778,-0.072448,-0.053658,-0.001302,-0.257979,-0.421256,-0.170913,0.644971,-0.452682,-0.452682,0.032347,529845.000000,78730809.394700,-0.103665
2022-05-17,206.000000,208.960007,198.929993,207.440002,308800,0.000000,0.000000,206.000000,208.960007,198.929993,207.440002,210.186501,231.638400,259.031100,270.048500,209.526706,214.969744,-5.443039,-6.503906,1.060868,45.805093,210.186501,223.443983,196.929018,0.396417,13.640870,0.065758,0.039956,-0.032869,0.051607,-0.251200,-0.396556,-0.114450,0.656953,-0.430814,-0.430814,0.073595,521030.000000,64057472.617600,-0.098776
2022-05-18,201.729996,205.869995,175.139999,181.350006,1174000,0.000000,0.000000,201.729996,205.869995,175.139999,181.350006,208.639001,230.220600,257.609300,269.777700,205.191829,212.479393,-7.287564,-6.660638,-0.626926,36.021566,208.639001,227.072639,190.205362,-0.240196,14.973665,0.082568,-0.125771,-0.122259,-0.123659,-0.339945,-0.493181,-0.202647,0.772240,-0.502401,-0.502401,0.000000,550190.000000,212904907.044000,-0.148362
2022-05-19,178.009995,186.339996,173.639999,184.389999,742600,0.000000,0.000000,178.009995,186.339996,173.639999,184.389999,207.392500,228.513601,256.122700,269.509200,201.991547,210.398697,-8.407150,-7.009940,-1.397210,37.691548,207.392500,228.768928,186.016072,-0.038034,14.811261,0.080326,0.016763,-0.101413,-0.131465,-0.311901,-0.494060,-0.189209,0.768254,-0.494060,-0.494060,0.016763,562585.000000,136928013.257400,-0.142165
2022-05-20,187.130005,188.889999,178.940002,187.550003,498900,0.000000,0.000000,187.130005,188.889999,178.940002,187.550003,206.414001,226.908800,254.696300,269.258050,199.769771,208.706201,-8.936430,-7.395238,-1.541192,39.460504,206.414001,229.561226,183.266776,0.092521,14.464027,0.077121,0.017138,-0.127877,-0.104003,-0.300030,-0.470930,-0.178025,0.771499,-0.485389,-0.485389,0.034188,569875.000000,93568696.496700,-0.138129
2022-05-23,193.720001,196.779999,186.809998,190.559998,331300,0.000000,0.000000,193.720001,196.779999,186.809998,190.559998,205.189001,225.493000,253.247800,269.003300,198.352883,207.362038,-9.009155,-7.718022,-1.291133,41.173689,205.189001,228.993491,181.384511,0.192726,14.143026,0.074218,0.016049,-0.044668,-0.079954,-0.258723,-0.468393,-0.162042,0.774185,-0.477130,-0.477130,0.050786,564975.000000,63132527.337400,-0.120753
2022-05-24,186.309998,187.869995,180.440002,184.729996,384200,0.000000,0.000000,186.309998,187.869995,180.440002,184.729996,204.194000,224.167000,251.766700,268.720650,196.257054,205.685591,-9.428536,-8.060125,-1.368412,38.878778,204.194000,229.699678,178.688322,0.118438,13.855666,0.075005,-0.030594,-0.109477,-0.141030,-0.279131,-0.471898,-0.172542,0.764801,-0.493127,-0.493127,0.018638,564940.000000,70973264.463200,-0.143135
2022-05-25,182.410004,188.710007,180.330002,186.000000,537600,0.000000,0.000000,182.410004,188.710007,180.330002,186.000000,203.656000,222.711200,250.256400,268.428150,194.679046,204.227399,-9.548353,-8.357770,-1.190583,39.667670,203.656000,230.252524,177.059477,0.168077,13.464548,0.072390,0.006875,0.025641,-0.091042,-0.296760,-0.460760,-0.178518,0.750021,-0.489642,-0.489642,0.025641,563225.000000,99993600.000000,-0.145438
2022-05-26,188.779999,198.529999,187.839996,196.279999,277800,0.000000,0.000000,188.779999,198.529999,187.839996,196.279999,202.834000,221.025200,249.071500,268.163000,194.925346,203.638703,-8.713356,-8.428887,-0.284469,45.769263,202.834000,229.266704,176.401297,0.376025,13.397794,0.068259,0.055269,0.064483,-0.002439,-0.284902,-0.430032,-0.144190,0.765020,-0.461435,-0.461435,0.082327,546380.000000,54526583.722200,-0.142221
2022-05-27,198.490005,202.350006,197.770004,199.139999,338500,0.000000,0.000000,198.490005,202.350006,197.770004,199.139999,202.493000,219.361800,247.884600,267.915750,195.573754,203.305465,-7.731711,-8.289452,0.557741,47.364159,202.493000,228.931868,176.054132,0.436590,12.874381,0.064650,0.014571,0.061797,-0.063840,-0.306688,-0.407021,-0.134776,0.709983,-0.453588,-0.453588,0.098098,533060.000000,67408889.661500,-0.188862
2022-05-31,200.160004,201.619995,192.649994,197.589996,555100,0.000000,0.000000,200.160004,201.619995,192.649994,197.589996,201.928000,217.473200,246.934700,267.678500,195.883945,202.882097,-6.998152,-8.031192,1.033040,46.564884,201.928000,228.274071,175.581928,0.417673,12.595497,0.063746,-0.007783,0.036891,-0.040639,-0.302468,-0.410338,-0.155526,0.702190,-0.457841,-0.457841,0.089551,516365.000000,109682206.779600,-0.195239
2022-06-01,200.600006,203.869995,195.660004,195.899994,357000,0.000000,0.000000,200.600006,203.869995,195.660004,195.899994,201.177499,215.768400,245.946001,267.423600,195.886414,202.364904,-6.478490,-7.720652,1.242162,45.660144,201.177499,227.300464,175.054535,0.398987,12.282246,0.062697,-0.008553,0.060467,-0.062186,-0.319295,-0.408479,-0.124430,0.700393,-0.462478,-0.462478,0.080232,506645.000000,69936297.858000,-0.191492
2022-06-02,196.440002,207.880005,196.440002,207.380005,356300,0.000000,0.000000,196.440002,207.880005,196.440002,207.380005,200.252000,214.180200,245.192001,267.236450,197.654659,202.736393,-5.081734,-7.192868,2.111134,52.422613,200.252000,223.881047,176.622952,0.650831,12.260658,0.059122,0.058601,0.114946,-0.016737,-0.260044,-0.344046,-0.045256,0.730609,-0.430978,-0.430978,0.143535,492595.000000,73889495.781500,-0.169850
2022-06-03,203.460007,213.630005,201.500000,210.520004,449500,0.000000,0.000000,203.460007,213.630005,201.500000,210.520004,199.868000,212.965600,244.452001,267.058150,199.633943,203.312957,-3.679014,-6.490097,2.811083,54.104993,199.868000,222.497411,177.238589,0.735358,12.251326,0.058196,0.015141,0.072549,-0.068042,-0.204685,-0.340600,0.001522,0.686711,-0.422362,-0.422362,0.160849,495625.000000,94628741.798000,-0.106986
2022-06-06,211.660004,221.509995,210.960007,221.220001,480300,0.000000,0.000000,211.660004,221.509995,210.960007,221.220001,200.082500,211.836200,243.872801,266.952550,202.954875,204.639405,-1.684530,-5.528984,3.844454,59.376552,200.082500,223.461775,176.703226,0.952056,12.161230,0.054973,0.050827,0.110877,0.013841,-0.098827,-0.305802,0.062230,0.700277,-0.393003,-0.393003,0.219851,493155.000000,106251966.480300,-0.038848
2022-06-07,215.619995,220.610001,210.690002,220.009995,578100,0.000000,0.000000,215.619995,220.610001,210.690002,220.009995,200.544000,210.958200,243.242401,266.805850,205.578740,205.777967,-0.199227,-4.463032,4.263805,58.557438,200.544000,225.144872,175.943129,0.895636,12.044714,0.054746,-0.005470,0.113467,0.014198,-0.127775,-0.309902,0.043542,0.700231,-0.396323,-0.396323,0.213179,499300.000000,127187778.109500,-0.079296
2022-06-08,217.960007,219.309998,205.639999,207.720001,785600,0.000000,0.000000,217.960007,219.309998,205.639999,207.720001,200.205500,209.707800,242.612601,266.574300,205.908164,205.921821,-0.013657,-3.573157,3.559500,50.879863,200.205500,224.176649,176.234351,0.656741,12.210805,0.058785,-0.055861,0.060337,-0.014517,-0.229925,-0.380495,0.021591,0.721243,-0.430045,-0.430045,0.145409,509395.000000,163184832.785600,-0.141714
2022-06-09,204.710007,210.919998,202.550003,203.149994,448300,0.000000,0.000000,204.710007,210.919998,202.550003,203.149994,200.032500,208.274800,241.878100,266.319350,205.483831,205.716501,-0.232670,-2.905060,2.672390,48.341732,200.032500,223.858535,176.206464,0.565422,11.936462,0.058757,-0.022001,-0.020397,-0.052870,-0.241383,-0.385028,0.013874,0.722334,-0.442585,-0.442585,0.120209,509050.000000,91072142.310200,-0.136605
2022-06-10,196.889999,201.919998,186.940002,191.240005,501400,0.000000,0.000000,196.889999,201.919998,186.940002,191.240005,199.334500,206.873400,240.998900,266.071100,203.292473,204.644168,-1.351695,-2.594387,1.242692,42.404796,199.334500,223.340379,175.328621,0.331406,12.241714,0.064012,-0.058627,-0.091583,-0.074391,-0.268261,-0.420186,-0.070116,0.739539,-0.475264,-0.475264,0.054535,509055.000000,95887738.507000,-0.151178
2022-06-13,183.899994,186.910004,177.690002,181.300003,485200,0.000000,0.000000,183.899994,186.910004,177.690002,181.300003,197.647000,205.623000,239.990000,265.798150,199.909016,202.914970,-3.005954,-2.676700,-0.329254,38.189362,197.647000,221.746153,173.547847,0.160839,12.335163,0.068037,-0.051977,-0.180454,-0.116472,-0.277776,-0.448450,-0.134771,0.759066,-0.502538,-0.502538,0.000000,499260.000000,87966761.455600,-0.136932
2022-06-14,185.979996,186.820007,177.779999,182.039993,598500,0.000000,0.000000,185.979996,186.820007,177.779999,182.039993,196.775500,204.589400,238.940300,265.506350,197.159935,201.368676,-4.208740,-2.983108,-1.225632,38.678090,196.775500,221.838446,171.712553,0.206030,12.099795,0.066468,0.004082,-0.172583,-0.153499,-0.296573,-0.441578,-0.135161,0.735483,-0.500508,-0.500508,0.004082,509450.000000,108950935.810500,-0.132828
2022-06-15,184.330002,188.889999,180.169998,185.610001,499500,0.000000,0.000000,184.330002,188.889999,180.169998,185.610001,195.684000,203.590600,238.069000,265.209100,195.383022,200.201367,-4.818344,-3.350156,-1.468189,41.097800,195.684000,220.692747,170.675252,0.298591,11.858381,0.063889,0.019611,-0.106441,-0.069484,-0.338477,-0.421253,-0.117236,0.700321,-0.490712,-0.490712,0.023773,518985.000000,92712195.499500,-0.164519
2022-06-16,179.610001,180.229996,174.100006,175.410004,429100,0.000000,0.000000,179.610001,180.229996,174.100006,175.410004,195.387000,202.663400,236.864801,264.885500,192.310250,198.364969,-6.054719,-3.891068,-2.163651,36.648247,195.387000,221.239355,169.534644,0.113633,11.833496,0.067462,-0.054954,-0.136549,-0.154406,-0.378662,-0.464544,-0.131161,0.705043,-0.518699,-0.518699,0.000000,481740.000000,75268432.716400,-0.160613
2022-06-17,179.949997,179.949997,170.179993,171.860001,684600,0.000000,0.000000,179.949997,179.949997,170.179993,171.860001,194.760500,201.870600,235.727000,264.523200,189.164058,196.401638,-7.237580,-4.560371,-2.677210,35.219060,194.760500,222.287982,167.233017,0.084043,11.686104,0.067998,-0.020238,-0.101339,-0.052330,-0.411479,-0.447360,-0.151309,0.561094,-0.528440,-0.528440,0.000000,478840.000000,117655356.684600,-0.188683
2022-06-21,176.559998,179.149994,173.179993,174.660004,427800,0.000000,0.000000,176.559998,179.149994,173.179993,174.660004,194.116000,201.242600,234.661300,264.164550,186.932665,194.791147,-7.858482,-5.219993,-2.638489,37.296100,194.116000,222.927920,165.304080,0.162362,11.372096,0.065110,0.016292,-0.036624,-0.052769,-0.378744,-0.427401,-0.155946,0.560898,-0.520757,-0.520757,0.016292,475285.000000,74719549.711200,-0.178638
2022-06-22,168.029999,174.990005,168.029999,170.759995,248900,0.000000,0.000000,168.029999,174.990005,168.029999,170.759995,193.126000,200.604200,233.707400,263.772500,184.444562,193.011062,-8.566499,-5.889294,-2.677205,35.584695,193.126000,223.755733,162.496266,0.134897,11.056947,0.064751,-0.022329,-0.061964,-0.089523,-0.404582,-0.433594,-0.183748,0.560610,-0.531458,-0.531458,0.000000,471165.000000,42502162.755500,-0.187998
2022-06-23,170.630005,181.589996,168.940002,181.570007,465800,0.000000,0.000000,170.630005,181.589996,168.940002,181.570007,192.968000,200.167400,232.819900,263.447400,184.002323,192.163576,-8.161253,-6.343686,-1.817567,43.344904,192.968000,223.811942,162.124058,0.315231,11.170736,0.061523,0.063305,-0.021766,-0.047177,-0.330617,-0.423624,-0.133400,0.603979,-0.501797,-0.501797,0.063305,475245.000000,84575309.260600,-0.137377
2022-06-24,185.000000,197.570007,185.000000,190.690002,662300,0.000000,0.000000,185.000000,197.570007,185.000000,190.690002,193.202500,199.904600,231.884000,263.194150,185.031197,192.054422,-7.023226,-6.479594,-0.543632,48.934322,193.202500,223.894323,162.510677,0.459069,11.515683,0.060390,0.050229,0.087110,0.032263,-0.313299,-0.392242,-0.086690,0.619795,-0.476773,-0.476773,0.116714,481480.000000,126293988.324600,-0.131207
2022-06-27,193.759995,198.149994,190.460007,190.929993,434600,0.000000,0.000000,193.759995,198.149994,190.460007,190.929993,192.935000,199.544400,230.796100,262.954400,185.938704,191.971131,-6.032428,-6.390161,0.357733,49.076695,192.935000,223.607138,162.262862,0.467316,11.242419,0.058882,0.001259,0.110962,0.026505,-0.276534,-0.409854,-0.098877,0.619571,-0.476115,-0.476115,0.118119,489320.000000,82978174.957800,-0.089880
2022-06-28,194.169998,197.419998,180.520004,180.789993,450600,0.000000,0.000000,194.169998,197.419998,180.520004,180.789993,192.017500,199.165600,229.614000,262.651050,185.146594,191.142899,-5.996304,-6.311389,0.315085,43.551689,192.017500,223.004316,161.030683,0.318834,11.646532,0.064420,-0.053108,0.035097,-0.078918,-0.331002,-0.457169,-0.147378,0.615836,-0.503937,-0.503937,0.058737,494925.000000,81463970.845800,-0.109937
2022-06-29,180.889999,183.779999,175.479996,183.750000,309600,0.000000,0.000000,180.889999,183.779999,175.479996,183.750000,191.325500,198.895400,228.541500,262.347700,184.931734,190.595277,-5.663543,-6.181820,0.518277,45.481183,191.325500,222.406344,160.244655,0.378132,11.407494,0.062082,0.016373,0.076072,-0.077282,-0.331332,-0.443502,-0.125250,0.616522,-0.495816,-0.495816,0.076072,482650.000000,56889000.000000,-0.095912
2022-06-30,181.419998,192.500000,179.259995,188.000000,470100,0.000000,0.000000,181.419998,192.500000,179.259995,188.000000,190.930500,198.516600,227.583200,262.084350,185.403775,190.403034,-4.999259,-5.945308,0.946049,48.218038,190.930500,221.967328,159.893672,0.452790,11.538388,0.061374,0.023129,0.035413,-0.048535,-0.280548,-0.439492,-0.102582,0.622833,-0.484154,-0.484154,0.100960,488305.000000,88378800.000000,-0.044191
2022-07-01,185.809998,190.589996,182.770004,186.830002,227100,0.000000,0.000000,185.809998,190.589996,182.770004,186.830002,189.903000,198.007200,226.672901,261.792850,185.623194,190.138365,-4.515171,-5.659281,1.144110,47.510939,189.903000,219.993093,159.812907,0.448937,11.272788,0.060337,-0.006223,-0.020242,-0.046299,-0.233738,-0.438679,-0.122946,0.622559,-0.487365,-0.487365,0.094109,481845.000000,42429093.454200,-0.016259
2022-07-05,181.300003,191.860001,179.119995,191.440002,304400,0.000000,0.000000,181.300003,191.860001,179.119995,191.440002,188.949000,197.649600,225.750701,261.514350,186.518088,190.234783,-3.716695,-5.270763,1.554069,50.585781,188.949000,217.455007,160.442992,0.543693,11.377589,0.059432,0.024675,0.002671,-0.076864,-0.180900,-0.431979,-0.092314,0.591600,-0.474715,-0.474715,0.121106,474590.000000,58274336.608800,0.025197
2022-07-06,192.649994,197.460007,187.020004,195.110001,474800,0.000000,0.000000,192.649994,197.460007,187.020004,195.110001,187.643500,197.409400,224.798001,261.265850,187.839921,190.595910,-2.755989,-4.767809,2.011819,52.948837,187.643500,212.018932,163.268068,0.653156,11.310619,0.057970,0.019170,0.079208,-0.073200,-0.171683,-0.380151,-0.068776,0.593331,-0.464645,-0.464645,0.142598,474315.000000,92638228.474800,0.046496
2022-07-07,197.699997,204.800003,196.630005,202.619995,362300,0.000000,0.000000,197.699997,204.800003,196.630005,202.619995,186.774000,197.160600,224.022701,261.064150,190.113778,191.486583,-1.372805,-4.088808,2.716003,57.434607,186.774000,207.210566,166.337434,0.887687,11.194860,0.055251,0.038491,0.102694,-0.084079,-0.086351,-0.362489,-0.024130,0.580648,-0.444039,-0.444039,0.186578,463525.000000,73409224.188500,0.095485
2022-07-08,199.610001,206.050003,196.800003,204.979996,449700,0.000000,0.000000,199.610001,206.050003,196.800003,204.979996,186.637000,197.167600,223.425401,260.860800,192.400889,192.486095,-0.085206,-3.288087,3.202881,58.765030,186.637000,206.511346,166.762654,0.961474,11.055942,0.053937,0.011647,0.090319,-0.068315,-0.030827,-0.299405,0.012047,0.582951,-0.437563,-0.437563,0.200398,446730.000000,92179504.201200,0.131426
2022-07-11,201.940002,206.259995,201.940002,204.740005,320400,0.000000,0.000000,201.940002,206.259995,201.940002,204.740005,186.716500,197.327200,222.784601,260.667850,194.299214,193.393792,0.905422,-2.449386,3.354808,58.564567,186.716500,206.879594,166.553406,0.946943,10.574803,0.051650,-0.001171,0.095863,-0.014346,-0.006406,-0.305425,-0.008187,0.549983,-0.438222,-0.438222,0.198993,440335.000000,65598697.602000,0.175263
2022-07-12,203.539993,212.369995,203.309998,206.970001,596200,0.000000,0.000000,203.539993,212.369995,203.309998,206.970001,187.503000,197.212200,222.084001,260.486100,196.248566,194.399437,1.849129,-1.589683,3.438812,59.932310,187.503000,209.548335,165.457665,0.941522,10.466602,0.050571,0.010892,0.081122,0.018804,0.021166,-0.268088,-0.001351,0.545272,-0.432103,-0.432103,0.212052,445075.000000,123395514.596200,0.199583
2022-07-13,202.320007,202.320007,190.550003,192.949997,511900,0.000000,0.000000,202.320007,202.320007,190.550003,192.949997,188.085500,196.952000,221.266001,260.234500,195.741094,194.292071,1.449023,-0.981942,2.430964,48.984648,188.085500,210.056251,166.114748,0.610704,10.891845,0.056449,-0.067739,-0.011071,0.008942,-0.051423,-0.321840,-0.063713,0.558673,-0.470572,-0.470572,0.129948,446410.000000,98771103.464300,0.109954
2022-07-14,191.229996,195.139999,184.649994,194.690002,447800,0.000000,0.000000,191.229996,195.139999,184.649994,194.690002,188.718000,196.668000,220.533201,259.967950,195.579387,194.321547,1.257840,-0.533985,1.791825,50.200477,188.718000,210.684297,166.751704,0.635936,10.863142,0.055797,0.009018,-0.039137,0.073855,-0.044841,-0.302536,-0.052004,0.524691,-0.465798,-0.465798,0.140138,438875.000000,87182182.895600,0.113732
2022-07-15,198.470001,200.330002,192.179993,195.669998,364500,0.000000,0.000000,198.470001,200.330002,192.179993,195.669998,189.221000,196.363200,219.810501,259.743400,195.593328,194.421433,1.171895,-0.192809,1.364704,50.910091,189.221000,211.347772,167.094227,0.645728,10.669347,0.054527,0.005034,-0.045419,0.074874,-0.063511,-0.308709,-0.034634,0.524705,-0.463109,-0.463109,0.145877,432125.000000,71321714.271000,0.097090
2022-07-18,199.130005,204.509995,197.770004,198.759995,335400,0.000000,0.000000,199.130005,204.509995,197.770004,198.759995,190.388499,195.820600,219.227400,259.545000,196.080507,194.742808,1.337699,0.113292,1.224407,53.175710,190.388499,211.902556,168.874443,0.694559,10.538679,0.053022,0.015792,-0.029208,0.070847,-0.004857,-0.265755,0.012635,0.523436,-0.454630,-0.454630,0.163973,427440.000000,66664102.323000,0.144272
2022-07-19,202.369995,210.460007,196.089996,209.399994,274600,0.000000,0.000000,202.369995,210.460007,196.089996,209.399994,192.265499,195.644600,218.758800,259.401850,198.129659,195.828525,2.301134,0.550861,1.750273,60.018349,192.265499,213.521971,171.009027,0.903042,10.812345,0.051635,0.053532,0.011741,0.193775,0.061543,-0.242950,0.083739,0.504603,-0.425436,-0.425436,0.226283,406940.000000,57501238.352400,0.182993
2022-07-20,209.589996,214.050003,207.619995,212.520004,379200,0.000000,0.000000,209.589996,214.050003,207.619995,212.520004,194.158499,195.556400,218.239100,259.251100,200.343558,197.064931,3.278627,1.096414,2.182213,61.782026,194.158499,215.556242,172.760756,0.929052,10.499321,0.049404,0.014900,0.101425,0.236588,0.026964,-0.238716,0.057892,0.493550,-0.416875,-0.416875,0.244554,404510.000000,80587585.516800,0.153400
2022-07-21,213.229996,221.080002,212.210007,214.699997,488800,0.000000,0.000000,213.229996,221.080002,212.210007,214.699997,196.355499,195.634800,217.641300,259.152700,202.552241,198.371232,4.181009,1.713333,2.467676,63.009829,196.355499,216.631376,176.079622,0.952372,10.382941,0.048360,0.010258,0.102779,0.229245,0.011305,-0.239165,0.056023,0.493120,-0.410893,-0.410893,0.257320,416505.000000,104945358.533600,0.114884
2022-07-22,213.500000,217.240005,206.880005,210.029999,529700,0.000000,0.000000,213.500000,217.240005,206.880005,210.029999,197.778499,195.545600,216.869300,258.985450,203.702665,199.234845,4.467821,2.264231,2.203590,58.662078,197.778499,217.676453,177.880545,0.807858,10.381302,0.049428,-0.021751,0.073389,0.229972,0.003392,-0.268214,0.045654,0.492641,-0.423707,-0.423707,0.229972,419700.000000,111252890.470300,0.105143
2022-07-25,208.380005,211.809998,203.000000,211.350006,527700,0.000000,0.000000,208.380005,211.809998,203.000000,211.350006,198.811499,195.640400,216.150100,258.798100,204.879179,200.132264,4.746915,2.760768,1.986148,59.512475,198.811499,219.296451,178.326547,0.806042,10.269066,0.048588,0.006285,0.063343,0.164014,0.020423,-0.225086,0.021064,0.453480,-0.420085,-0.420085,0.237702,412970.000000,111529398.166200,0.102719
2022-07-26,208.809998,211.440002,202.570007,206.110001,494200,0.000000,0.000000,208.809998,211.440002,202.570007,206.110001,199.570499,195.658600,215.333300,258.567000,205.068537,200.575059,4.493477,3.107309,1.386168,54.701710,199.570499,219.950502,179.190497,0.660439,10.169133,0.049338,-0.024793,-0.015712,0.080864,-0.041616,-0.303282,0.003603,0.438964,-0.434463,-0.434463,0.207016,415950.000000,101859562.494200,0.069287
2022-07-27,211.910004,215.419998,194.800003,211.050003,971900,0.000000,0.000000,211.910004,215.419998,194.800003,211.050003,201.083500,195.578600,214.641200,258.350300,205.988762,201.350981,4.637781,3.413404,1.224377,58.137389,201.083500,220.035931,182.131069,0.762935,10.915623,0.051721,0.023968,-0.006917,0.105379,0.031374,-0.261133,0.029010,0.444144,-0.420908,-0.420908,0.235945,442015.000000,205119497.915700,0.068066
2022-07-28,217.389999,234.679993,211.220001,234.029999,700100,0.000000,0.000000,217.389999,234.679993,211.220001,234.029999,203.597500,196.269800,214.334500,258.251250,210.302799,203.771649,6.531150,4.036953,2.494197,69.663903,203.597500,225.910074,181.284925,1.181958,11.823792,0.050523,0.108884,0.090033,0.294485,0.189419,-0.167834,0.143283,0.523732,-0.357854,-0.357854,0.370520,461540.000000,163844402.299900,0.215549
2022-07-29,232.619995,240.050003,230.940002,237.850006,447400,0.000000,0.000000,232.619995,240.050003,230.940002,237.850006,206.090000,196.878000,214.258200,258.184100,214.540830,206.295972,8.244859,4.878534,3.366325,71.088966,206.090000,231.925484,180.254516,1.114659,11.629950,0.048896,0.016323,0.132457,0.294422,0.118137,-0.106331,0.072943,0.523728,-0.347373,-0.347373,0.392891,460405.000000,106414092.684400,0.155493
2022-08-01,237.520004,242.300003,234.289993,239.869995,313300,0.000000,0.000000,237.520004,242.300003,234.289993,239.869995,208.742000,198.048400,214.134500,258.146600,218.437625,208.782936,9.654689,5.833765,3.820924,71.842222,208.742000,237.026166,180.457834,1.050272,11.371383,0.047406,0.008493,0.134942,0.275904,0.164644,-0.112644,0.061372,0.522569,-0.341830,-0.341830,0.404720,464715.000000,75151269.433500,0.161859
2022-08-02,237.360001,238.559998,231.949997,233.089996,363600,0.000000,0.000000,237.360001,238.559998,231.949997,233.089996,210.824500,199.022400,213.768000,258.045800,220.691836,210.583459,10.108377,6.688687,3.419689,65.658694,210.824500,239.867848,181.781151,0.883315,11.124855,0.047728,-0.028265,0.130901,0.247605,0.115850,-0.180069,0.039652,0.537707,-0.360434,-0.360434,0.365015,467675.000000,84751522.545600,0.130788
2022-08-03,234.190002,238.369995,232.880005,236.630005,289800,0.000000,0.000000,234.190002,238.369995,232.880005,236.630005,212.900500,200.004000,213.456400,257.921150,223.143862,212.512833,10.631029,7.477156,3.153873,67.243978,212.900500,243.125914,182.675085,0.892542,10.722365,0.045313,0.015187,0.121204,0.236053,0.121948,-0.210496,0.004756,0.535695,-0.350720,-0.350720,0.385746,458425.000000,68575375.449000,0.113638
2022-08-04,237.460007,241.979996,236.080002,240.399994,221800,0.000000,0.000000,237.460007,241.979996,236.080002,240.399994,214.789500,201.000800,213.246900,257.805000,225.798651,214.578549,11.220103,8.225745,2.994358,68.890991,214.789500,246.968772,182.610227,0.897935,10.377910,0.043169,0.015932,0.027219,0.232125,0.064235,-0.195987,0.009702,0.535165,-0.340376,-0.340376,0.407824,451400.000000,53320718.669200,0.083077
2022-08-05,235.669998,245.050003,233.559998,241.410004,205900,0.000000,0.000000,235.669998,245.050003,233.559998,241.410004,216.611000,202.134400,213.150700,257.707700,228.200398,216.566064,11.634334,8.907463,2.726871,69.335834,216.611000,250.529537,182.692463,0.865567,10.457345,0.043318,0.004201,0.014967,0.191442,0.106370,-0.170412,0.015266,0.525681,-0.337605,-0.337605,0.413739,439210.000000,49706319.823600,0.078779
2022-08-08,242.160004,247.649994,241.440002,241.729996,306200,0.000000,0.000000,242.160004,247.649994,241.440002,241.729996,218.460500,203.249000,212.980100,257.583900,230.281875,218.430059,11.851816,9.496333,2.355482,69.484714,218.460500,253.663219,183.257780,0.830507,10.156105,0.042014,0.001326,0.007754,0.179286,0.114323,-0.148328,0.000911,0.526214,-0.336727,-0.336727,0.415613,438500.000000,74017724.775200,0.073169
2022-08-09,238.389999,241.429993,233.509995,235.679993,370500,0.000000,0.000000,238.389999,241.429993,233.509995,235.679993,219.895999,204.037000,212.531100,257.426750,231.112354,219.707832,11.404523,9.877971,1.526551,63.233639,219.895999,255.465400,184.326599,0.721876,10.017812,0.042506,-0.025028,0.011112,0.151118,0.118133,-0.151803,-0.023129,0.538036,-0.353327,-0.353327,0.380183,427215.000000,87319437.406500,0.043224
2022-08-10,243.309998,250.750000,242.080002,249.720001,326200,0.000000,0.000000,243.309998,250.750000,242.080002,249.720001,222.734499,205.048600,212.205200,257.316300,233.975069,221.930955,12.044114,10.311200,1.732914,69.982575,222.734499,258.310536,187.158463,0.879265,10.378683,0.041561,0.059572,0.055318,0.206552,0.164250,-0.119650,0.021350,0.567782,-0.314803,-0.314803,0.462403,417930.000000,81458664.326200,0.069075
2022-08-11,252.429993,263.369995,251.839996,253.000000,493700,0.000000,0.000000,252.429993,263.369995,251.839996,253.000000,225.649999,206.156800,211.815000,257.206750,236.901982,224.232366,12.669616,10.782883,1.886733,71.307654,225.649999,261.106012,190.193986,0.885689,10.612348,0.041946,0.013135,0.052413,0.311221,0.224529,-0.128728,0.014801,0.493244,-0.305803,-0.305803,0.481612,420225.000000,124906100.000000,0.099957
2022-08-12,256.929993,256.980011,245.380005,246.490005,377400,0.000000,0.000000,256.929993,256.980011,245.380005,246.490005,228.191000,207.168600,211.468500,257.058850,238.377062,225.881080,12.495982,11.125503,1.370479,65.159591,228.191000,261.838503,194.543496,0.771922,10.682895,0.043340,-0.025731,0.021043,0.266064,0.201218,-0.120150,-0.008448,0.511510,-0.323666,-0.323666,0.443488,420870.000000,93025327.887000,0.053805
2022-08-15,243.880005,245.779999,236.679993,240.250000,359300,0.000000,0.000000,243.880005,245.779999,236.679993,240.250000,230.265500,207.826000,211.003100,256.890650,238.665206,226.945445,11.719762,11.244355,0.475407,59.834322,230.265500,261.286370,199.244630,0.660932,10.620546,0.044206,-0.025315,-0.006123,0.227833,0.117182,-0.092403,-0.019548,0.527115,-0.340788,-0.340788,0.406945,422065.000000,86321825.000000,0.005107
2022-08-16,239.789993,242.149994,236.929993,239.080002,327700,0.000000,0.000000,239.789993,242.149994,236.929993,239.080002,231.749500,208.397200,210.681400,256.526750,238.729021,227.844301,10.884720,11.172428,-0.287707,58.862940,231.749500,261.375872,202.123128,0.623716,10.234793,0.042809,-0.004870,0.014426,0.202858,0.198576,-0.110632,-0.031594,0.529272,-0.343998,-0.343998,0.400094,424720.000000,78346516.655400,0.075127
2022-08-17,234.960007,234.960007,227.210007,232.669998,341500,0.000000,0.000000,234.960007,234.960007,227.210007,232.669998,232.757000,208.626200,210.231200,256.126900,237.796864,228.201760,9.595104,10.856963,-1.261859,53.717600,232.757000,260.966561,204.547439,0.498458,10.351593,0.044490,-0.026811,-0.068276,0.111127,0.121626,-0.160127,-0.049589,0.517808,-0.361586,-0.361586,0.362556,422835.000000,79456804.317000,0.042056
2022-08-18,232.300003,236.149994,231.960007,234.259995,222500,0.000000,0.000000,232.300003,236.149994,231.960007,234.259995,233.735000,208.911200,209.934700,255.657600,237.252730,228.650518,8.602212,10.406013,-1.803801,54.773655,233.735000,260.634524,206.835476,0.509758,9.911479,0.042310,0.006834,-0.074071,0.102296,0.291756,-0.147370,-0.048420,0.516720,-0.357223,-0.357223,0.371867,409520.000000,52122848.887500,0.156254
2022-08-19,230.100006,232.020004,224.539993,229.460007,296200,0.000000,0.000000,230.100006,232.020004,224.539993,229.460007,234.706500,209.346000,209.526900,255.132100,236.053850,228.710480,7.343370,9.793484,-2.450115,50.991034,234.706500,259.306449,210.106552,0.393364,9.897802,0.043135,-0.020490,-0.069090,0.068747,0.244428,-0.143710,-0.053148,0.523808,-0.370394,-0.370394,0.343757,397845.000000,67966054.073400,0.128809
2022-08-22,221.699997,223.149994,218.330002,222.970001,282900,0.000000,0.000000,221.699997,223.149994,218.330002,222.970001,235.287500,209.742400,209.008600,254.522350,234.040950,228.285259,5.755690,8.985925,-3.230235,46.332040,235.287500,258.044645,212.530355,0.229371,9.985816,0.044785,-0.028284,-0.071925,0.061610,0.188856,-0.167836,-0.105795,0.528273,-0.388201,-0.388201,0.305751,385605.000000,63078213.282900,0.098413
2022-08-23,223.580002,226.169998,219.029999,219.960007,195900,0.000000,0.000000,223.580002,226.169998,219.029999,219.960007,235.980000,210.316800,208.595100,253.865150,231.874651,227.668574,4.206077,8.029956,-3.823879,44.309931,235.980000,255.629459,216.330542,0.092355,9.782544,0.044474,-0.013500,-0.079973,0.040738,0.154282,-0.144358,-0.134118,0.531329,-0.396460,-0.396460,0.288124,370690.000000,43090165.371300,0.080939
2022-08-24,219.619995,224.910004,218.809998,221.699997,147800,0.000000,0.000000,219.619995,224.910004,218.809998,221.699997,236.512500,211.124800,208.373900,253.259300,230.309320,227.226457,3.082862,7.040537,-3.957675,45.783005,236.512500,253.746026,219.278974,0.070242,9.519505,0.042939,0.007910,-0.047148,0.075639,0.200130,-0.134863,-0.127646,0.522226,-0.391686,-0.391686,0.298313,329485.000000,32767259.556600,0.096523
2022-08-25,224.529999,232.880005,222.839996,232.750000,232500,0.000000,0.000000,224.529999,232.880005,222.839996,232.750000,236.448500,212.139000,208.364200,252.663000,230.684809,227.635609,3.049200,6.242270,-3.193069,54.088548,236.448500,253.730283,219.166717,0.392994,9.638113,0.041410,0.049842,-0.006446,0.102819,0.251344,-0.120005,-0.033791,0.542024,-0.361366,-0.361366,0.363024,306105.000000,54114375.000000,0.146005
2022-08-26,231.509995,234.679993,221.250000,222.429993,314600,0.000000,0.000000,231.509995,234.679993,221.250000,222.429993,235.677499,212.875400,208.233000,252.078000,229.414837,227.250007,2.164830,5.426782,-3.261952,46.867407,235.677499,254.038216,217.316783,0.139243,9.908961,0.044549,-0.044339,-0.030637,-0.049566,0.133228,-0.189631,-0.057061,0.418566,-0.389683,-0.389683,0.302588,299465.000000,69976475.797800,0.099068
2022-08-29,219.110001,220.940002,215.270004,215.779999,288000,0.000000,0.000000,219.110001,220.940002,215.270004,215.779999,234.473000,213.682800,208.173100,251.492050,227.317170,226.400377,0.916793,4.524784,-3.607991,42.893498,234.473000,254.737658,214.208342,0.038778,9.712606,0.045012,-0.029897,-0.032246,-0.092790,0.083559,-0.248755,-0.102413,0.423541,-0.407930,-0.407930,0.263645,298200.000000,62144639.712000,0.092912
2022-08-30,218.250000,218.250000,210.820007,215.429993,287400,0.000000,0.000000,218.250000,218.250000,210.820007,215.429993,233.589999,214.554200,208.212400,250.871200,225.488373,225.587756,-0.099383,3.599951,-3.699333,42.688337,233.589999,255.574431,211.605568,0.086980,9.549562,0.044328,-0.001622,-0.020595,-0.101889,0.090288,-0.239489,-0.120909,0.421137,-0.408890,-0.408890,0.261595,294390.000000,61914579.988200,0.106697
2022-08-31,217.130005,217.130005,206.369995,206.830002,412000,0.000000,0.000000,217.130005,217.130005,206.369995,206.830002,232.099999,215.197600,208.220100,250.182050,222.617855,224.198293,-1.580438,2.563873,-4.144311,37.892503,232.099999,257.055544,207.144455,-0.006300,9.636023,0.046589,-0.039920,-0.067073,-0.112660,0.055794,-0.281316,-0.138675,0.431146,-0.432487,-0.432487,0.211232,300500.000000,85213960.824000,0.070656
2022-09-01,201.699997,210.720001,201.699997,209.979996,374600,0.000000,0.000000,201.699997,210.720001,201.699997,209.979996,230.578999,215.982000,208.293100,249.513150,220.673569,223.145086,-2.471517,1.556795,-4.028312,40.528008,230.578999,257.065687,204.092312,0.111144,9.592021,0.045681,0.015230,-0.097830,-0.112623,0.012537,-0.250767,-0.140553,0.431171,-0.423844,-0.423844,0.229679,308140.000000,78658506.501600,0.055711
2022-09-02,211.800003,214.589996,204.029999,206.210007,295300,0.000000,0.000000,211.800003,214.589996,204.029999,206.210007,228.819000,216.474800,208.321100,248.755100,218.448405,221.890635,-3.442230,0.556990,-3.999220,38.426341,228.819000,256.905041,200.732958,0.097505,9.661163,0.046851,-0.017954,-0.072922,-0.142221,-0.020473,-0.220967,-0.163075,0.426070,-0.434189,-0.434189,0.207601,312610.000000,60893815.067100,0.011316
2022-09-06,206.589996,211.479996,205.690002,209.580002,325400,0.000000,0.000000,206.589996,211.479996,205.690002,209.580002,227.211500,216.852600,208.378600,247.980749,217.084036,220.978737,-3.894701,-0.333348,-3.561353,41.354003,227.211500,255.860689,198.562311,0.192286,9.384650,0.044778,0.016343,-0.028733,-0.131850,-0.052617,-0.146244,-0.158887,0.432103,-0.424942,-0.424942,0.227337,313570.000000,68197332.650800,-0.009798
2022-09-07,210.270004,210.570007,199.139999,201.970001,725600,0.000000,0.000000,210.270004,210.570007,199.139999,201.970001,225.526000,217.073400,208.308900,247.218150,214.758800,219.570682,-4.811883,-1.229055,-3.582827,37.067887,225.526000,255.986625,195.065375,0.113337,9.530747,0.047189,-0.036311,-0.062480,-0.164481,-0.081996,-0.199294,-0.180948,0.443194,-0.445822,-0.445822,0.182771,331325.000000,146549432.725600,-0.050512
2022-09-08,198.580002,199.830002,190.970001,195.669998,696300,0.000000,0.000000,198.580002,199.830002,190.970001,195.669998,222.823500,217.371000,208.268300,246.404200,211.822061,217.800261,-5.978200,-2.178884,-3.799316,33.932423,222.823500,253.831978,191.815023,0.062160,9.635694,0.049245,-0.031193,-0.053957,-0.169764,-0.058011,-0.274598,-0.189235,0.446653,-0.463109,-0.463109,0.145877,349830.000000,136245019.607400,-0.039466
2022-09-09,195.600006,204.399994,195.029999,202.279999,551700,0.000000,0.000000,195.600006,204.399994,195.029999,202.279999,220.287500,217.741600,208.318500,245.666600,210.354051,216.650612,-6.296561,-3.002419,-3.294141,39.696043,220.287500,249.124740,191.450260,0.187773,9.616716,0.047542,0.033781,-0.036670,-0.189973,-0.004283,-0.244632,-0.153215,0.404071,-0.444972,-0.444972,0.184587,352730.000000,111597875.448300,-0.034746
2022-09-12,203.240005,209.820007,203.000000,208.050003,329600,0.000000,0.000000,203.240005,209.820007,203.000000,208.050003,218.365500,218.142600,208.329600,244.982200,209.999582,216.013530,-6.013948,-3.604725,-2.409222,44.266722,218.365500,244.880000,191.851000,0.305474,9.468379,0.045510,0.028525,0.008923,-0.177668,0.087900,-0.203941,-0.138367,0.418284,-0.429140,-0.429140,0.218377,350340.000000,68573280.988800,0.006208
2022-09-13,198.000000,201.850006,196.009995,196.710007,369200,0.000000,0.000000,198.000000,201.850006,196.009995,196.710007,216.188500,218.340200,208.173700,244.243900,207.955032,214.583639,-6.628607,-4.209501,-2.419106,38.147181,216.188500,242.283796,190.093204,0.126782,9.652067,0.049067,-0.054506,-0.061409,-0.201955,0.084997,-0.216388,-0.195197,0.443928,-0.460255,-0.460255,0.151968,350835.000000,72625334.584400,0.008735
2022-09-14,196.710007,196.710007,191.429993,194.070007,370000,0.000000,0.000000,196.710007,196.710007,191.429993,194.070007,213.938001,218.392800,208.021200,243.535100,205.818875,213.064111,-7.245236,-4.816648,-2.428588,36.869323,213.938001,239.478446,188.397555,0.111048,9.339778,0.048126,-0.013421,-0.039115,-0.192216,0.066084,-0.250087,-0.193626,0.440764,-0.467499,-0.467499,0.136507,352950.000000,71805902.590000,-0.016230
2022-09-15,192.210007,195.039993,187.240005,189.500000,533700,0.000000,0.000000,192.210007,195.039993,187.240005,189.500000,211.779501,218.280600,207.845000,242.807150,203.308278,211.318621,-8.010343,-5.455387,-2.554955,34.702242,211.779501,237.943513,185.615488,0.074234,9.229793,0.048706,-0.023548,-0.031533,-0.207378,0.020958,-0.324613,-0.226941,0.442905,-0.480038,-0.480038,0.109745,362560.000000,101136150.000000,-0.019875
2022-09-16,181.210007,186.960007,176.699997,185.169998,1122400,0.000000,0.000000,181.210007,186.960007,176.699997,185.169998,209.325001,217.931600,207.546100,242.077100,200.517774,209.381686,-8.863912,-6.137092,-2.726820,32.738755,209.325001,235.817663,182.832339,0.044119,9.484808,0.051222,-0.022850,-0.084586,-0.204152,0.055641,-0.344090,-0.250749,0.441291,-0.491919,-0.491919,0.084387,407555.000000,207834805.755200,-0.019720
2022-09-19,184.869995,194.070007,180.550003,189.250000,532600,0.000000,0.000000,184.869995,194.070007,180.550003,189.250000,207.314500,217.617000,207.392300,241.442600,198.784270,207.890450,-9.106180,-6.730910,-2.375270,36.390890,207.314500,233.474275,181.154726,0.154728,9.773036,0.051641,0.022034,-0.090363,-0.192137,0.101187,-0.351928,-0.226952,0.451807,-0.480724,-0.480724,0.108281,419375.000000,100794550.000000,0.032966
2022-09-20,186.470001,187.119995,182.009995,186.479996,394800,0.000000,0.000000,186.470001,187.119995,182.009995,186.479996,205.490000,217.251800,207.289500,240.778700,196.891305,206.304491,-9.413186,-7.267365,-2.145821,35.001349,205.490000,232.137766,178.842234,0.143310,9.592105,0.051438,-0.014637,-0.052006,-0.187309,0.067674,-0.336701,-0.232466,0.450502,-0.488325,-0.488325,0.092059,424970.000000,73622302.420800,0.035536
2022-09-21,189.320007,194.919998,187.699997,189.369995,536200,0.000000,0.000000,189.320007,194.919998,187.699997,189.369995,203.960500,216.899800,207.056000,240.132200,195.734180,205.050084,-9.315903,-7.677073,-1.638831,37.675226,203.960500,230.622822,177.298177,0.226383,9.509812,0.050218,0.015498,-0.024218,-0.150693,0.108983,-0.339691,-0.229106,0.452955,-0.480395,-0.480395,0.108983,441985.000000,101540191.319000,0.093864
2022-09-22,187.190002,188.720001,183.210007,185.360001,729000,0.000000,0.000000,187.190002,188.720001,183.210007,185.360001,202.143500,216.748000,206.850000,239.464950,194.138153,203.591559,-9.453406,-8.032339,-1.421067,35.493422,202.143500,228.668310,175.618690,0.183626,9.270539,0.050014,-0.021175,-0.021847,-0.157301,0.020873,-0.316645,-0.238236,0.455042,-0.491398,-0.491398,0.085500,471045.000000,135127440.729000,0.035597
2022-09-23,182.779999,184.259995,178.309998,183.539993,782700,0.000000,0.000000,182.779999,184.259995,178.309998,183.539993,199.682999,216.525000,206.596500,238.706150,192.507667,202.106258,-9.598591,-8.345590,-1.253001,34.516411,199.682999,223.214335,176.151664,0.156989,9.111929,0.049645,-0.009819,-0.008803,-0.172125,-0.037495,-0.339047,-0.245685,0.451497,-0.496392,-0.496392,0.074842,498555.000000,143656752.521100,0.026229
2022-09-26,183.690002,187.190002,181.979996,185.479996,561100,0.000000,0.000000,183.690002,187.190002,181.979996,185.479996,197.835500,216.321200,206.342200,237.981850,191.426486,200.874683,-9.448196,-8.566111,-0.882085,36.522210,197.835500,219.581508,176.089491,0.215913,8.833220,0.047624,0.010570,-0.019921,-0.203093,-0.028544,-0.297185,-0.237555,0.405648,-0.491069,-0.491069,0.086203,510880.000000,104072825.755600,0.034072
2022-09-27,187.789993,192.759995,187.240005,192.259995,671400,0.000000,0.000000,187.789993,192.759995,187.240005,192.259995,196.659499,216.191200,206.005900,237.294000,191.554719,200.236558,-8.681839,-8.589257,-0.092583,43.083713,196.659499,216.804468,176.514531,0.390804,8.722276,0.045367,0.036554,0.030995,-0.135638,0.063444,-0.288558,-0.224758,0.417095,-0.472465,-0.472465,0.125908,530050.000000,129083360.643000,0.094928
2022-09-28,191.880005,200.570007,189.919998,199.229996,460000,0.000000,0.000000,191.880005,200.570007,189.919998,199.229996,195.849500,215.987800,205.816200,236.646600,192.735530,200.161998,-7.426467,-8.356699,0.930232,48.928251,195.849500,214.022921,177.676078,0.593007,8.859971,0.044471,0.036253,0.052067,-0.076699,0.084245,-0.275000,-0.171876,0.433151,-0.453341,-0.453341,0.166725,538680.000000,91645798.160000,0.095539
2022-09-29,195.539993,200.520004,194.389999,194.649994,443000,0.000000,0.000000,195.539993,200.520004,194.389999,194.649994,195.240499,215.630400,205.593400,235.989900,193.030063,199.753701,-6.723638,-8.030087,1.306449,45.613688,195.240499,212.665512,177.815486,0.483056,8.664974,0.044516,-0.022989,0.050119,-0.096458,0.035372,-0.255099,-0.183652,0.438316,-0.465908,-0.465908,0.139904,540230.000000,86229947.342000,0.061779
2022-09-30,194.089996,197.580002,189.289993,190.000000,416400,0.000000,0.000000,194.089996,197.580002,189.289993,190.000000,194.241499,215.136400,205.385600,235.336350,192.563900,199.031205,-6.467305,-7.717530,1.250225,42.468106,194.241499,210.349671,178.133327,0.368343,8.638190,0.045464,-0.023889,0.035197,-0.081371,0.016967,-0.220737,-0.201781,0.425297,-0.478667,-0.478667,0.112673,542320.000000,79116000.000000,0.066593
2022-10-03,191.360001,203.850006,190.500000,198.250000,433500,0.000000,0.000000,191.360001,203.850006,190.500000,198.250000,193.843499,214.900800,205.223200,234.689650,193.438684,198.973338,-5.534653,-7.280955,1.746302,49.166109,193.843499,209.076099,178.610899,0.644640,9.010463,0.045450,0.043421,0.068848,-0.055862,0.035572,-0.151763,-0.183047,0.451504,-0.456030,-0.456030,0.160986,549230.000000,85941375.000000,0.080335
2022-10-04,202.449997,206.000000,198.770004,205.899994,408300,0.000000,0.000000,202.449997,206.000000,198.770004,205.899994,193.659499,214.791799,205.216100,234.164250,195.355809,199.486423,-4.130614,-6.650887,2.520272,54.460508,193.659499,208.163197,179.155801,0.921978,8.920430,0.043324,0.038588,0.070946,-0.001503,0.055302,-0.125876,-0.121512,0.469024,-0.435039,-0.435039,0.205786,553375.000000,84068967.550200,0.071623
2022-10-05,201.520004,205.699997,200.839996,202.960007,266800,0.000000,0.000000,201.520004,205.699997,200.839996,202.960007,193.708999,214.728800,205.193700,233.653900,196.525686,199.743726,-3.218040,-5.964317,2.746277,52.209973,193.708999,208.338335,179.079663,0.816180,8.644685,0.042593,-0.014279,0.018722,-0.031587,0.001678,-0.084818,-0.166420,0.467857,-0.443106,-0.443106,0.188569,530435.000000,54149729.867600,0.042354
2022-10-06,200.539993,207.169998,200.539993,201.630005,245800,0.000000,0.000000,200.539993,207.169998,200.539993,201.630005,194.006999,214.540400,205.059500,233.154650,197.310965,199.883450,-2.572485,-5.285951,2.713466,51.179605,194.006999,209.041722,178.972277,0.753513,8.500779,0.042160,-0.006553,0.035859,-0.001683,-0.016343,-0.046667,-0.189655,0.450691,-0.446755,-0.446755,0.180780,507910.000000,49560655.229000,0.031958
2022-10-07,197.690002,201.369995,195.580002,197.520004,472000,0.000000,0.000000,197.690002,201.369995,195.580002,197.520004,193.769000,213.810200,205.040000,232.567150,197.343125,199.708380,-2.365255,-4.701812,2.336557,48.025437,193.769000,208.397519,179.140480,0.628209,8.325724,0.042151,-0.020384,0.039579,0.009455,-0.035264,-0.041444,-0.217216,0.442657,-0.458033,-0.458033,0.156711,503925.000000,93229441.888000,0.028063
2022-10-10,199.500000,207.369995,196.000000,202.250000,294500,0.000000,0.000000,199.500000,207.369995,196.000000,202.250000,193.478999,213.098200,204.988100,232.009600,198.098029,199.896648,-1.798619,-4.121173,2.322554,51.713648,193.478999,207.111529,179.846470,0.821694,8.543172,0.042241,0.023947,0.020177,-0.000148,-0.022805,-0.002122,-0.204961,0.434669,-0.445054,-0.445054,0.184411,502170.000000,59562625.000000,0.041345
2022-10-11,200.570007,204.500000,197.449997,198.300003,359600,0.000000,0.000000,200.570007,204.500000,197.449997,198.300003,193.558499,212.266800,205.157600,231.383450,198.129102,199.778378,-1.649276,-3.626794,1.977518,48.611352,193.558499,207.288559,179.828440,0.672669,8.436517,0.042544,-0.019530,-0.036911,-0.046864,0.027727,-0.025122,-0.218799,0.427233,-0.455892,-0.455892,0.161279,501690.000000,71308681.078800,0.100756
2022-10-12,199.990005,207.020004,196.460007,203.539993,399000,0.000000,0.000000,199.990005,207.020004,196.460007,203.539993,194.031999,211.675800,205.349100,230.735900,198.961547,200.057016,-1.095470,-3.120529,2.025059,52.667862,194.031999,208.471189,179.592808,0.829243,8.588194,0.042194,0.026425,0.002858,0.034721,0.045457,-0.001423,-0.189987,0.392323,-0.441515,-0.441515,0.191965,503140.000000,81212457.207000,0.119590
2022-10-13,196.809998,205.679993,190.300003,201.839996,386600,0.000000,0.000000,196.809998,205.679993,190.300003,201.839996,194.648998,210.979999,205.492000,230.094150,199.404385,200.189089,-0.784704,-2.653364,1.868660,51.254290,194.648998,209.325443,179.972554,0.744984,9.073322,0.044953,-0.008352,0.001041,0.040037,0.031533,-0.033981,-0.184056,0.390213,-0.446179,-0.446179,0.182010,495785.000000,78031342.453600,0.101672
2022-10-14,203.699997,204.110001,194.889999,196.220001,274000,0.000000,0.000000,203.699997,204.110001,194.889999,196.220001,195.201498,210.096400,205.548600,229.398200,198.914480,199.895082,-0.980603,-2.318812,1.338209,46.783939,195.201498,209.191360,181.211637,0.536401,9.083799,0.046294,-0.027844,-0.006582,0.035462,-0.012779,-0.017574,-0.225192,0.394044,-0.461600,-0.461600,0.149098,453365.000000,53764280.274000,0.078652
2022-10-17,200.710007,207.020004,200.070007,202.740005,332300,0.000000,0.000000,200.710007,207.020004,200.070007,202.740005,195.875999,209.323000,205.728700,228.747700,199.503022,200.105817,-0.602795,-1.975608,1.372813,52.013086,195.875999,209.958177,181.793820,0.743713,9.206385,0.045410,0.033228,0.002423,0.094886,-0.031805,0.027781,-0.224881,0.397440,-0.443710,-0.443710,0.187280,443350.000000,67370503.661500,0.056758
2022-10-18,208.300003,212.139999,203.190002,205.839996,335600,0.000000,0.000000,208.300003,212.139999,203.190002,205.839996,196.843999,208.605200,205.927100,228.091750,200.477941,200.530571,-0.052630,-1.591013,1.538383,54.311822,196.843999,210.868171,182.819826,0.820732,9.220214,0.044793,0.015290,0.038023,0.087662,-0.031432,-0.005316,-0.219209,0.394392,-0.435204,-0.435204,0.205435,440390.000000,69079902.657600,0.063145
2022-10-19,204.119995,204.119995,195.479996,196.869995,322000,0.000000,0.000000,204.119995,204.119995,195.479996,196.869995,197.218999,207.829000,205.933000,227.502250,199.922873,200.259418,-0.336545,-1.340119,1.003574,47.257521,197.218999,210.795644,183.642353,0.487147,9.301628,0.047248,-0.043578,-0.032770,0.055716,-0.083046,-0.072680,-0.245333,0.423565,-0.459816,-0.459816,0.152905,429680.000000,63392138.390000,0.031311
2022-10-20,193.910004,197.009995,185.759995,186.369995,512600,0.000000,0.000000,193.910004,197.009995,185.759995,186.369995,197.269498,206.562000,205.805300,226.844950,197.837814,199.230571,-1.392757,-1.350647,-0.042110,40.608495,197.269498,210.666743,183.872254,0.093218,9.440797,0.050656,-0.053335,-0.076645,-0.015842,-0.112651,-0.109641,-0.300649,0.463088,-0.488627,-0.488627,0.091415,418860.000000,95533259.437000,-0.009620
2022-10-21,187.429993,189.339996,180.169998,189.250000,695900,0.000000,0.000000,187.429993,189.339996,180.169998,189.250000,197.554999,205.287000,205.721900,226.328300,196.516612,198.491270,-1.974658,-1.475449,-0.499209,42.978317,197.554999,209.924248,185.185749,0.164288,9.421454,0.049783,0.015453,-0.035521,0.020986,-0.104566,-0.086278,-0.291490,0.459709,-0.480724,-0.480724,0.108281,414520.000000,131699075.000000,-0.026235
2022-10-24,190.679993,198.169998,187.779999,194.580002,381200,0.000000,0.000000,190.679993,198.169998,187.779999,194.580002,198.009999,204.248799,205.708700,225.827350,196.218672,198.201546,-1.982874,-1.576934,-0.405940,47.178972,198.009999,209.113782,186.906216,0.345548,9.490636,0.048775,0.028164,-0.040249,0.060150,-0.055941,-0.095229,-0.284132,0.466815,-0.466100,-0.466100,0.139494,405525.000000,74173896.762400,-0.003188
2022-10-25,195.660004,204.580002,195.399994,198.179993,493100,0.000000,0.000000,195.660004,204.580002,195.399994,198.179993,198.305999,203.407399,205.616700,225.404350,196.520414,198.199950,-1.679536,-1.597454,-0.082082,49.865389,198.305999,209.074965,187.537033,0.494150,9.527019,0.048073,0.018501,-0.037213,0.068471,-0.060981,-0.031520,-0.279110,0.469196,-0.456222,-0.456222,0.160576,396610.000000,97722554.548300,0.008274
2022-10-26,199.169998,201.809998,189.300003,198.899994,565500,0.000000,0.000000,199.169998,201.809998,189.300003,198.899994,198.289499,202.603799,205.500499,224.976250,196.886503,198.251805,-1.365302,-1.551024,0.185722,50.408626,198.289499,209.053514,187.525483,0.528358,9.740089,0.048970,0.003633,0.010311,0.034537,-0.150109,0.010876,-0.279531,0.453642,-0.454246,-0.454246,0.164793,401885.000000,112477946.607000,-0.052136
2022-10-27,200.279999,203.720001,188.529999,189.860001,338500,0.000000,0.000000,200.279999,203.720001,188.529999,189.860001,198.049999,201.747599,205.186899,224.529850,195.805503,197.630190,-1.824687,-1.605756,-0.218931,43.966969,198.049999,209.354562,186.745437,0.137757,10.129368,0.053352,-0.045450,0.018726,-0.047031,-0.201766,-0.107465,-0.306802,0.464100,-0.479051,-0.479051,0.111853,396660.000000,64267610.338500,-0.072796
2022-10-28,192.039993,195.779999,187.320007,192.210007,467500,0.000000,0.000000,192.039993,195.779999,187.320007,192.210007,198.160500,200.906599,204.908900,224.075650,195.252350,197.228695,-1.976345,-1.679874,-0.296471,45.902308,198.160500,209.173183,187.147816,0.229835,10.010127,0.052079,0.012378,0.015641,-0.012535,-0.198691,-0.066761,-0.383666,0.459986,-0.472603,-0.472603,0.125615,399215.000000,89858178.272500,-0.096295
2022-10-31,192.369995,202.850006,190.229996,198.860001,568500,0.000000,0.000000,192.369995,202.850006,190.229996,198.860001,198.191000,200.294599,204.820300,223.716450,195.807373,197.349532,-1.542159,-1.652331,0.110172,51.054185,198.191000,209.208105,187.173895,0.530362,10.196547,0.051275,0.034598,0.021996,0.046632,-0.146853,-0.048016,-0.363933,0.466603,-0.454356,-0.454356,0.164558,405965.000000,113051910.568500,-0.036671
2022-11-01,196.729996,208.309998,190.660004,207.320007,875000,0.000000,0.000000,196.729996,208.309998,190.660004,207.320007,198.262000,199.981599,204.862000,223.370050,197.578547,198.088086,-0.509539,-1.423773,0.914234,56.703245,198.262000,209.504291,187.019710,0.902854,10.728937,0.051751,0.042543,0.046120,0.045750,-0.123864,-0.017021,-0.368158,0.465644,-0.431143,-0.431143,0.214102,429300.000000,181405006.125000,0.016433
2022-11-02,205.710007,212.119995,199.419998,199.429993,526600,0.000000,0.000000,205.710007,212.119995,199.419998,199.429993,198.085500,199.570999,204.943900,222.971400,197.863385,198.187486,-0.324101,-1.203838,0.879737,50.813074,198.085500,209.126267,187.044732,0.560888,10.869727,0.054504,-0.038057,0.002665,-0.031423,-0.170424,-0.117137,-0.403904,0.466586,-0.452792,-0.452792,0.167896,442290.000000,105019834.313800,0.002192
2022-11-03,196.059998,198.559998,185.000000,195.000000,473900,0.000000,0.000000,196.059998,198.559998,185.000000,195.000000,197.753999,199.036999,205.080900,222.535450,197.422864,197.951376,-0.528512,-1.068773,0.540261,47.810113,197.753999,208.744685,186.763314,0.374712,11.124031,0.057046,-0.022213,0.027073,-0.039220,-0.192246,-0.106324,-0.434652,0.470204,-0.464947,-0.464947,0.141954,453695.000000,92410500.000000,-0.009382
2022-11-04,198.899994,209.910004,197.830002,209.899994,412200,0.000000,0.000000,198.899994,209.910004,197.830002,209.899994,198.372999,198.579999,205.359500,222.149900,199.342423,198.836459,0.505964,-0.753826,1.259789,57.012215,198.372999,210.629763,186.116235,0.970230,11.394458,0.054285,0.076410,0.092035,0.041016,-0.131676,-0.032407,-0.402675,0.541375,-0.424064,-0.424064,0.229211,450705.000000,86520777.526800,0.039878
2022-11-07,209.710007,221.190002,209.250000,218.820007,468800,0.000000,0.000000,209.710007,221.190002,209.250000,218.820007,199.201499,198.507799,205.691600,221.880300,202.338974,200.316722,2.022252,-0.198610,2.220862,61.400061,199.201499,214.439299,183.963700,1.143745,11.433425,0.052250,0.042496,0.100372,0.107837,-0.071538,0.038144,-0.361799,0.551655,-0.399588,-0.399588,0.281448,459420.000000,102582819.281600,0.082890
2022-11-08,221.039993,225.330002,215.559998,223.000000,577300,0.000000,0.000000,221.039993,225.330002,215.559998,223.000000,200.436499,198.652199,206.167500,221.516150,205.517594,201.996965,3.520629,0.545238,2.975391,63.290984,200.436499,219.006177,181.866821,1.107536,11.314610,0.050738,0.019102,0.075632,0.102596,-0.107000,0.039675,-0.366495,0.549862,-0.388119,-0.388119,0.305926,470305.000000,128737900.000000,0.067145
2022-11-09,218.190002,224.240005,212.949997,214.639999,429200,0.000000,0.000000,218.190002,224.240005,212.949997,214.639999,200.991499,198.636400,206.595300,221.161150,206.921041,202.933486,3.987555,1.233701,2.753854,57.250371,200.991499,220.586900,181.396099,0.848258,11.312852,0.052706,-0.037489,0.076267,0.082400,-0.151621,0.038865,-0.367646,0.563404,-0.411058,-0.411058,0.256969,471815.000000,92123487.570800,0.038267
2022-11-10,228.020004,246.130005,228.020004,245.009995,537600,0.000000,0.000000,228.020004,246.130005,228.020004,245.009995,203.149999,199.399999,207.298799,220.980050,212.780880,206.050264,6.730615,2.333084,4.397532,68.872905,203.149999,230.937271,175.362727,1.253222,12.754078,0.052055,0.141493,0.256462,0.203744,-0.006004,0.194006,-0.264168,0.735014,-0.327727,-0.327727,0.434821,479365.000000,131717373.312000,0.142153
2022-11-11,245.750000,254.139999,244.660004,247.500000,545800,0.000000,0.000000,245.750000,254.139999,244.660004,247.500000,205.713999,200.150399,208.066200,220.886800,218.122283,209.120615,9.001668,3.666801,5.334867,69.602606,205.713999,239.602501,171.825498,1.116522,12.520215,0.050587,0.010163,0.179133,0.226219,0.030177,0.150895,-0.271201,0.732027,-0.320895,-0.320895,0.449403,492955.000000,135085500.000000,0.167647
2022-11-14,244.779999,256.380005,240.240005,254.399994,602800,0.000000,0.000000,244.779999,256.380005,240.240005,254.399994,208.296999,201.114199,208.794499,220.807200,223.703469,212.474643,11.228826,5.179206,6.049620,71.590114,208.296999,248.515059,168.078938,1.073163,12.778771,0.050231,0.027879,0.162599,0.296504,0.064079,0.275380,-0.261881,0.720380,-0.301962,-0.301962,0.489810,506480.000000,153352316.383200,0.209572
2022-11-15,259.619995,265.559998,256.000000,261.589996,451700,0.000000,0.000000,259.619995,265.559998,256.000000,261.589996,211.084499,202.154399,209.503499,220.693750,229.532166,216.112817,13.419348,6.827234,6.592114,73.532146,211.084499,257.790280,164.378718,1.040677,12.663144,0.048408,0.028263,0.173049,0.290273,0.124296,0.261039,-0.239033,0.718861,-0.282234,-0.282234,0.531916,512285.000000,118160201.193200,0.246394
2022-11-16,256.540009,257.109985,246.350006,248.059998,549300,0.000000,0.000000,256.540009,257.109985,246.350006,248.059998,213.643999,203.076199,210.074799,220.435450,232.382601,218.479275,13.903326,8.242453,5.660874,64.585227,213.643999,262.624998,164.662999,0.851320,12.847205,0.051791,-0.051722,0.155703,0.205111,0.058909,0.367852,-0.306746,0.753023,-0.319358,-0.319358,0.452682,523650.000000,136259356.901400,0.196328
2022-11-17,239.779999,241.850006,230.729996,237.009995,444900,0.000000,0.000000,239.779999,241.850006,230.729996,237.009995,216.175999,203.902999,210.636999,220.125500,233.094508,219.851921,13.242587,9.242479,4.000107,58.341769,216.175999,264.451055,167.900943,0.715784,13.167405,0.055556,-0.044546,-0.032652,0.203891,0.032903,0.285373,-0.349678,0.753897,-0.349678,-0.338810,0.387971,520265.000000,105445746.775500,0.155708
2022-11-18,242.660004,243.369995,229.270004,236.429993,430100,0.000000,0.000000,242.660004,243.369995,229.270004,236.429993,218.534998,204.585999,211.163799,219.852650,233.607660,221.079926,12.527733,9.899530,2.628203,58.024698,218.534998,265.871870,171.198127,0.689018,13.234018,0.055974,-0.002447,-0.044727,0.268605,0.060367,0.260624,-0.333042,0.719946,-0.351269,-0.340429,0.384575,506975.000000,101688539.989300,0.160153
2022-11-21,235.009995,237.970001,233.369995,234.820007,166300,0.000000,0.000000,235.009995,237.970001,233.369995,234.820007,220.546999,205.121399,211.631999,219.607600,233.794175,222.097710,11.696464,10.258917,1.437547,57.097082,220.546999,267.009432,174.084566,0.653597,12.617303,0.053732,-0.006810,-0.076965,0.240793,0.067558,0.232263,-0.344920,0.722858,-0.355687,-0.328702,0.375146,496230.000000,39050567.164100,0.177142
2022-11-22,235.279999,237.440002,228.740005,230.830002,190100,0.000000,0.000000,235.279999,237.440002,228.740005,230.830002,222.179499,205.803799,212.071999,219.372450,233.338148,222.744547,10.593601,10.325854,0.267747,54.760615,222.179499,267.615991,176.743008,0.595193,12.337495,0.053448,-0.016992,-0.117589,0.186299,0.041182,0.249553,-0.340109,0.726485,-0.366635,-0.330792,0.351780,481080.000000,43880783.380200,0.142305
2022-11-23,230.350006,238.600006,229.039993,236.449997,234300,0.000000,0.000000,230.350006,238.600006,229.039993,236.449997,224.056999,206.651399,212.522099,219.136400,233.816894,223.759765,10.057129,10.272109,-0.214980,57.404581,224.056999,268.536366,179.577633,0.639312,12.139104,0.051339,0.024347,-0.046803,0.193107,0.015897,0.271237,-0.314499,0.727716,-0.351214,-0.313384,0.384692,464520.000000,55400234.297100,0.123019
2022-11-25,232.330002,238.210007,232.330002,236.770004,145200,0.000000,0.000000,232.330002,238.210007,232.330002,236.770004,226.402499,207.596799,212.938699,218.868350,234.271219,224.723487,9.547732,10.127234,-0.579501,57.556690,226.402499,268.152697,184.652302,0.624161,11.692025,0.049381,0.001353,-0.001013,0.190397,0.064470,0.206287,-0.312455,0.727987,-0.350336,-0.297481,0.386566,454855.000000,34379004.580800,0.139859
2022-11-28,233.300003,237.729996,226.410004,227.449997,276300,0.000000,0.000000,233.300003,237.729996,226.410004,227.449997,228.164499,208.442399,213.186999,218.604850,233.221800,224.925450,8.296350,9.761057,-1.464707,51.759407,228.164499,266.688594,189.640404,0.490727,11.665451,0.051288,-0.039363,-0.037982,0.197988,0.054083,0.142161,-0.322723,0.722504,-0.375909,-0.325134,0.331986,445295.000000,62844434.171100,0.134645
2022-11-29,230.000000,237.320007,226.639999,234.419998,405000,0.000000,0.000000,230.000000,237.320007,226.639999,234.419998,229.942499,209.345799,213.481399,218.453400,233.406138,225.628750,7.777388,9.364323,-1.586935,55.379074,229.942499,265.973640,193.911357,0.562134,11.595063,0.049463,0.030644,-0.001703,0.219604,0.088149,0.186396,-0.300427,0.726153,-0.356784,-0.304454,0.372804,437120.000000,94940099.190000,0.163833
2022-11-30,232.199997,244.550003,230.800003,243.589996,456700,0.000000,0.000000,232.199997,244.550003,230.800003,243.589996,231.755998,210.487999,213.869899,218.327250,234.972885,226.959213,8.013673,9.094193,-1.080520,59.666913,231.755998,266.625247,196.886750,0.669691,11.748987,0.048233,0.039118,0.055279,0.224932,0.177730,0.243441,-0.264479,0.728213,-0.331623,-0.277245,0.426505,416205.000000,111247551.173200,0.207199
2022-12-01,231.929993,238.919998,228.759995,237.759995,687900,0.000000,0.000000,231.929993,238.919998,228.759995,237.759995,233.672498,211.455799,214.177799,218.130900,235.401672,227.759271,7.642401,8.803834,-1.161434,55.983551,233.672498,265.104880,202.240117,0.565020,11.969059,0.050341,-0.023934,0.005540,0.146826,0.132298,0.146494,-0.247952,0.727968,-0.347620,-0.294544,0.392364,424270.000000,163555100.560500,0.157981
2022-12-02,235.070007,241.199997,230.660004,237.720001,403600,0.000000,0.000000,235.070007,241.199997,230.660004,237.720001,235.808498,212.502999,214.625499,217.945750,235.758338,228.497103,7.261235,8.495315,-1.234080,55.958031,235.808498,261.447878,210.169119,0.537277,11.866983,0.049920,-0.000168,0.004012,0.191997,0.152805,0.129204,-0.255403,0.709689,-0.347729,-0.294662,0.392129,420755.000000,95943792.403600,0.167367
2022-12-05,233.070007,236.770004,226.360001,229.080002,340000,0.000000,0.000000,233.070007,236.770004,226.360001,229.080002,236.767499,213.413799,214.969399,217.751300,234.730901,228.540280,6.190621,8.034376,-1.843755,50.592492,236.767499,259.608703,213.926294,0.331719,11.830770,0.051645,-0.036345,0.007166,0.174769,0.093043,0.035530,-0.281137,0.719223,-0.371436,-0.320298,0.341532,417145.000000,77887200.680000,0.119459
2022-12-06,229.720001,231.559998,223.539993,229.160004,354300,0.000000,0.000000,229.720001,231.559998,223.539993,229.160004,237.284499,214.287399,215.304299,217.557400,233.873840,228.586186,5.287654,7.485032,-2.197377,50.639688,237.284499,258.847570,215.721427,0.311611,11.558572,0.050439,0.000349,-0.022438,0.091758,0.134624,0.041589,-0.281202,0.675876,-0.371217,-0.320061,0.342001,411420.000000,81191389.417200,0.200518
2022-12-07,227.490005,233.300003,225.820007,227.360001,279300,0.000000,0.000000,227.490005,233.300003,225.820007,227.360001,237.502499,214.989399,215.590299,217.408850,232.871711,228.495357,4.376354,6.863296,-2.486942,49.494126,237.502499,258.539243,216.465754,0.258934,11.267246,0.049557,-0.007855,-0.066628,0.039027,0.161956,0.094550,-0.321921,0.663082,-0.376156,-0.325401,0.331459,396520.000000,63501648.279300,0.238130
2022-12-08,228.520004,232.139999,224.850006,227.490005,332900,0.000000,0.000000,228.520004,232.139999,224.850006,227.490005,238.144999,215.554599,215.771200,217.265000,232.043756,228.420887,3.622870,6.215211,-2.592341,49.582836,238.144999,256.903222,219.386776,0.215991,10.983156,0.048280,0.000572,-0.043195,0.020135,0.124629,0.119813,-0.311346,0.660380,-0.375799,-0.325016,0.332221,391705.000000,75731422.664500,0.209692
2022-12-09,225.259995,231.080002,222.330002,228.320007,336500,0.000000,0.000000,225.259995,231.080002,222.330002,228.320007,237.310500,216.228000,215.929200,217.084150,231.470872,228.413414,3.057458,5.583660,-2.526202,50.184432,237.310500,256.266746,218.354254,0.262862,10.823645,0.047406,0.003649,-0.039542,0.063735,0.097429,0.193892,-0.307765,0.644782,-0.373522,-0.322553,0.337081,381650.000000,76829682.355500,0.200294
2022-12-12,228.589996,238.339996,226.139999,237.520004,379800,0.000000,0.000000,228.589996,238.339996,226.139999,237.520004,236.811500,217.178400,216.157400,216.899350,232.401508,229.087976,3.313531,5.129634,-1.816103,56.395301,236.811500,255.153855,218.469145,0.519313,10.921956,0.045983,0.040294,0.036843,-0.030570,0.207463,0.310094,-0.277418,0.432703,-0.348278,-0.295256,0.390958,373350.000000,90210097.519200,0.249568
2022-12-13,261.359985,261.359985,232.559998,235.479996,410100,0.000000,0.000000,261.359985,261.359985,232.559998,235.479996,235.865500,217.923000,216.411900,216.640600,232.875121,229.561459,3.313662,4.766440,-1.452778,54.764812,235.865500,252.233755,219.497245,0.488224,12.198958,0.051805,-0.008589,0.027579,-0.048566,0.213377,0.293562,-0.277647,0.431415,-0.353876,-0.301308,0.379011,363715.000000,96570346.359600,0.252872
2022-12-14,234.020004,243.830002,233.550003,238.889999,415500,0.000000,0.000000,234.020004,243.830002,233.550003,238.889999,234.730500,218.582800,216.687300,216.418700,233.800487,230.252462,3.548025,4.522757,-0.974732,57.002628,234.730500,245.915568,223.545432,0.685940,12.061890,0.050491,0.014481,0.050713,-0.060967,0.260633,0.287053,-0.255121,0.422114,-0.344519,-0.291191,0.398981,361905.000000,99258794.584500,0.293654
2022-12-15,234.410004,238.699997,226.979996,230.610001,502800,0.000000,0.000000,234.410004,238.699997,226.979996,230.610001,233.858000,219.135800,216.932300,216.132800,233.309643,230.278947,3.030696,4.224345,-1.193648,50.473283,233.858000,243.242536,224.473464,0.326949,12.051040,0.052257,-0.034660,0.013715,-0.118430,0.245396,0.314691,-0.296041,0.420323,-0.367238,-0.315758,0.350492,359580.000000,115950708.502800,0.301113
2022-12-16,225.229996,231.220001,223.729996,229.149994,626900,0.000000,0.000000,225.229996,231.220001,223.729996,229.149994,233.465000,219.686199,217.113299,215.877250,232.669697,230.195320,2.474376,3.874351,-1.399975,49.398797,233.465000,242.951516,223.978484,0.272572,11.725252,0.051168,-0.006331,0.003635,-0.076232,0.210832,0.333353,-0.263136,0.385609,-0.371244,-0.320090,0.341942,368680.000000,143654131.238600,0.282753
2022-12-19,230.850006,231.100006,219.130005,222.330002,351200,0.000000,0.000000,230.850006,231.100006,219.130005,222.330002,232.760001,220.182399,216.996299,215.665400,231.078975,229.612704,1.466270,3.392735,-1.926465,44.620362,232.760001,243.350244,222.169757,0.007566,11.742734,0.052817,-0.029762,-0.063953,-0.061938,0.192246,0.272930,-0.271121,0.368810,-0.389957,-0.340326,0.302003,364735.000000,78082296.702400,0.269184
2022-12-20,219.520004,222.669998,215.570007,217.690002,224200,0.000000,0.000000,219.520004,222.669998,215.570007,217.690002,231.903500,220.491199,216.794699,215.526450,229.019133,228.729541,0.289592,2.772106,-2.482515,41.667231,231.903500,244.392800,219.414201,-0.069027,11.411110,0.052419,-0.020870,-0.075548,-0.079262,0.149549,0.274830,-0.277929,0.374082,-0.402689,-0.354093,0.274830,367630.000000,48806098.448400,0.209537
2022-12-21,216.600006,221.809998,215.529999,219.660004,293800,0.000000,0.000000,216.600006,221.809998,215.529999,219.660004,231.345000,220.918399,216.592600,215.363550,227.579267,228.057724,-0.478457,2.121994,-2.600450,43.380590,231.345000,244.982640,217.707361,0.071590,11.044602,0.050280,0.009050,-0.080497,-0.064560,0.185045,0.209781,-0.302711,0.376427,-0.397284,-0.348248,0.286367,372815.000000,64536109.175200,0.217344
2022-12-22,215.729996,215.750000,209.259995,213.309998,203600,0.000000,0.000000,215.729996,215.750000,209.259995,213.309998,230.188000,221.113799,216.394800,215.081400,225.383995,226.965299,-1.581305,1.381334,-2.962639,39.366771,230.188000,245.787306,214.588695,-0.040986,10.998559,0.051561,-0.028908,-0.075018,-0.075900,0.162199,0.118622,-0.320149,0.384228,-0.414707,-0.367089,0.249180,371280.000000,43429915.592800,0.198251
2022-12-23,213.669998,218.229996,211.449997,214.350006,178400,0.000000,0.000000,213.669998,218.229996,211.449997,214.350006,229.067001,221.364000,216.172000,214.814200,223.686458,226.030833,-2.344375,0.636192,-2.980567,40.340392,229.067001,245.851978,212.282023,0.061602,10.697234,0.049905,0.004876,-0.064586,-0.093466,0.155650,0.122663,-0.337465,0.372197,-0.411853,-0.364003,0.255271,372940.000000,38240041.070400,0.183889
2022-12-27,212.809998,214.839996,209.320007,211.440002,216100,0.000000,0.000000,212.809998,214.839996,209.320007,211.440002,228.266501,221.668400,215.882400,214.564650,221.802388,224.950031,-3.147643,-0.120575,-3.027068,38.478564,228.266501,246.811036,209.721966,0.046322,10.327431,0.048843,-0.013576,-0.048981,-0.106981,0.099761,0.169534,-0.365140,0.372882,-0.419838,-0.372637,0.238229,369930.000000,45692184.432200,0.143740
2022-12-28,210.830002,212.380005,205.589996,208.190002,204000,0.000000,0.000000,210.830002,212.380005,205.589996,208.190002,226.955001,221.777400,215.550200,214.350450,219.708175,223.708547,-4.000373,-0.896535,-3.103838,36.454937,226.955001,247.290728,206.619274,0.038620,10.074758,0.048392,-0.015371,-0.043640,-0.084678,0.044973,0.133007,-0.369484,0.353891,-0.428756,-0.382281,0.219197,359880.000000,42470760.408000,0.120831
2022-12-29,210.000000,217.240005,207.259995,213.919998,198500,0.000000,0.000000,210.000000,217.240005,207.259995,213.919998,225.471501,221.939000,215.272100,214.126100,218.817686,222.983470,-4.165784,-1.550384,-2.615399,42.224113,225.471501,245.010915,205.932087,0.204405,10.067990,0.047064,0.027523,-0.026131,-0.087450,0.098998,0.137872,-0.362213,0.350191,-0.413033,-0.365279,0.252752,346970.000000,42463119.603000,0.123158
2022-12-30,210.020004,214.160004,207.220001,209.679993,219300,0.000000,0.000000,210.020004,214.160004,207.220001,209.679993,224.067501,222.195200,215.012100,213.771600,217.411887,221.998027,-4.586140,-2.157535,-2.428604,39.375370,224.067501,243.921901,204.213101,0.137675,9.844562,0.046950,-0.019821,-0.017018,-0.139209,0.103579,0.122304,-0.370028,0.316392,-0.424667,-0.377860,0.227922,323540.000000,45982822.464900,0.113899
